5.779618900283570110e+04 nan nan nan nan
5.769031072403940198e+04 7.552864408951813857e+01 2.826106983901686132e-01 6.831928174565071732e-01 3.419648415332422059e-02
5.769031259791670163e+04 7.511925731232034309e+01 2.775497497511007494e-01 6.891070910359544666e-01 3.334315921294465912e-02
5.769031447164349811e+04 8.275350734386968554e+01 3.385150718470333886e-01 6.206143447219090170e-01 4.087058343105761521e-02
5.771118339418980031e+04 nan nan nan nan
5.771118526806709997e+04 nan nan nan nan
5.771118714638889651e+04 nan nan nan nan
5.773228721622689773e+04 4.556437127901890705e+01 1.478010040851164830e-01 8.264990835845922312e-01 2.569991233029125105e-02
5.773228908994210360e+04 4.684334166133822919e+01 1.588880981931556913e-01 8.130113639169899153e-01 2.810053788985446624e-02
5.773229096026619663e+04 4.810501049856686961e+01 1.597624532480216020e-01 8.132976174920856227e-01 2.693992925989278572e-02
5.775314820968749700e+04 6.145058792572732642e+01 2.329541273364535148e-01 7.319451246849747461e-01 3.510074797857164891e-02
5.775315010799770243e+04 8.324339562634004608e+01 4.285750547142499478e-01 5.066835819487250925e-01 6.474136333702491808e-02
5.775315198055560177e+04 6.709626703944429948e+01 2.920270244380324676e-01 6.617053719028889169e-01 4.626760365907859468e-02
5.777425201861109963e+04 nan nan nan nan
5.777425391638890142e+04 4.610529150901088258e+01 1.481780023471267194e-01 8.265933736886278416e-01 2.522862396424531764e-02
5.777425581326390238e+04 nan nan nan nan
5.779619095310189732e+04 nan nan nan nan
5.779619282559029671e+04 nan nan nan nan
5.781811904589120240e+04 nan nan nan nan
5.781812119759259804e+04 nan nan nan nan
5.781812314596059878e+04 nan nan nan nan
5.781815539165509836e+04 nan nan nan nan
5.781815728885419958e+04 nan nan nan nan
5.781815918607640197e+04 nan nan nan nan
5.785903624081020098e+04 nan nan nan nan
5.785903812146990094e+04 nan nan nan nan
5.785904001693290047e+04 nan nan nan nan
5.797234897155089857e+04 7.788953494027491331e+01 2.945790844270093078e-01 6.704849113446705866e-01 3.493600422832015412e-02
5.797235084578699752e+04 6.299007952485843731e+01 1.892964493014717142e-01 7.886454426681012153e-01 2.205810803042711210e-02
5.797235274172449863e+04 5.521291149920728714e+01 1.523761955665347834e-01 8.290209070151890458e-01 1.860289741827615348e-02
5.799337591884259746e+04 7.134346783754621413e+01 2.243427432854177561e-01 7.515058040294099184e-01 2.415145268517232199e-02
5.799337779287040030e+04 6.326615940565550034e+01 1.741610979075473020e-01 8.073297296271323420e-01 1.850917246532033864e-02
5.799337969240739767e+04 6.356643937022761293e+01 1.767699433299511902e-01 8.043419376126577092e-01 1.888811905739115268e-02
5.801736399829859874e+04 6.943362689384773034e+01 2.347783835515878659e-01 7.372959111509547192e-01 2.792570529745744615e-02
5.801736587087959924e+04 7.356813020585707363e+01 2.620012461375109680e-01 7.070206440893224142e-01 3.097810977316661774e-02
5.801736777380789863e+04 6.155080748650227918e+01 1.814566964715210728e-01 7.973154477984057964e-01 2.122785573007307178e-02
5.804736936814810178e+04 9.356246318376253157e+01 4.613516067853512537e-01 4.792617991440582537e-01 5.938659407059036083e-02
5.804737124311339721e+04 1.212423902329847891e+02 7.741847698287210866e-01 1.262270252136883097e-01 9.958820495759065916e-02
5.804737313887730124e+04 7.190773343829124542e+01 2.741972962848723827e-01 6.902884434077243281e-01 3.551426030740321288e-02
5.806827565997689817e+04 1.201837021028342321e+02 7.897874334500252225e-01 1.047357727449685222e-01 1.054767938050061998e-01
5.806827755928239640e+04 6.301928824926427097e+01 2.155321939809410892e-01 7.558981541212650423e-01 2.856965189779382339e-02
5.806827943190970109e+04 7.250558811271170612e+01 2.841509840889274163e-01 6.783359114206451990e-01 3.751310449042744716e-02
5.808933284642359649e+04 nan nan nan nan
5.808933477025460161e+04 nan nan nan nan
5.808933664172449789e+04 nan nan nan nan
