5.806827619799999957e+04 1.656552391425631470e+02 1.313388877234266949e-01 1.030032939458387468e-02 8.583607828819894703e-01
5.804736989799999719e+04 1.661281010219494476e+02 1.307305187014130010e-01 2.367660065793817520e-02 8.455928806406488585e-01
5.771118394999999873e+04 7.854045500227796595e+01 6.425049276252557673e-02 2.193162907587830820e-02 9.138178781615960977e-01
5.769031127399999968e+04 1.936745185093910493e+02 1.518850596669808206e-01 8.309481952541880947e-03 8.398054583804772655e-01
5.801736454599999706e+04 1.799204937105647844e+02 1.417560846736492797e-01 1.059560389291791180e-02 8.476483114334328883e-01
5.799337645599999814e+04 1.813768359744693441e+02 1.426852766727032540e-01 1.225338934277555615e-02 8.450613339845212124e-01
5.797234950799999933e+04 1.652961056253991501e+02 1.312249327489481421e-01 8.175694960087123361e-03 8.605993722909647259e-01
5.781811958400000003e+04 1.253487448554778325e+02 1.015495689905263066e-01 2.240524232759054900e-03 8.962099067767147487e-01
5.779618955399999686e+04 1.314447164835840738e+02 1.060369327486197638e-01 5.331787888046210511e-03 8.886312793633339702e-01
5.777425257399999828e+04 1.199590436730580194e+02 9.738392720151034521e-02 2.699748971481025477e-03 8.999163238270085907e-01
5.775314875400000165e+04 1.589231548234731690e+02 1.266833074655401570e-01 5.639899156953788809e-03 8.676767933775060282e-01
5.773228775399999722e+04 1.430326013868947541e+02 1.148130826890365885e-01 5.341793656395091121e-03 8.798451236545683507e-01
5.781815592199999810e+04 1.216485372473704274e+02 9.801500433863527539e-02 1.551325545363526313e-02 8.864717402077294528e-01
