5.779618900283570110e+04 1.062151970533766416e+02 1.906744260092779197e-01 8.014544054085116498e-01 7.871168582210420067e-03
5.769031072403940198e+04 2.483363838865582238e+02 7.331417418027421640e-01 2.455708481822926059e-01 2.128741001496521970e-02
5.769031259791670163e+04 2.744189641020527120e+02 9.185830345078223047e-01 5.404939559302202046e-02 2.736756989915565402e-02
5.769031447164349811e+04 1.871811535097948251e+02 4.159640403747411064e-01 5.719740804346037377e-01 1.206187919065509692e-02
5.771118339418980031e+04 7.542461323272239326e+01 1.881364018313950726e-01 7.966669740756722184e-01 1.519662409293266389e-02
5.771118526806709997e+04 7.789056302849185442e+01 1.719717996585321262e-01 8.161220209185900964e-01 1.190617942287773394e-02
5.771118714638889651e+04 9.093818381893935054e+01 1.930779665152007052e-01 7.959116989001151499e-01 1.101033458468416576e-02
5.773228721622689773e+04 1.637833692129508165e+02 4.931904223172136614e-01 4.846624554019197673e-01 2.214712228086655049e-02
5.773228908994210360e+04 1.202538892833670872e+02 2.726152877189124690e-01 7.148322250747480844e-01 1.255248720633939975e-02
5.773229096026619663e+04 1.495490950547371085e+02 4.173881821152546912e-01 5.635861305697624779e-01 1.902568731498284829e-02
5.775314820968749700e+04 1.797789928389362899e+02 5.162967490117075231e-01 4.635591202384118370e-01 2.014413074988060173e-02
5.775315010799770243e+04 1.428794413237517062e+02 3.324608879796634997e-01 6.543149162092409821e-01 1.322419581109555986e-02
5.775315198055560177e+04 1.436302427528886199e+02 3.336459054372391542e-01 6.531743362305926226e-01 1.317975833216816946e-02
5.777425201861109963e+04 8.814498473224341524e+01 1.574184740329671872e-01 8.347914118520604054e-01 7.790114114972491489e-03
5.777425391638890142e+04 8.529372274449114855e+01 1.473275389300935379e-01 8.453852497276640454e-01 7.287211342242329130e-03
5.777425581326390238e+04 7.900367606930682030e+01 1.272118003179481815e-01 8.664555154182311814e-01 6.332684263820741177e-03
5.779619095310189732e+04 7.443106842447423332e+01 9.416397440447088485e-02 9.019268183779587389e-01 3.909207217570489015e-03
5.779619282559029671e+04 7.304226322490528389e+01 8.897769870599332720e-02 9.073978561394574482e-01 3.624445154549296114e-03
5.781811904589120240e+04 1.034098771254988804e+02 2.119338760588818649e-01 7.778071398853050322e-01 1.025898405581307862e-02
5.781812119759259804e+04 nan nan nan nan
5.781812314596059878e+04 nan nan nan nan
5.781815539165509836e+04 1.521824965570236259e+02 4.756527271398151013e-01 5.004868459198067443e-01 2.386042694037809886e-02
5.781815728885419958e+04 1.710695571298022344e+02 6.287365320007275438e-01 3.382706382957385016e-01 3.299282970353404482e-02
5.781815918607640197e+04 1.021442877227543420e+02 2.226508726045499098e-01 7.657440438471067035e-01 1.160508354834335204e-02
5.785903624081020098e+04 nan nan nan nan
5.785903812146990094e+04 nan nan nan nan
5.785904001693290047e+04 nan nan nan nan
5.797234897155089857e+04 8.921282617807986526e+01 1.018060386871583595e-01 8.950132802721334491e-01 3.180681040708299885e-03
5.797235084578699752e+04 9.493794894607398760e+01 1.168879741056084443e-01 8.794095894668346736e-01 3.702436427557024862e-03
5.797235274172449863e+04 9.277853076946483668e+01 1.103289348214044063e-01 8.862171512883159075e-01 3.453913890279848402e-03
5.799337591884259746e+04 2.633167295851015979e+02 7.767209017353912115e-01 2.020270537660439070e-01 2.125204449856485378e-02
5.799337779287040030e+04 2.602472432562026938e+02 7.675738375259656410e-01 2.111792568678102222e-01 2.124690560622421662e-02
5.799337969240739767e+04 2.196913217474946691e+02 5.474359768899638157e-01 4.373981120679295009e-01 1.516591104210667819e-02
5.801736399829859874e+04 1.701442742591378305e+02 3.409175375141254016e-01 6.492764679868303634e-01 9.805994499044293905e-03
5.801736587087959924e+04 1.543842862930066815e+02 2.803626669692205198e-01 7.115824022384571457e-01 8.054930792322471597e-03
5.801736777380789863e+04 1.764848910113092870e+02 3.615698392262326477e-01 6.281784353187075398e-01 1.025172545505988013e-02
5.804736936814810178e+04 1.654206564757838294e+02 3.467522268087444015e-01 6.425156246627263812e-01 1.073214852852915659e-02
5.804737124311339721e+04 1.607924426337620787e+02 3.272624693360902670e-01 6.626196680607119305e-01 1.011786260319790486e-02
5.804737313887730124e+04 1.931821706987847449e+02 4.762909192114416768e-01 5.088620996595233370e-01 1.484698112903508858e-02
5.806827565997689817e+04 1.710723685158990861e+02 4.028864353453766034e-01 5.835668746900009030e-01 1.354668996462260987e-02
5.806827755928239640e+04 2.274821624048094293e+02 7.154796840323383034e-01 2.603586122665323410e-01 2.416170370112925153e-02
5.806827943190970109e+04 2.117202089361743162e+02 6.246057062959390338e-01 3.541366607358421015e-01 2.125763296821889595e-02
5.808933284642359649e+04 2.453023051445965734e+02 8.936142289459492183e-01 7.397237550358974623e-02 3.241339555046094528e-02
5.808933477025460161e+04 1.793040956977838221e+02 4.730420665740986963e-01 5.099580186661841763e-01 1.699991475971720720e-02
5.808933664172449789e+04 1.356882956418033075e+02 2.716124273393059618e-01 7.186007406070816783e-01 9.786832053612287002e-03
