5.822404826999999932e+04 2.961160341931503126e+01 1.362553508686573621e-02 9.861210646852286432e-01 2.534002279056378091e-04
5.804736936814810178e+04 4.654578114426664115e+01 2.229331868518443643e-02 9.774321369592042785e-01 2.745443556110618031e-04
5.822404636932870199e+04 3.030654119014862147e+01 1.402010161037669025e-02 9.857237726114598253e-01 2.561257781633440966e-04
5.806827755928239640e+04 4.349178497832883039e+01 2.064002591550077523e-02 9.790904300471879873e-01 2.695440373111038929e-04
5.769031072403940198e+04 5.607737087623971206e+01 2.873859154669378482e-02 9.709470831170561311e-01 3.143253362501661216e-04
5.808933284642359649e+04 2.331918555350865674e+01 6.182856746777776365e-03 9.937330085186010242e-01 8.413473462122893806e-05
5.777425201861109963e+04 3.077572170654095984e+01 1.471478425337333779e-02 9.850116164210404035e-01 2.735993255860592736e-04
5.821600167568289908e+04 3.603259521681152222e+01 1.706929483602339509e-02 9.826621312729737490e-01 2.685738910026551525e-04
5.799337779287040030e+04 5.377426542238602281e+01 2.676876383804373954e-02 9.729346633215741891e-01 2.965728403820731135e-04
5.811016035240740166e+04 4.456915497299004159e+01 2.297762878822976959e-02 9.767042699915674531e-01 3.181012202027991872e-04
5.773228908994210360e+04 3.492282468971762199e+01 1.713766798171337258e-02 9.825741224208386360e-01 2.882095974480638318e-04
5.771118339418980031e+04 1.328792490178825858e+01 4.910943545244655928e-03 9.949255860001682272e-01 1.634704545871575271e-04
5.769031447164349811e+04 5.660584261149074337e+01 2.869823808000971505e-02 9.709941439751617054e-01 3.076179448285646626e-04
5.833533987771990360e+04 2.181790473769963867e+01 7.652377560412719840e-03 9.922003944391813990e-01 1.472280004059048093e-04
5.817406241802080331e+04 1.811703330181790861e+01 4.525491660985159377e-03 9.953998323316768371e-01 7.467600733805240820e-05
5.801736587087959924e+04 5.515136131281265364e+01 2.774929756849493431e-02 9.719477215451072238e-01 3.029808863978144715e-04
5.781812314596059878e+04 1.522487840195987374e+01 3.814656611415359350e-03 9.961102110424024936e-01 7.513234618218630893e-05
5.775314820968749700e+04 4.025237118718229112e+01 2.056088669792663012e-02 9.791268474754510898e-01 3.122658266222204273e-04
5.781812119759259804e+04 1.493653717405016046e+01 3.752275040268939019e-03 9.961721960530987019e-01 7.552890663230251681e-05
5.821599978011570056e+04 3.615456638332786099e+01 1.718205727577058750e-02 9.825476416775641431e-01 2.703010466650908718e-04
5.781815539165509836e+04 1.455179428115788554e+01 3.965253297755881763e-03 9.959458813444006520e-01 8.886535784349840108e-05
5.811016409763890260e+04 4.362532269738675694e+01 2.232530421483985839e-02 9.773612653374116332e-01 3.134304477485562890e-04
5.819507230849540065e+04 3.468515953758986115e+01 1.699887163313188593e-02 9.827136689681276183e-01 2.874593987404421404e-04
5.822404446969910350e+04 3.071778288278693481e+01 1.424130756317417389e-02 9.855014493479437032e-01 2.572430888821039779e-04
5.806827565997689817e+04 4.288481376135251111e+01 2.028601560273021048e-02 9.794461846451827380e-01 2.677997520869670198e-04
5.781815918607640197e+04 1.418720072517690056e+01 3.848796550720129904e-03 9.960631228623840761e-01 8.808058689579507548e-05
5.797235084578699752e+04 2.283387764572237444e+01 5.918906845203819947e-03 9.940006762436490728e-01 8.041691114706992665e-05
5.779619095310189732e+04 1.725485597255939041e+01 4.865146024354134041e-03 9.950397074794922192e-01 9.514649615372860276e-05
5.777425581326390238e+04 3.060308884468790325e+01 1.457149518015836767e-02 9.851571725644633348e-01 2.713322553782490350e-04
5.806827943190970109e+04 4.420795036840485182e+01 2.124176524158428309e-02 9.784819199460641492e-01 2.763148123514175226e-04
5.821599788078699930e+04 3.536828538981528425e+01 1.649230289367049213e-02 9.832474665386091717e-01 2.602305677201856076e-04
5.804737124311339721e+04 4.642228449772297694e+01 2.227763874611664308e-02 9.774467423420774015e-01 2.756189118058744456e-04
5.819507041040509648e+04 3.367352193729783494e+01 1.615878992932833977e-02 9.835656195323432271e-01 2.755905383283744270e-04
5.815306079493059951e+04 4.158248767532918322e+01 2.145233803824321897e-02 9.782291307119069801e-01 3.185312498499110411e-04
5.833534175256940216e+04 2.258182700123219888e+01 7.968980865803469357e-03 9.918819762887789437e-01 1.490428454175282203e-04
5.819507418067129765e+04 3.394345806337290838e+01 1.634104209608538971e-02 9.833815805219559003e-01 2.773773819585693035e-04
5.781811904589120240e+04 1.487669472793881376e+01 3.887221593825904414e-03 9.960310657342741347e-01 8.171267190004315086e-05
5.813226355444439832e+04 3.581523269676759469e+01 1.819527545771654556e-02 9.814958334160451825e-01 3.088911262382649527e-04
5.808933664172449789e+04 2.356628946604371322e+01 6.206114002855402101e-03 9.937108854797754853e-01 8.300051736910350308e-05
5.804737313887730124e+04 4.600638544222897508e+01 2.173726288038958787e-02 9.779955612664482656e-01 2.671758531621663238e-04
5.785903812146990094e+04 nan nan nan nan
5.779619282559029671e+04 1.734400010991543795e+01 4.803885912713124623e-03 9.951042997399394130e-01 9.181434734744786804e-05
5.815306454024309642e+04 4.055858547128953262e+01 2.067094874483145495e-02 9.790181811664379063e-01 3.108700887306598470e-04
5.771118714638889651e+04 1.896874762871037490e+01 7.015004231689784576e-03 9.928213132588172840e-01 1.636825094929538849e-04
5.773228721622689773e+04 3.546100442896418059e+01 1.731527904708371132e-02 9.823993691366185166e-01 2.853518162977871633e-04
5.785904001693290047e+04 7.602870395371328804e+00 3.703177501013105773e-03 9.960128883680731127e-01 2.839341309136831151e-04
5.777425391638890142e+04 3.024208462710252476e+01 1.424085858047016186e-02 9.854937587150166545e-01 2.653827045131398172e-04
5.797234897155089857e+04 2.243442834358090465e+01 5.678332212491387677e-03 9.942449960515139518e-01 7.667173599465012461e-05
5.775315198055560177e+04 4.017950341770372802e+01 2.051606185973761654e-02 9.791719036599867421e-01 3.120344802756273069e-04
5.801736399829859874e+04 5.460389536003727784e+01 2.769625917057490574e-02 9.719958344446382181e-01 3.079063847869209568e-04
5.785903624081020098e+04 nan nan nan nan
5.797235274172449863e+04 2.373521429258097015e+01 6.262315391158109444e-03 9.936543726634691209e-01 8.331194537278588906e-05
5.815306266768519708e+04 4.049654528165767431e+01 2.056245583065745633e-02 9.791289855158411548e-01 3.085586535014439406e-04
5.808933477025460161e+04 2.270289254522275968e+01 5.930127146374207341e-03 9.939882166208202641e-01 8.165623280556432849e-05
5.769031259791670163e+04 5.513311497980629383e+01 2.801254039810397584e-02 9.716784986120883261e-01 3.089609898077252535e-04
5.813226167937499849e+04 3.599070563875792317e+01 1.829331640293201805e-02 9.813974918551765514e-01 3.091917418913625267e-04
5.773229096026619663e+04 3.670022440315115375e+01 1.824928892935966454e-02 9.814547884449198456e-01 2.959226257204274611e-04
5.799337591884259746e+04 5.449572750462476023e+01 2.730103104507402428e-02 9.723985987123253683e-01 3.003702426005947770e-04
5.801736777380789863e+04 5.510049596854950948e+01 2.776622594038382144e-02 9.719298630680144324e-01 3.039109916018482220e-04
5.817406429171300260e+04 1.772792433653213351e+01 4.439205801346488185e-03 9.954857497628564200e-01 7.504443579713443121e-05
5.775315010799770243e+04 4.034972492957312085e+01 2.075433671852357567e-02 9.789290272912735125e-01 3.166359902029883505e-04
5.833534362420139951e+04 2.166117486272665715e+01 7.645307243300731616e-03 9.922056023886631770e-01 1.490903680359917892e-04
5.781815728885419958e+04 1.437439863080856917e+01 3.933178841152761875e-03 9.959772162636337800e-01 8.960489521349273624e-05
5.817406618748840265e+04 1.764378101161426926e+01 4.390732307068464894e-03 9.955351512924534019e-01 7.411640047820831434e-05
5.799337969240739767e+04 5.366896864897019981e+01 2.684709957678337727e-02 9.728534175678974494e-01 2.994828553191639141e-04
5.811016222625000228e+04 4.365007129212597192e+01 2.215906139719749091e-02 9.775325086666775132e-01 3.084299361249645305e-04
5.779618900283570110e+04 1.821694996401428313e+01 5.131285451116472489e-03 9.947737580407105540e-01 9.495650817298112933e-05
5.771118526806709997e+04 1.498790209389212258e+01 5.313443841662323329e-03 9.945361400972360100e-01 1.504160611017098237e-04
