5.797235326799999893e+04 4.594535476949699273e+02 3.800887078761177595e-01 2.182996886917173626e-02 5.980813232547105285e-01
5.815306508800000302e+04 3.791966099111313611e+02 2.867264100502648350e-01 2.136073272879242535e-01 4.996662626618110226e-01
5.804737367800000357e+04 4.527252438430978714e+02 3.602022910030199809e-01 8.657876477131636050e-02 5.532189442256635337e-01
5.781812369000000035e+04 3.873819547253077644e+02 3.113863291868706473e-01 1.239448140577957269e-01 5.646688567553336258e-01
5.808933719199999905e+04 4.341716667450878617e+02 3.443125986353122170e-01 1.060751621654524024e-01 5.496122391992354084e-01
5.773229151599999750e+04 4.933168550789063147e+02 3.993928064364969388e-01 2.778202295945113309e-02 5.728251706040520252e-01
5.821600220599999739e+04 3.833227938746201744e+02 3.119277294433277503e-01 1.093739755489085280e-01 5.786982950077635968e-01
5.822404881400000158e+04 3.315611186474388887e+02 2.559664138975590308e-01 2.231840277895431601e-01 5.208495583128978090e-01
5.806827997599999799e+04 4.397352341136351583e+02 3.405651034303132652e-01 1.352418150357544979e-01 5.241930815339322924e-01
5.819507473400000163e+04 4.120884219917099358e+02 3.396245652159743389e-01 6.677953834894642671e-02 5.935958964350791511e-01
5.811016464000000269e+04 4.300801119704272537e+02 3.450865687217761213e-01 9.227302640002466028e-02 5.626404048781992184e-01
5.833534418200000073e+04 3.536617996853055956e+02 3.070415315089861652e-01 3.425269996343414253e-02 6.587057685275796715e-01
5.813226409799999965e+04 3.967829060525054956e+02 3.205214172245655080e-01 1.092070067994089233e-01 5.702715759760256242e-01
5.781815971400000126e+04 3.498237780493466857e+02 2.675361990129848655e-01 2.213236719662860230e-01 5.111401290207291392e-01
5.779619338399999833e+04 4.056153162756772304e+02 3.164036068593263917e-01 1.518216773119744900e-01 5.317747158286991738e-01
5.801736830400000326e+04 4.790421327401344911e+02 3.860815386980872566e-01 4.626384875698140442e-02 5.676546125449313251e-01
5.777425635199999670e+04 3.137966639645338205e+02 2.696255964208237876e-01 8.516733327955056110e-02 6.452070702996256513e-01
5.775315251600000192e+04 4.700837037331106671e+02 3.591238459135995820e-01 1.308274839022377789e-01 5.100486701841626669e-01
5.817406672599999729e+04 3.935953469285020105e+02 3.086938162495854177e-01 1.537430548620673243e-01 5.375631288883472303e-01
5.771118768799999816e+04 3.590288470323143315e+02 2.984730677398733101e-01 9.754334873870897094e-02 6.039835835214177884e-01
5.799338022400000045e+04 5.077673258794536082e+02 4.125193013376179940e-01 1.067097979897306710e-02 5.768097188634089267e-01
5.769031502000000182e+04 5.721775697655571093e+02 4.200295101445706281e-01 1.090240971072704568e-01 4.709463927481588597e-01
