5.781815592199999810e+04 1.187621139111267325e+02 9.341887212772793936e-02 6.167793471220952423e-02 8.449031931600625711e-01
5.781815592199999810e+04 1.187621139111267325e+02 9.341887212772793936e-02 6.167793471220952423e-02 8.449031931600625711e-01
5.806827619799999957e+04 1.656907985792220472e+02 1.313952800011310706e-01 9.875387325740975220e-03 8.587293326731280096e-01
5.804736989799999719e+04 1.650499926151002228e+02 1.290392414115691666e-01 3.630742021906730593e-02 8.346533383693635066e-01
5.771118394999999873e+04 7.843301834343567691e+01 6.407483457440257824e-02 2.460562752336039813e-02 9.113195379022370757e-01
5.769031127399999968e+04 1.914155030533485444e+02 1.483625551885953409e-01 3.130867817798851233e-02 8.203287666334161399e-01
5.801736454599999706e+04 1.763683062740055050e+02 1.362139319996689690e-01 4.927775451916203975e-02 8.145083134811689218e-01
5.799337645599999814e+04 1.784598886384205798e+02 1.381327804750296928e-01 4.376829259096905178e-02 8.180989269340012138e-01
5.797234950799999933e+04 1.602714757160866839e+02 1.233683019026727556e-01 6.755768332025773037e-02 8.090740147770695279e-01
5.781811958400000003e+04 1.241855803920902019e+02 9.967366967513628662e-02 2.067188082168058827e-02 8.796544495031831667e-01
5.779618955399999686e+04 1.280477134224223335e+02 1.006270043177459883e-01 5.607904830482669800e-02 8.432939473774273553e-01
5.777425257399999828e+04 1.195829836063335421e+02 9.677430575915253741e-02 8.942828655849969707e-03 8.942828655849974773e-01
5.775314875400000165e+04 1.560062776770476773e+02 1.220756898884391289e-01 4.180591952912193071e-02 8.361183905824389750e-01
5.773228775399999722e+04 1.390707284212094521e+02 1.085407359055166610e-01 5.968090776378722623e-02 8.317783563306960781e-01
5.781815592199999810e+04 1.187621139111267325e+02 9.341887212772793936e-02 6.167793471220952423e-02 8.449031931600625711e-01
