5.779618900283570110e+04 1.110049239986335294e+02 1.632510528625277513e-01 8.314662570760947835e-01 5.282690061377471290e-03
5.769031072403940198e+04 2.105548575118948804e+02 3.422169321820517363e-01 6.513309826078195197e-01 6.452085210128835971e-03
5.769031259791670163e+04 2.268384587439937263e+02 3.979542721439635056e-01 5.945284499832242942e-01 7.517277872812237575e-03
5.769031447164349811e+04 2.164141247113955444e+02 3.575330174533204453e-01 6.358006228917478797e-01 6.666359654931612588e-03
5.771118339418980031e+04 9.239099280640250811e+01 1.915659318919082921e-01 7.979336903742103582e-01 1.050037773388128211e-02
5.771118526806709997e+04 1.021418407975642850e+02 2.022415829210486848e-01 7.881829230960836208e-01 9.575493982867652742e-03
5.771118714638889651e+04 1.148810256491465083e+02 2.116218742806358633e-01 7.800900799356993431e-01 8.288045783664840446e-03
5.773228721622689773e+04 1.604514976851172889e+02 2.983023854681696174e-01 6.932554553024685706e-01 8.442159229361815426e-03
5.773228908994210360e+04 1.700052022059929016e+02 3.438881755647605343e-01 6.461178622716303721e-01 9.993962163609057189e-03
5.773229096026619663e+04 1.757307271616509183e+02 3.572310114567417982e-01 6.326757501448082577e-01 1.009323839844987643e-02
5.775314820968749700e+04 2.413368489023888799e+02 6.337054459309209298e-01 3.494540440564341544e-01 1.684051001264490893e-02
5.775315010799770243e+04 2.377320603134197654e+02 6.091702617950547349e-01 3.747925023403403944e-01 1.603723586460484296e-02
5.775315198055560177e+04 2.251527605475893097e+02 5.455044964159078136e-01 4.401581249660860840e-01 1.433737861800615278e-02
5.777425201861109963e+04 2.398521670521207341e+02 7.779237257163412744e-01 1.963833002499417446e-01 2.569297403371693239e-02
5.777425391638890142e+04 2.098248356512432053e+02 5.996002206301828119e-01 3.804546240929428946e-01 1.994515527687436979e-02
5.777425581326390238e+04 2.647404195450724842e+02 9.580425452407475007e-01 9.971691153766282234e-03 3.198576360548632119e-02
5.779619095310189732e+04 1.220965927167709140e+02 2.061603694983685509e-01 7.868760770129887838e-01 6.963553488642582057e-03
5.779619282559029671e+04 1.081321428924217969e+02 1.564689535550503052e-01 8.384168857060775304e-01 5.114160738872229432e-03
5.781811904589120240e+04 1.050457844480319096e+02 1.624633094800505273e-01 8.316944292972658914e-01 5.842261222683617708e-03
5.781812119759259804e+04 9.849344160054751285e+01 1.417745355452915690e-01 8.531647774541483153e-01 5.060687000560143423e-03
5.781812314596059878e+04 1.137752115331003182e+02 1.869783988478329606e-01 8.064250762436444564e-01 6.596524908522572589e-03
5.781815539165509836e+04 7.631763192003282370e+01 9.278810729710042227e-02 9.036014330431944019e-01 3.610459659705209188e-03
5.781815728885419958e+04 8.559716506544766901e+01 1.197754236511628378e-01 8.754421938796990155e-01 4.782382469138067756e-03
5.781815918607640197e+04 8.581029383552238698e+01 1.184603693375062411e-01 8.768848949934856529e-01 4.654735669008202258e-03
5.785903624081020098e+04 nan nan nan nan
5.785903812146990094e+04 nan nan nan nan
5.785904001693290047e+04 5.251037108613354576e+01 1.436676798206094341e-01 8.380489766909059446e-01 1.828334348848452071e-02
5.797234897155089857e+04 1.961849177030505587e+02 3.685083401949246218e-01 6.228739662509150676e-01 8.617693554160286290e-03
5.797235084578699752e+04 1.407603252280866002e+02 1.886373661115490208e-01 8.069760891659083502e-01 4.386544722542694980e-03
5.797235274172449863e+04 1.592690078892274812e+02 2.373666739718865715e-01 7.572082656469484307e-01 5.425060381165061098e-03
5.799337591884259746e+04 2.649464585767854601e+02 5.538265249295477588e-01 4.355011534848565735e-01 1.067232158559570931e-02
5.799337779287040030e+04 2.810235956432420608e+02 6.169324348827009974e-01 3.712964590821374311e-01 1.177110603516162875e-02
5.799337969240739767e+04 2.754838143472330785e+02 5.978967385088751474e-01 3.905982295013484262e-01 1.150503198977649577e-02
5.801736399829859874e+04 2.988213931423479721e+02 7.103056261715924302e-01 2.758938753365262619e-01 1.380049849188142580e-02
5.801736587087959924e+04 2.281094720815001722e+02 4.113094132647792667e-01 5.807495300521110515e-01 7.941056683109648864e-03
5.801736777380789863e+04 2.549069618520742608e+02 5.162894666846888914e-01 4.736909243479902609e-01 1.001960896732092404e-02
5.804736936814810178e+04 2.010170128796879396e+02 3.599618324477611431e-01 6.322061272272113674e-01 7.832040325027579686e-03
5.804737124311339721e+04 2.199661644363404491e+02 4.317193023342782432e-01 5.588722319646322045e-01 9.408465701089560942e-03
5.804737313887730124e+04 1.899711395824824649e+02 3.210371126192315683e-01 6.719875878351505571e-01 6.975299545617926616e-03
5.806827565997689817e+04 2.617857995707612417e+02 6.270649672421649834e-01 3.589210833869047601e-01 1.401394937093028946e-02
5.806827755928239640e+04 2.784360714606246461e+02 7.095695435734276080e-01 2.745681412647086317e-01 1.586231516186368401e-02
5.806827943190970109e+04 2.646254835698206875e+02 6.384184056604473856e-01 3.473656699062989683e-01 1.421592443325373628e-02
5.808933284642359649e+04 2.029950425062637294e+02 4.088708671565651764e-01 5.812201492797127722e-01 9.908983563722160645e-03
5.808933477025460161e+04 1.808087554101406624e+02 3.257476490266877911e-01 6.663245761977516501e-01 7.927774775560645498e-03
5.808933664172449789e+04 2.023526652293097072e+02 3.973866492760080305e-01 5.931936669430941667e-01 9.419683780897863609e-03
