5.779618900283570110e+04 nan nan nan nan
5.769031072403940198e+04 2.461724884143661143e+02 7.611997593855578392e-01 2.154470679546316991e-01 2.335317265981044429e-02
5.769031259791670163e+04 2.726038430935792007e+02 9.373736517101178833e-01 3.374688135445530479e-02 2.887946693542685003e-02
5.769031447164349811e+04 2.773625975366296075e+02 9.599429513739159425e-01 1.080052681887354142e-02 2.925652180721057677e-02
5.771118339418980031e+04 1.105186072894841516e+02 4.416165330915933773e-01 5.193850050752011338e-01 3.899846183320542642e-02
5.771118526806709997e+04 1.326725921939507487e+02 5.606535936632495165e-01 3.957295432242792232e-01 4.361686311247126024e-02
5.771118714638889651e+04 1.270453092320074688e+02 4.232247763221986259e-01 5.496700286825385584e-01 2.710519499526287818e-02
5.773228721622689773e+04 1.996770551257420152e+02 8.387294762425163697e-01 1.181766908682875677e-01 4.309383288919611810e-02
5.773228908994210360e+04 1.793993711748072997e+02 6.854314975567076251e-01 2.789140378358334060e-01 3.565446460745889945e-02
5.773229096026619663e+04 1.897605467134030448e+02 7.457454560114653574e-01 2.165323431710723112e-01 3.772220081746233827e-02
5.775314820968749700e+04 1.674347744636115749e+02 5.172155867146559505e-01 4.594777810942134444e-01 2.330663219113060514e-02
5.775315010799770243e+04 2.141596147185056793e+02 8.459530084262444349e-01 1.159364639255194701e-01 3.811052764823599781e-02
5.775315198055560177e+04 2.052771644615997388e+02 7.724336922136282313e-01 1.929828212760154316e-01 3.458348651035628857e-02
5.777425201861109963e+04 9.139639327925196710e+01 2.171637892210694643e-01 7.690468433689371386e-01 1.378936740999338328e-02
5.777425391638890142e+04 9.562243896983930824e+01 2.377888236686059586e-01 7.471072144656513148e-01 1.510396186574280465e-02
5.777425581326390238e+04 8.177943316577358246e+01 1.705888815434915273e-01 8.187833792555232471e-01 1.062773920098513888e-02
5.779619095310189732e+04 nan nan nan nan
5.779619282559029671e+04 nan nan nan nan
5.781811904589120240e+04 nan nan nan nan
5.781812119759259804e+04 7.588151861799539688e+01 1.573830395393306381e-01 8.321101362420617598e-01 1.050682421860764035e-02
5.781812314596059878e+04 8.481431153145625501e+01 1.972467167823457879e-01 7.895430975749423430e-01 1.321018564271198188e-02
5.781815539165509836e+04 nan nan nan nan
5.781815728885419958e+04 nan nan nan nan
5.781815918607640197e+04 nan nan nan nan
5.785903624081020098e+04 nan nan nan nan
5.785903812146990094e+04 nan nan nan nan
5.785904001693290047e+04 nan nan nan nan
5.797234897155089857e+04 4.260018678241083734e+01 3.327341387953740987e-02 9.652365412227841279e-01 1.490044897678414939e-03
5.797235084578699752e+04 4.953810502057851295e+01 4.459475318988159048e-02 9.534259251042996874e-01 1.979321705818758072e-03
5.797235274172449863e+04 5.441976911663773819e+01 5.201904384580356699e-02 9.457492398940849920e-01 2.231716260111336024e-03
5.799337591884259746e+04 2.064386069942069923e+02 5.515637485937614493e-01 4.310006381880044923e-01 1.743561321823401677e-02
5.799337779287040030e+04 2.034047824144010690e+02 5.325235359327664675e-01 4.507354048901355825e-01 1.674105917709803673e-02
5.799337969240739767e+04 1.996474669652860143e+02 5.185461943852003319e-01 4.649769274364983218e-01 1.647687817830131504e-02
5.801736399829859874e+04 2.593798407381810875e+02 8.994584735676790510e-01 7.117061433305205131e-02 2.937091209926892543e-02
5.801736587087959924e+04 2.465069569010004784e+02 8.058456782752551062e-01 1.680523666129506988e-01 2.610195511179413952e-02
5.801736777380789863e+04 2.423279212690062252e+02 7.758973548028167411e-01 1.990629368661116783e-01 2.503970833107160496e-02
5.804736936814810178e+04 2.386056549845039001e+02 8.533505912633169155e-01 1.154086797126782360e-01 3.124072902400485199e-02
5.804737124311339721e+04 2.513372610250525270e+02 9.485566295151175442e-01 1.665449359506675914e-02 3.478887688981562032e-02
5.804737313887730124e+04 2.392825188249560995e+02 8.697853221950254676e-01 9.794238339601171739e-02 3.227229440896284968e-02
5.806827565997689817e+04 1.885122424082817645e+02 5.873229122712525507e-01 3.889686790345656675e-01 2.370840869418168462e-02
5.806827755928239640e+04 1.945094222243592981e+02 6.169272560039266162e-01 3.585022286700606520e-01 2.457051532601267282e-02
5.806827943190970109e+04 1.891901475512175637e+02 5.916723630065332529e-01 3.844389008873916325e-01 2.388873610607514242e-02
5.808933284642359649e+04 7.247023068279936808e+01 9.827559604591383502e-02 8.972328179224878797e-01 4.491586031598465700e-03
5.808933477025460161e+04 7.750390253047144995e+01 1.118353582057953904e-01 8.830790820424949672e-01 5.085559751709577310e-03
5.808933664172449789e+04 8.704624412117279064e+01 1.361348377649093944e-01 8.578911498381921463e-01 5.974012396898415941e-03
