5.806827807000000030e+04 4.200662987660348904e+02 2.995797536106016845e-01 5.903393251670685862e-03 6.945168531377275967e-01
5.804737176400000317e+04 4.171520214657356291e+02 2.980481912352668239e-01 4.879506118523469285e-03 6.970723026462095628e-01
5.771118577599999844e+04 2.406820162624761110e+02 1.836343816243701244e-01 2.146238724064459744e-02 7.949032311349852886e-01
5.769031311999999889e+04 5.016305182343403999e+02 3.461631502802098859e-01 3.576431216528782459e-03 6.502604185032614392e-01
5.801736638400000083e+04 4.366760045715026877e+02 3.072806603855568475e-01 1.656576295067740956e-02 6.761535766637657430e-01
5.799337831600000209e+04 4.417611784581537222e+02 3.122636877005909861e-01 5.458224700788961818e-03 6.822780875986200755e-01
5.797235136600000260e+04 4.125923022951964185e+02 2.932574108564702797e-01 1.690111641089167907e-02 6.898414727326380724e-01
5.781812169200000062e+04 3.455212372125562297e+02 2.538867772189626337e-01 8.847192712379730109e-03 7.372660300686576518e-01
5.779619145199999912e+04 3.550069527904341840e+02 2.567631317244619682e-01 2.892944845892298639e-02 7.143074198166150524e-01
5.777425442199999816e+04 3.363614533175788210e+02 2.465998554431899081e-01 1.944968712202188241e-02 7.339504574347882615e-01
5.775315059599999950e+04 4.241550504132750916e+02 3.014864333264982155e-01 8.623624279919776467e-03 6.898899423935820341e-01
5.773228961400000117e+04 3.913325090476565720e+02 2.784150108059716966e-01 3.041163168530930730e-02 6.911733575087189996e-01
5.781815779199999815e+04 3.285802815391461422e+02 2.402219690043121691e-01 2.992401734389558976e-02 7.298540136517922550e-01
