5.779618900283570110e+04 nan nan nan nan
5.769031072403940198e+04 8.855581121276033230e+01 3.885074519427052508e-01 5.644823357776973527e-01 4.701021227959736176e-02
5.769031259791670163e+04 1.081209904456645461e+02 5.749873629787353169e-01 3.559371101781526048e-01 6.907552684311198121e-02
5.769031447164349811e+04 1.259715452712927259e+02 7.844226119213024706e-01 1.208702022780465263e-01 9.470718580065101699e-02
5.771118339418980031e+04 nan nan nan nan
5.771118526806709997e+04 nan nan nan nan
5.771118714638889651e+04 nan nan nan nan
5.773228721622689773e+04 6.773305033038126055e+01 3.266088052939210007e-01 6.165998507344165880e-01 5.679134397166243908e-02
5.773228908994210360e+04 5.404306656854397062e+01 2.114830658862906498e-01 7.511145863382591159e-01 3.740234777545025507e-02
5.773229096026619663e+04 5.640818736094511365e+01 2.196738601566277649e-01 7.432836550007051457e-01 3.704248484266698532e-02
5.775314820968749700e+04 7.978079395342152225e+01 3.926585266356960591e-01 5.481770011883260185e-01 5.916447217597795710e-02
5.775315010799770243e+04 9.062258573203901335e+01 5.079257304592516009e-01 4.153460421225397270e-01 7.672822741820865822e-02
5.775315198055560177e+04 9.083356023476197549e+01 5.352035677654635171e-01 3.800009014169704047e-01 8.479553081756600885e-02
5.777425201861109963e+04 nan nan nan nan
5.777425391638890142e+04 5.716464472860488399e+01 2.277913395527409735e-01 7.334251571143889370e-01 3.878350333287009649e-02
5.777425581326390238e+04 nan nan nan nan
5.779619095310189732e+04 nan nan nan nan
5.779619282559029671e+04 nan nan nan nan
5.781811904589120240e+04 nan nan nan nan
5.781812119759259804e+04 nan nan nan nan
5.781812314596059878e+04 nan nan nan nan
5.781815539165509836e+04 nan nan nan nan
5.781815728885419958e+04 nan nan nan nan
5.781815918607640197e+04 nan nan nan nan
5.785903624081020098e+04 nan nan nan nan
5.785903812146990094e+04 nan nan nan nan
5.785904001693290047e+04 nan nan nan nan
5.797234897155089857e+04 9.160612653803364935e+01 4.074672668507702822e-01 5.442086025162289342e-01 4.832413063300079747e-02
5.797235084578699752e+04 1.112732228843433830e+02 5.907170260203000733e-01 3.404486137819721092e-01 6.883436019772769254e-02
5.797235274172449863e+04 1.105407143392150573e+02 6.107737472432992476e-01 3.146597410814440665e-01 7.456651167525675528e-02
5.799337591884259746e+04 9.054159873647228096e+01 3.613265818269807972e-01 5.997750713083421781e-01 3.889834686467703168e-02
5.799337779287040030e+04 8.534841307380993669e+01 3.169560984003579329e-01 6.493590250128996599e-01 3.368487658674226837e-02
5.799337969240739767e+04 8.759855664961493460e+01 3.356962985769742502e-01 6.284340759923482400e-01 3.586962543067738485e-02
5.801736399829859874e+04 9.486613814890198171e+01 4.382690963781986082e-01 5.096010037507118229e-01 5.212989987108961748e-02
5.801736587087959924e+04 8.981594874625631064e+01 3.905088171315750922e-01 5.633187879549207411e-01 4.617239491350423608e-02
5.801736777380789863e+04 1.091704090062336974e+02 5.708412719343294306e-01 3.623784085678161127e-01 6.678031949785433186e-02
5.804736936814810178e+04 1.256023193073102391e+02 8.314268812511669271e-01 6.154930010369173005e-02 1.070238186451413220e-01
5.804737124311339721e+04 9.347863944013148796e+01 4.602146182367790050e-01 4.805851113476928282e-01 5.920027041552812508e-02
5.804737313887730124e+04 1.011353677454951878e+02 5.423980061702505795e-01 3.873501560387087594e-01 7.025183779104067494e-02
5.806827565997689817e+04 1.020901571120874678e+02 5.698844515972611990e-01 3.540069877344246829e-01 7.610856066831413191e-02
5.806827755928239640e+04 8.039710753019382139e+01 3.507890357633684508e-01 6.027124785291627651e-01 4.649848570746881876e-02
5.806827943190970109e+04 8.791514099564777496e+01 4.177664495038970749e-01 5.270807713386321813e-01 5.515277915747066745e-02
5.808933284642359649e+04 nan nan nan nan
5.808933477025460161e+04 nan nan nan nan
5.808933664172449789e+04 nan nan nan nan
