5.790136867042820086e+04 nan nan nan nan
5.769016214704859885e+04 3.077014926496011071e+02 7.669239159268599337e-01 2.179030304302659315e-01 1.517305364287416247e-02
5.769016402178240241e+04 2.810298360298090756e+02 6.448438690659001882e-01 3.422963986588140051e-01 1.285973227528581196e-02
5.769016591982640239e+04 3.392595889827763926e+02 9.434108631631081821e-01 3.770204381515818853e-02 1.888709302173369881e-02
5.771210143005789723e+04 3.486890583152653562e+02 9.661459658815692020e-01 1.510251369037254876e-02 1.875152042805828742e-02
5.771210333067129977e+04 3.443462701427708339e+02 9.514888786632469397e-01 2.986260421890799682e-02 1.864851711784500099e-02
5.771210520216439909e+04 3.209639894696372266e+02 8.471454307419739038e-01 1.358396080442385023e-01 1.701496121378766671e-02
5.781938355751160270e+04 2.430331998681050152e+02 6.289788154814823784e-01 3.546617433767593197e-01 1.635944114175821862e-02
5.781938543133100029e+04 nan nan nan nan
5.782038083650459885e+04 1.382427413314582623e+02 5.570219517727964531e-01 4.033239951125868750e-01 3.965405311461658172e-02
5.782138153717589739e+04 nan nan nan nan
5.785730091833329789e+04 nan nan nan nan
5.785730279201389931e+04 nan nan nan nan
5.785730467506939749e+04 nan nan nan nan
5.790136495271990134e+04 nan nan nan nan
5.790136679890049709e+04 nan nan nan nan
5.792331731246529671e+04 3.374806678278736740e+02 9.182899047190954400e-01 6.362630519739523316e-02 1.808379008350923314e-02
5.792331918533559656e+04 3.303082793543671301e+02 8.948702022048901084e-01 8.720274854217657801e-02 1.792704925293319915e-02
5.792332105572919681e+04 2.898642414036906985e+02 6.797535582521576636e-01 3.068144217131820728e-01 1.343202003466030525e-02
5.794425958180559974e+04 nan nan nan nan
5.794426145711809659e+04 nan nan nan nan
5.794426335319440113e+04 nan nan nan nan
5.796536169552079809e+04 7.412558460673606930e+01 3.123644026211166991e-01 6.442630984818810136e-01 4.337249889700223876e-02
5.796536356960650301e+04 nan nan nan nan
5.796536544467590284e+04 nan nan nan nan
5.798614419361110049e+04 3.428943757812210720e+02 8.421598900274633870e-01 1.431069460851044362e-01 1.473316388743218380e-02
5.798614606745370111e+04 3.069071579804310659e+02 6.687360215179840583e-01 3.196675825179350339e-01 1.159639596408086441e-02
5.798614793914349866e+04 3.490656186109555961e+02 8.756835044949514701e-01 1.089452936786909770e-01 1.537120182635754589e-02
5.801028912216440222e+04 3.065768756691589374e+02 7.557208557902633794e-01 2.294378537626978465e-01 1.484129044703885215e-02
5.801029099593750288e+04 2.966569076486411518e+02 7.114105031441990690e-01 2.745432837921763514e-01 1.404621306362459181e-02
5.801029286637729820e+04 2.773765760551634685e+02 6.263331738616417788e-01 3.612131117691495530e-01 1.245371436920871336e-02
5.804714278081020166e+04 3.499288536059197554e+02 9.563814443245803876e-01 2.537412096022246405e-02 1.824443471519709981e-02
5.804714465343749907e+04 3.400415484870808314e+02 9.114016762027145058e-01 7.105211421426028962e-02 1.754620958302531217e-02
5.804714655027780100e+04 3.104679506933600237e+02 7.610940037927012014e-01 2.242278676282712380e-01 1.467812857902750685e-02
5.806805274693290266e+04 3.189333451335780296e+02 7.776517245372513987e-01 2.078272241566205270e-01 1.452105130612807611e-02
5.806805461968750024e+04 2.832367661474626743e+02 6.126512435281349367e-01 3.759211567098927897e-01 1.142759976197227356e-02
5.806805649126160279e+04 2.900201799442734227e+02 6.439553165997823347e-01 3.440031257852559921e-01 1.204155761496179464e-02
5.809007905913190189e+04 4.326700257341533984e+01 1.616348233651327196e-02 9.834956515066926030e-01 3.408661567941281357e-04
5.809008093148149783e+04 3.826144115317016769e+01 1.267925476005401023e-02 9.870525244452597047e-01 2.682207946862119130e-04
5.809008282870370022e+04 nan nan nan nan
