5.822404501400000299e+04 1.606473449375148448e+02 1.732790110917933335e-01 4.826431245529241160e-02 7.784566764529142757e-01
5.781815592199999810e+04 1.434898827687298137e+02 1.571983333468890687e-01 3.975100616258352842e-02 8.030506604905275347e-01
5.808933337999999640e+04 1.776576001740501738e+02 1.935478351709332689e-01 1.230921571132499552e-02 7.941429491177417477e-01
5.811016089800000191e+04 1.642713136791061572e+02 1.775659117552451649e-01 4.065263766675086821e-02 7.817814505780039669e-01
5.773228775399999722e+04 1.642464982628132191e+02 1.785530890827162209e-01 3.070978708493542556e-02 7.907371238323482876e-01
5.817406294599999819e+04 1.621601320469592338e+02 1.790011470142047756e-01 5.707042672195200388e-03 8.152918103135999850e-01
5.815306130999999732e+04 1.630426876705707286e+02 1.801242266940704106e-01 3.234665168074436162e-03 8.166411081378551762e-01
5.769031127399999968e+04 2.279937657484657620e+02 2.420385319286733061e-01 3.889655221944637257e-03 7.540718128493820727e-01
5.819507095000000118e+04 1.638190592721797145e+02 1.809340707835057904e-01 2.856732189594150557e-03 8.162091970269000907e-01
5.821599840799999947e+04 1.614618910668789908e+02 1.758436806713014056e-01 3.055370008407940624e-02 7.936026192446192784e-01
5.797234950799999933e+04 1.892239053296165707e+02 2.016204292858501945e-01 3.874154234463439428e-02 7.596380283695153279e-01
5.801736454599999706e+04 1.999887066630610661e+02 2.143614131215733076e-01 1.691198559479725402e-02 7.687266012836294626e-01
5.779618955399999686e+04 1.599829586043765346e+02 1.758875333686075737e-01 1.536618021322572712e-02 8.087462864181665934e-01
5.833534038600000349e+04 1.447136990674081005e+02 1.580457581935070799e-01 4.389334909891668551e-02 7.980608927075761860e-01
5.781811958400000003e+04 1.522616874595616991e+02 1.689723376020481338e-01 7.004199142973560957e-03 8.240234632549783278e-01
5.806827619799999957e+04 1.769118210308049868e+02 1.929919103889266019e-01 1.074949108016723040e-02 7.962585985309061920e-01
5.771118394999999873e+04 9.761167628741766578e+01 1.114075563738512326e-01 1.699612815175075703e-02 8.715963154743979757e-01
5.777425257399999828e+04 1.431382191859682109e+02 1.600186646339208374e-01 3.762982587503588966e-03 8.362183527785755910e-01
5.775314875400000165e+04 1.892622763469562699e+02 2.034267683417756434e-01 2.357640326596394109e-02 7.729968283922603600e-01
5.799337645599999814e+04 2.132458280990440755e+02 2.271484967856668702e-01 1.366535074445775558e-02 7.591861524698754193e-01
5.813226065999999992e+04 1.607142413010780899e+02 1.765745378046278957e-01 1.574967779579181798e-02 8.076757843995803210e-01
5.804736989799999719e+04 1.885699975865601630e+02 2.042675742432393804e-01 1.059929723504318168e-02 7.851331285217173495e-01
