5.781815971400000126e+04 3.425179006246681865e+02 2.419547025196649159e-01 7.665626603733724509e-02 6.813890314429977835e-01
5.806827997599999799e+04 4.274524313612189417e+02 2.880648620029483964e-01 9.178257876617042232e-02 6.201525592308811952e-01
5.804737367800000357e+04 4.246480498566834854e+02 2.911823704969360160e-01 6.677267524304225654e-02 6.420449542600217274e-01
5.771118768799999816e+04 3.287901461112428478e+02 2.373733311006045454e-01 5.088922708941368001e-02 7.117374418099816635e-01
5.769031502000000182e+04 5.384761614081311336e+02 3.543336935102444629e-01 5.439678885578285578e-02 5.912695176339727299e-01
5.801736830400000326e+04 4.573351200404910628e+02 3.205297101399096626e-01 8.719758191052600152e-03 6.707505316690377528e-01
5.799338022400000045e+04 4.626575565246346855e+02 3.165707664835176183e-01 4.411283172370186745e-02 6.393164017927805975e-01
5.797235326799999893e+04 4.188914666006567700e+02 2.934901570621710754e-01 3.619689958055313794e-02 6.703129433572758700e-01
5.781812369000000035e+04 3.633476795162578696e+02 2.586391944112666486e-01 4.947017974763828763e-02 6.918906258410950638e-01
5.779619338399999833e+04 3.881235431072918232e+02 2.735471491289037105e-01 4.815887186272295450e-02 6.782939790083732934e-01
5.777425635199999670e+04 2.595257350305311661e+02 1.757947556541674672e-01 1.976714212019081152e-01 6.265338231439243621e-01
5.775315251600000192e+04 4.440808384846894228e+02 3.042479107645659209e-01 5.480129307197569022e-02 6.409507961634585138e-01
5.773229151599999750e+04 4.515137941422842687e+02 3.150827854504555936e-01 1.994904508396731432e-02 6.649681694655771302e-01
5.781815971400000126e+04 3.425179006246681865e+02 2.419547025196649159e-01 7.665626603733724509e-02 6.813890314429977835e-01
