5.822404501400000299e+04 1.517705797283832112e+02 1.466073252785854431e-01 3.791949953536787737e-02 8.154731751860466726e-01
5.781815592199999810e+04 1.344345631779767700e+02 1.304332029506880264e-01 4.689243695618160873e-02 8.226743600931303302e-01
5.808933337999999640e+04 1.728134578233888874e+02 1.673124091023435178e-01 1.351632587290834200e-02 8.191712650247481298e-01
5.811016089800000191e+04 1.625634143328643120e+02 1.555751809566949806e-01 4.402214696434292307e-02 8.004026720789622074e-01
5.773228775399999722e+04 1.551951745410869137e+02 1.487424089326092047e-01 4.849575279429592378e-02 8.027618382730948854e-01
5.817406294599999819e+04 1.548647633555543166e+02 1.522260660744189364e-01 3.377585394125820744e-03 8.443963485314552875e-01
5.815306130999999732e+04 1.544538113539254311e+02 1.515560048336723475e-01 7.005140799979531381e-03 8.414388543663481324e-01
5.769031127399999968e+04 2.155924303853484787e+02 2.042277474741482080e-01 1.155570392712743782e-02 7.842165485987242501e-01
5.819507095000000118e+04 1.545879256107393473e+02 1.505726029143440170e-01 2.031329548911525382e-02 8.291141015965408645e-01
5.821599840799999947e+04 1.545018411947375512e+02 1.492630751644731524e-01 3.507352390632401118e-02 8.156634009292028642e-01
5.797234950799999933e+04 1.792081723991385900e+02 1.688729255967401643e-01 5.509806278519813194e-02 7.760290116180617037e-01
5.801736454599999706e+04 1.944143926214171358e+02 1.843905738989711773e-01 2.947985877473598137e-02 7.861295673262927997e-01
5.779618955399999686e+04 1.491504291330907961e+02 1.460877656130305791e-01 1.551043155340582971e-02 8.384018028335635808e-01
5.833534038600000349e+04 1.359982036539339276e+02 1.324268702556629929e-01 3.894549866092058416e-02 8.286276310834165271e-01
5.781811958400000003e+04 1.431795973181545492e+02 1.417482971566802474e-01 1.713077658798486816e-03 8.565386251845213961e-01
5.806827619799999957e+04 1.772090991994579099e+02 1.707142230024114582e-01 1.824834228112052689e-02 8.110374347164679421e-01
5.771118394999999873e+04 9.083737572403920524e+01 9.167319696497905346e-02 1.824664327507881378e-02 8.900801597599421466e-01
5.777425257399999828e+04 1.346589763904892720e+02 1.336412530878398064e-01 5.594964585125726531e-03 8.607637823270344324e-01
5.775314875400000165e+04 1.781409845883463561e+02 1.709230052556318658e-01 2.453842633644175500e-02 8.045385684079262578e-01
5.799337645599999814e+04 2.027893915978893631e+02 1.925764571866452612e-01 1.930881093111487534e-02 7.881147318822397940e-01
5.813226065999999992e+04 1.495902542942047546e+02 1.451780997998841638e-01 3.169055672383674915e-02 8.231313434762790315e-01
5.804736989799999719e+04 1.813478733231018509e+02 1.734791808759732767e-01 2.679095059569897366e-02 7.997298685283276143e-01
