5.769031311999999889e+04 5.343301829975227975e+02 4.190242090421572030e-01 4.353287799978471789e-02 5.374429129580581277e-01
5.771118577599999844e+04 2.652816749160757013e+02 2.361958187385216901e-01 7.101127308780182112e-02 6.927929081736764472e-01
5.781812169200000062e+04 3.766102199734355622e+02 3.221566359318405182e-01 3.836848942909033139e-02 6.394748746390690464e-01
5.804737176400000317e+04 4.379730422370982410e+02 3.659097020650222687e-01 2.409482132605254151e-02 6.099954766089251690e-01
5.808933528400000068e+04 4.152424619384195807e+02 3.500533469692823085e-01 2.887961716763342776e-02 6.210670358630843157e-01
5.817406480600000214e+04 3.881188684082956115e+02 3.357073586335494464e-01 1.046130143884173996e-02 6.538313399276087790e-01
5.779619145199999912e+04 3.966551823897153781e+02 3.425786672733245886e-01 5.540982741741360025e-03 6.518803499849340488e-01
5.801736638400000083e+04 4.606954980506602055e+02 3.841513252677115631e-01 8.203211722397973221e-03 6.076454630098905296e-01
5.815306317799999670e+04 3.871048870782236691e+02 3.365323370997379548e-01 2.972229372139360837e-03 6.604954335281226774e-01
5.819507280400000309e+04 3.843565109155463233e+02 3.249720271235572167e-01 5.029130200513987764e-02 6.247366708713030237e-01
5.821600028000000020e+04 3.749057797228240929e+02 3.186174485426704894e-01 5.018055454111141483e-02 6.312019969162181443e-01
5.777425442199999816e+04 3.615414294467395280e+02 3.034402669801964381e-01 8.095236844198334947e-02 6.156073645778201708e-01
5.822404686799999763e+04 3.656729647708064590e+02 3.007353649683085495e-01 1.081702651742243171e-01 5.910943698574669947e-01
5.773228961400000117e+04 4.205416196916523290e+02 3.469357205036222580e-01 5.828806452901878071e-02 5.947762149673589960e-01
5.799337831600000209e+04 4.695436989796144758e+02 3.882980866589181845e-01 1.404493889937999396e-02 5.976569744417018493e-01
5.833534226800000033e+04 3.316804253610338833e+02 2.760899468149603520e-01 1.183809413615016654e-01 6.055291118235379688e-01
5.775315059599999950e+04 4.553550776747408690e+02 3.736394916300609936e-01 3.795232765604609343e-02 5.884081807138927811e-01
5.806827807000000030e+04 4.244946139139762522e+02 3.509591517997572296e-01 5.167237309647584181e-02 5.973684751037670049e-01
5.797235136600000260e+04 4.355264854280090390e+02 3.587411739627340834e-01 4.832417203899303654e-02 5.929346539982729425e-01
5.813226219600000331e+04 3.906290901965279545e+02 3.343086458290691065e-01 2.560351362195887812e-02 6.400878405489719425e-01
5.781815779199999815e+04 3.620197750093938680e+02 3.105605018364137049e-01 4.630563679206876893e-02 6.431338613715175123e-01
5.811016273399999773e+04 3.951922396824111843e+02 3.328057226866641405e-01 4.741324649344467318e-02 6.197810308198911100e-01
