5.781815779199999815e+04 3.254480873988689495e+02 2.356639620138946956e-01 4.833038179303241616e-02 7.160056561930728813e-01
5.781815779199999815e+04 3.254480873988689495e+02 2.356639620138946956e-01 4.833038179303241616e-02 7.160056561930728813e-01
5.806827807000000030e+04 4.029397446464698191e+02 2.756493626232837668e-01 8.531169835888099962e-02 6.390389390178352613e-01
5.804737176400000317e+04 4.074001740045238193e+02 2.842760065665977387e-01 5.086194658398072999e-02 6.648620468494214064e-01
5.771118577599999844e+04 2.323363974500466611e+02 1.711201754310198164e-01 8.814718420349297590e-02 7.407326403654872493e-01
5.769031311999999889e+04 4.798892367358633919e+02 3.168071341132159269e-01 8.807712509657775191e-02 5.951157407902063490e-01
5.801736638400000083e+04 4.354997340137006177e+02 3.056274512371560670e-01 2.185676458905085051e-02 6.725157841737930964e-01
5.799337831600000209e+04 4.347004432823471234e+02 3.023615442056782343e-01 3.699597871636554902e-02 6.606424770779562028e-01
5.797235136600000260e+04 3.965701296122476265e+02 2.709235465688780709e-01 9.177184852039926843e-02 6.373046049107227162e-01
5.781812169200000062e+04 3.395650798387500231e+02 2.452091288412596159e-01 4.272400837181606487e-02 7.120668627869243261e-01
5.779619145199999912e+04 3.560896177400241527e+02 2.583316211957257802e-01 2.299746778195813426e-02 7.186709110223161723e-01
5.777425442199999816e+04 3.167437171330603292e+02 2.186736203961414660e-01 1.304922441570791902e-01 6.508341354467793716e-01
5.775315059599999950e+04 4.173019060170984176e+02 2.918228036993024133e-01 4.040049068947874217e-02 6.677767056112188238e-01
5.773228961400000117e+04 3.789004685000817858e+02 2.610063517923837950e-01 9.103779274849559122e-02 6.479558554591207109e-01
5.781815779199999815e+04 3.254480873988689495e+02 2.356639620138946956e-01 4.833038179303241616e-02 7.160056561930728813e-01
