5.797235326799999893e+04 4.714248783128435889e+02 4.257898076491458683e-01 2.838301232049589284e-02 5.458271800303581278e-01
5.815306508800000302e+04 3.936744268182055748e+02 3.361777819656797672e-01 1.758970302104905237e-01 4.879251878238295981e-01
5.804737367800000357e+04 4.654096255602652832e+02 4.127379598899897917e-01 6.104157406161394434e-02 5.262204660483961183e-01
5.781812369000000035e+04 4.205296930281214713e+02 3.820454788299308402e-01 6.571634318073121817e-02 5.522381779893380527e-01
5.808933719199999905e+04 4.460073481176640371e+02 3.955572062688433310e-01 7.815390062610082234e-02 5.262888931050558883e-01
5.773229151599999750e+04 5.111659248870138299e+02 4.498719941006563139e-01 3.187270170236118638e-02 5.182553041969824026e-01
5.821600220599999739e+04 4.021958873487565143e+02 3.641813635739992727e-01 8.722620045798551436e-02 5.485924359680152129e-01
5.822404881400000158e+04 3.593912325951379785e+02 3.130161814530751374e-01 1.794228090961001165e-01 5.075610094508246073e-01
5.806827997599999799e+04 4.482322554615335548e+02 3.918860787160284298e-01 9.666402953967251355e-02 5.114498917442991122e-01
5.819507473400000163e+04 4.320648079503483245e+02 3.919228336709150717e-01 5.753197273099988629e-02 5.505451935980851808e-01
5.811016464000000269e+04 4.398780986035173441e+02 3.982069552613565766e-01 5.346225226607537184e-02 5.483307924725681071e-01
5.833534418200000073e+04 3.665654304509183135e+02 3.520362562487305280e-01 3.085541636910806712e-02 6.171083273821614812e-01
5.813226409799999965e+04 4.190714093944447427e+02 3.747593399637796918e-01 9.016093386059316483e-02 5.350797261756271572e-01
5.781815971400000126e+04 3.830298412887757422e+02 3.316354143473385085e-01 1.667776545812457156e-01 5.015869310714157203e-01
5.779619338399999833e+04 4.330294298995257805e+02 3.753542187487624027e-01 1.219127658288100130e-01 5.027330154224276537e-01
5.801736830400000326e+04 4.906897752464510063e+02 4.387757824775262994e-01 2.621543347945283486e-02 5.350087840430207686e-01
5.777425635199999670e+04 3.376928068451747436e+02 3.238233931528192722e-01 6.091126849669781240e-02 6.152653383504829154e-01
5.775315251600000192e+04 4.991458834655683177e+02 4.214970886541012374e-01 1.013871081740234797e-01 4.771158031718751302e-01
5.817406672599999729e+04 4.158612738729725606e+02 3.682633222846587451e-01 1.070384404102405207e-01 5.246982373051005677e-01
5.771118768799999816e+04 3.826361556616055850e+02 3.525316000628262447e-01 7.951366315017924236e-02 5.679547367869945962e-01
5.799338022400000045e+04 5.215672018437591078e+02 4.653154100538574034e-01 2.130217489825267808e-03 5.325543724563172043e-01
5.769031502000000182e+04 6.117451277501365894e+02 4.983872075511182054e-01 5.751116424113034142e-02 4.441016282077514532e-01
