5.833534362420139951e+04 1.233306341280495921e+01 5.013433140171893489e-03 9.947888005805058942e-01 1.977662793221603079e-04
5.833533987771990360e+04 1.209905512357720347e+01 4.848135849927727101e-03 9.949597008856997382e-01 1.921632643725719263e-04
5.819507041040509648e+04 2.063369630458830528e+01 1.075221738904191815e-02 9.889227958109715333e-01 3.249867999865656341e-04
5.801736777380789863e+04 3.491592380994381983e+01 1.814717175024723600e-02 9.815295365595230193e-01 3.232916902298363588e-04
5.819507418067129765e+04 2.063265515350676793e+01 1.081538863122318180e-02 9.888557614513920901e-01 3.288499173847252415e-04
5.781812119759259804e+04 1.020829425100081700e+01 3.235431577021300083e-03 9.966443470186688858e-01 1.202214043099470125e-04
5.799337591884259746e+04 3.576558547248633602e+01 1.875935149130458432e-02 9.809113963119854285e-01 3.292521967100019500e-04
5.771118526806709997e+04 1.065922268567191900e+01 4.300693342753764137e-03 9.955044794524361418e-01 1.948272048101577216e-04
5.785904001693290047e+04 4.201147671984107212e+00 2.198661886128614254e-03 9.974735413074533597e-01 3.277968064179800174e-04
5.808933477025460161e+04 1.374503180789105095e+01 3.935696317554375837e-03 9.959661796517851329e-01 9.812403066059798668e-05
5.773229096026619663e+04 2.182181598696606883e+01 1.150674427296273505e-02 9.881604836623435473e-01 3.327720646937147998e-04
5.769031072403940198e+04 3.663563350333075874e+01 1.935424744191209523e-02 9.803117353175411219e-01 3.340172405468469106e-04
5.819507230849540065e+04 2.049590273187240541e+01 1.066214820625032214e-02 9.890139755868568860e-01 3.238762068928611472e-04
5.822404826999999932e+04 1.642213423358527180e+01 8.545786981737760191e-03 9.911301207668488100e-01 3.240922514133943891e-04
5.779619282559029671e+04 9.742322043598640846e+00 2.635363088116341856e-03 9.972770620075873671e-01 8.757490429639786683e-05
5.806827565997689817e+04 2.571790501636003512e+01 1.282320964448284764e-02 9.868792498982783545e-01 2.975404572387425287e-04
5.785903812146990094e+04 nan nan nan nan
5.781811904589120240e+04 9.791218156024321218e+00 3.111461404781967321e-03 9.967676795665955103e-01 1.208590286225506486e-04
5.801736399829859874e+04 3.423348587948989774e+01 1.786852019369317493e-02 9.818054189660598841e-01 3.260608402470310026e-04
5.779619095310189732e+04 9.934449982694944836e+00 2.724864084615885931e-03 9.971850979336782661e-01 9.003798170595073526e-05
5.799337969240739767e+04 3.512989021062637818e+01 1.841603005234171073e-02 9.812550712438151690e-01 3.288987038432054466e-04
5.801736587087959924e+04 3.604750423556446037e+01 1.936832919704864486e-02 9.802861631828648781e-01 3.455076200865564808e-04
5.785903624081020098e+04 nan nan nan nan
5.799337779287040030e+04 3.568212060997723967e+01 1.879015453783481129e-02 9.808779639141149698e-01 3.318815480502736366e-04
5.811016409763890260e+04 2.645911193159466279e+01 1.424416480396507693e-02 9.854089808268059469e-01 3.468543692289730897e-04
5.821599788078699930e+04 2.267946518483117657e+01 1.177411592107151066e-02 9.879033209571532748e-01 3.225631217753003959e-04
5.822404446969910350e+04 1.738510678332410464e+01 9.039251822107019496e-03 9.906372037216599757e-01 3.235444562330831502e-04
5.775315010799770243e+04 2.483363475586180513e+01 1.321672167701172865e-02 9.864442854034041197e-01 3.389929195842062370e-04
5.775314820968749700e+04 2.514137932489796512e+01 1.346303499211515785e-02 9.861937775047577848e-01 3.431875031271390238e-04
5.769031259791670163e+04 3.684190135115320430e+01 1.965025574191383087e-02 9.800092764457057903e-01 3.404678123803449655e-04
5.777425391638890142e+04 1.691479303789104449e+01 8.365641905271550480e-03 9.913416135024132325e-01 2.927445923152195511e-04
5.817406429171300260e+04 1.219112279506964924e+01 3.658697783279457605e-03 9.962335095093229898e-01 1.077927073974971746e-04
5.811016222625000228e+04 2.661094127075955029e+01 1.429525802232547473e-02 9.853593698857269212e-01 3.453720919476921760e-04
5.804737124311339721e+04 2.901762568682806886e+01 1.430927079059766960e-02 9.853997010762908237e-01 2.910281331115713321e-04
5.781815728885419958e+04 8.465918849955974324e+00 2.859193771845436848e-03 9.970042967857053462e-01 1.365094424492080936e-04
5.815306079493059951e+04 2.395807007958947210e+01 1.260482620137404718e-02 9.870638948959535863e-01 3.312789026724188087e-04
5.797235274172449863e+04 1.188595328403101803e+01 2.827819554520734965e-03 9.971044382815160700e-01 6.774216396320462943e-05
5.769031447164349811e+04 3.738526806729783658e+01 1.987801286276421470e-02 9.797836352108213465e-01 3.383519264144874681e-04
5.775315198055560177e+04 2.473587468323617600e+01 1.314434260820807575e-02 9.865177117002871254e-01 3.379456915049280571e-04
5.777425201861109963e+04 1.692854644998989855e+01 8.374604062099643906e-03 9.913325002722768176e-01 2.928956656236482610e-04
5.804737313887730124e+04 2.757872303875175746e+01 1.312071094740797569e-02 9.866084008159572427e-01 2.708882366347557346e-04
5.808933664172449789e+04 1.372540814433941314e+01 3.904018036180979204e-03 9.959991548888619262e-01 9.682707495715032261e-05
5.815306266768519708e+04 2.383037996654096347e+01 1.254798979764145707e-02 9.871201844431458650e-01 3.318257592127108759e-04
5.822404636932870199e+04 1.687345648313041124e+01 8.783353134418889901e-03 9.908923548221848510e-01 3.242920433963514043e-04
5.781815918607640197e+04 8.393518973253254245e+00 2.795827430419465121e-03 9.970713853470116739e-01 1.327872225689528116e-04
5.771118339418980031e+04 9.166637837807183331e+00 3.774285117183568891e-03 9.960228191190231284e-01 2.028957637932582967e-04
5.833534175256940216e+04 1.298138030147037369e+01 5.194716342834371399e-03 9.946136350591624486e-01 1.916485980031785161e-04
5.821599978011570056e+04 2.240992513762819627e+01 1.159576877752382072e-02 9.880837947079053052e-01 3.204365145708831428e-04
5.781812314596059878e+04 1.023053958629144056e+01 3.263703631775920818e-03 9.966144961500673638e-01 1.218002181567046620e-04
5.797234897155089857e+04 1.162332888209230219e+01 2.803915765359976924e-03 9.971264388102138998e-01 6.964542442616429997e-05
5.771118714638889651e+04 1.347573891271037105e+01 5.609696959059836709e-03 9.941829084895049684e-01 2.073945514351458505e-04
5.821600167568289908e+04 2.281014408856955100e+01 1.185019664076789221e-02 9.878267912722398236e-01 3.230120869923597303e-04
5.797235084578699752e+04 1.190807528761707346e+01 2.878834408457799521e-03 9.970512178102978185e-01 6.994778124448647457e-05
5.808933284642359649e+04 1.337248592273676628e+01 3.788293030511325106e-03 9.961156593626524502e-01 9.604760683618097949e-05
5.813226167937499849e+04 1.842118080207329101e+01 9.872096820199245670e-03 9.897841809671414914e-01 3.437222126592231032e-04
5.777425581326390238e+04 1.696914536292683096e+01 8.258563003663378643e-03 9.914579633110975898e-01 2.834736852389654655e-04
5.804736936814810178e+04 2.964389920603164086e+01 1.491378217094427652e-02 9.847832973379405663e-01 3.029204911151612677e-04
5.779618900283570110e+04 1.053223427082743058e+01 2.893101385485190129e-03 9.970165939876910466e-01 9.030462682380059581e-05
5.806827755928239640e+04 2.618442845273487052e+01 1.319773208391256981e-02 9.864982241275452868e-01 3.040437885421182012e-04
5.806827943190970109e+04 2.561856117147557299e+01 1.270820016041611725e-02 9.869973018455312497e-01 2.944979940526619715e-04
5.815306454024309642e+04 2.343938292523218081e+01 1.245637351924624645e-02 9.872056281044055970e-01 3.379983763481987516e-04
5.773228721622689773e+04 2.069032314329303190e+01 1.063868131218816994e-02 9.890448980737763796e-01 3.164206140355467836e-04
5.817406241802080331e+04 1.228082596654053127e+01 3.749386236397261093e-03 9.961390587933522944e-01 1.115549702504390158e-04
5.813226355444439832e+04 1.841401907416922157e+01 9.908331927207577466e-03 9.897451486091202177e-01 3.465194636721708019e-04
5.781815539165509836e+04 8.648982094227070760e+00 2.832310585192092042e-03 9.970393454439396841e-01 1.283439708683366807e-04
5.817406618748840265e+04 1.201300345294873573e+01 3.610415726980631141e-03 9.962814819721077519e-01 1.081023009116370955e-04
5.811016035240740166e+04 2.631435325314901874e+01 1.400346842572608094e-02 9.856576019352997209e-01 3.389296389741861372e-04
5.773228908994210360e+04 2.074985678189019467e+01 1.082491501405682607e-02 9.888493664298945163e-01 3.257185560486908302e-04
