5.771118714638889651e+04 1.346397047945134773e+01 5.090955841926798550e-03 9.947379338884443367e-01 1.711102696287949379e-04
5.806827943190970109e+04 2.897429958045573173e+01 1.415067049572429729e-02 9.855638651661753347e-01 2.854643381004255080e-04
5.821599788078699930e+04 2.425820181239031115e+01 1.103029844113963265e-02 9.887222552193574154e-01 2.474463395028239274e-04
5.781815539165509836e+04 1.157220006228163278e+01 3.300422085755271712e-03 9.966022290654855675e-01 9.734884875921856495e-05
5.808933284642359649e+04 1.666323246673252356e+01 4.996736777914723843e-03 9.948956468977312451e-01 1.076163243540823917e-04
5.781812314596059878e+04 1.062815145591420141e+01 2.984810947476971947e-03 9.969207955925186715e-01 9.439346000434150534e-05
5.808933477025460161e+04 1.656784865673720830e+01 4.946459128818146526e-03 9.949468615288793449e-01 1.066793423026326360e-04
5.777425581326390238e+04 1.889725269552938869e+01 8.663407075067158791e-03 9.910850548001793880e-01 2.515381247534514823e-04
5.811016409763890260e+04 2.723338732993781974e+01 1.344364971674481650e-02 9.862647051273144561e-01 2.916451559408311475e-04
5.801736777380789863e+04 3.637955622049734927e+01 1.820468843261038513e-02 9.814956193782370386e-01 2.996921891525701834e-04
5.833534362420139951e+04 1.522019738713218828e+01 5.451337146567358620e-03 9.943951342736354615e-01 1.535285797971996968e-04
5.822404826999999932e+04 2.152567991067319397e+01 9.480015263139192350e-03 9.902878564671336870e-01 2.321282697271581002e-04
5.819507418067129765e+04 2.384896029869759815e+01 1.147580487960532872e-02 9.882470858042012862e-01 2.771093161933488400e-04
5.775315010799770243e+04 2.531922490063787379e+01 1.314181283328600021e-02 9.865357586395839817e-01 3.224285271300629985e-04
5.819507041040509648e+04 2.446462000089810118e+01 1.188676726570786490e-02 9.878306964122249845e-01 2.825363220670558655e-04
5.806827755928239640e+04 2.955962502821154558e+01 1.455059347161018549e-02 9.851594136784344036e-01 2.899928499554939917e-04
5.781815728885419958e+04 1.131781773708375027e+01 3.271450711786230616e-03 9.966285541031265627e-01 9.999518508717027479e-05
5.777425201861109963e+04 1.906203267097149379e+01 8.828566058405118780e-03 9.909147104329043554e-01 2.567235086904929827e-04
5.785903624081020098e+04 nan nan nan nan
5.781811904589120240e+04 1.195593400038902310e+01 3.431214405516138603e-03 9.964702138568924950e-01 9.857173759142037045e-05
5.817406429171300260e+04 1.445485994209017377e+01 4.102240335270874484e-03 9.958013682971413871e-01 9.639136758788098406e-05
5.804737124311339721e+04 3.058343141104174023e+01 1.443648818002742605e-02 9.852968416643497207e-01 2.666701556228693475e-04
5.817406618748840265e+04 1.469966880012560040e+01 4.227648309576370264e-03 9.956733582719951015e-01 9.899341842850781768e-05
5.815306454024309642e+04 2.590359930656343934e+01 1.316623165616359267e-02 9.865245776070185046e-01 3.091907368179122790e-04
5.801736587087959924e+04 3.588032824508643870e+01 1.784105382085396374e-02 9.818630414481573920e-01 2.959047309887218014e-04
5.773228721622689773e+04 2.084090855349989013e+01 1.003982170375446181e-02 9.896824357442570719e-01 2.777425519883199999e-04
5.771118526806709997e+04 1.102988520102721459e+01 4.119027737546059748e-03 9.957140665636647903e-01 1.669056987890850971e-04
5.813226355444439832e+04 2.361154654285483190e+01 1.165153576581861444e-02 9.880570295785318091e-01 2.914346556495655389e-04
5.799337969240739767e+04 3.735833473295618035e+01 1.846864935791364681e-02 9.812388552890237703e-01 2.924953530626166155e-04
5.833533987771990360e+04 1.619543694380483245e+01 5.831441585149109430e-03 9.940133946755681515e-01 1.551637392826438558e-04
5.821599978011570056e+04 2.495556625242809190e+01 1.154055726236508615e-02 9.882035002302848037e-01 2.559425073499510561e-04
5.777425391638890142e+04 1.929958981275070329e+01 9.043266886174659153e-03 9.906939616166580143e-01 2.627714971673345587e-04
5.815306079493059951e+04 2.701118734410102462e+01 1.403666522128826921e-02 9.856401400634405841e-01 3.231947152711424549e-04
5.806827565997689817e+04 2.880750694897461273e+01 1.399674949937436234e-02 9.857207190843274569e-01 2.825314162980556887e-04
5.808933664172449789e+04 1.658673359449855766e+01 4.967018569736057938e-03 9.949256582469931942e-01 1.073231832707503846e-04
5.769031072403940198e+04 3.515128856288494319e+01 1.763560241059982867e-02 9.820631512239940131e-01 3.012463654061331626e-04
5.804736936814810178e+04 3.097046473220285634e+01 1.465657328401539540e-02 9.850753906962377293e-01 2.680360197468331629e-04
5.781812119759259804e+04 1.051059220483262457e+01 3.015985926350387130e-03 9.968854705776832859e-01 9.854349596636656299e-05
5.769031447164349811e+04 3.579751258851725737e+01 1.806880545536296637e-02 9.816262808713697163e-01 3.049136732673523773e-04
5.779619282559029671e+04 1.584123458934182871e+01 5.206463356463837330e-03 9.946642566569039445e-01 1.292799866323213816e-04
5.799337591884259746e+04 3.803466942452440946e+01 1.875532467881500104e-02 9.809536615113488844e-01 2.910138098361360988e-04
5.811016222625000228e+04 2.723387712497237700e+01 1.337109476154597562e-02 9.863404099644982326e-01 2.884952739557883339e-04
5.775315198055560177e+04 2.507341475816970799e+01 1.290558320866294802e-02 9.867773490797623337e-01 3.170677115747705475e-04
5.819507230849540065e+04 2.449954852822094864e+01 1.182186948385131539e-02 9.878994671525436200e-01 2.786633636049953540e-04
5.799337779287040030e+04 3.805517585480612297e+01 1.913653611901600798e-02 9.805608262633309646e-01 3.026376176530223925e-04
5.781815918607640197e+04 1.120343804639047036e+01 3.204963011554674661e-03 9.966970954037548402e-01 9.794158469050306156e-05
5.833534175256940216e+04 1.586935118918275833e+01 5.664136926526767805e-03 9.941833971243064783e-01 1.524659491666959898e-04
5.801736399829859874e+04 3.549216049105218929e+01 1.780174454784444818e-02 9.818971740200855836e-01 3.010814320700596074e-04
5.804737313887730124e+04 2.990057675966025741e+01 1.390660902130552885e-02 9.858345058668597227e-01 2.588851118347845824e-04
5.811016035240740166e+04 2.765918445006779791e+01 1.378290757753833015e-02 9.859199075738702689e-01 2.971848485914092516e-04
5.769031259791670163e+04 3.460895794508545720e+01 1.751615343115265830e-02 9.821772804525169542e-01 3.065661163303400874e-04
5.815306266768519708e+04 2.560046935497837595e+01 1.280733829501499998e-02 9.868931280512576176e-01 2.995336537273935004e-04
5.771118339418980031e+04 9.495974903509027953e+00 3.663020960418557088e-03 9.961588956520701643e-01 1.780833875112949394e-04
5.779618900283570110e+04 1.589324314503152280e+01 5.247041008445934955e-03 9.946225139489871525e-01 1.304450425669643056e-04
5.813226167937499849e+04 2.402736764532565772e+01 1.203901594840269158e-02 9.876605194533319976e-01 3.004645982652780992e-04
5.773229096026619663e+04 2.145538418053203600e+01 1.061552438750656448e-02 9.890914982729576144e-01 2.929773395358286898e-04
5.797234897155089857e+04 2.327803514251126416e+01 8.085138016702887731e-03 9.917704823435571360e-01 1.443796397398799209e-04
5.822404636932870199e+04 2.193583988678917862e+01 9.726998020337563819e-03 9.900376743951599945e-01 2.353275845022712281e-04
5.822404446969910350e+04 2.240078040189623465e+01 1.006421593022084095e-02 9.896942061084278430e-01 2.415779613512013442e-04
5.779619095310189732e+04 1.560860791024380312e+01 5.137773376508445941e-03 9.947325549061932781e-01 1.296717172983978289e-04
5.797235274172449863e+04 2.345707195204594697e+01 8.312387096923938568e-03 9.915373237503368742e-01 1.502891527391041985e-04
5.785903812146990094e+04 nan nan nan nan
5.817406241802080331e+04 1.474009975065103539e+01 4.295014827206346600e-03 9.956033714864876982e-01 1.016136863060026742e-04
5.773228908994210360e+04 2.066905945553147461e+01 1.006997000709725261e-02 9.896459513124281626e-01 2.840786804745435204e-04
5.797235084578699752e+04 2.293299652764779140e+01 8.006056421761447925e-03 9.918480825068382023e-01 1.458610714003985109e-04
5.821600167568289908e+04 2.502317813513212741e+01 1.157598398969434880e-02 9.881678894502000654e-01 2.561265601055531587e-04
5.775314820968749700e+04 2.637640061022413462e+01 1.374791022390885013e-02 9.859269530478245169e-01 3.251367282667282392e-04
5.785904001693290047e+04 5.976035018007300970e+00 2.907999343409876144e-03 9.968086096538173457e-01 2.833910027726428715e-04
