5.779618900283570110e+04 4.085229146900272923e+01 2.820668009305755952e-02 9.706289291766087013e-01 1.164390730333871027e-03
5.769031072403940198e+04 2.456024338788699026e+02 7.170881961287657314e-01 2.620905225589065246e-01 2.082128131232771975e-02
5.769031259791670163e+04 2.342318333226517666e+02 6.692401904759934794e-01 3.108209722015978782e-01 1.993883732240868747e-02
5.769031447164349811e+04 2.187955727049731820e+02 5.683405053583697741e-01 4.151790928535029068e-01 1.648040178812725659e-02
5.771118339418980031e+04 1.027341026617256858e+02 3.490405737449077117e-01 6.227658478686167731e-01 2.819357838647557762e-02
5.771118526806709997e+04 1.492728085550550361e+02 6.316099428270750549e-01 3.246616009986883489e-01 4.372845617423651299e-02
5.771118714638889651e+04 1.168146937037653572e+02 3.185921806718406968e-01 6.632399953730373499e-01 1.816782395512203663e-02
5.773228721622689773e+04 1.923345830592460004e+02 6.801266509809205107e-01 2.893317013630297141e-01 3.054164765604970230e-02
5.773228908994210360e+04 1.758448710357674827e+02 5.829232195941007610e-01 3.902362597679750467e-01 2.684052063792422699e-02
5.773229096026619663e+04 1.822506278840851621e+02 6.198842985635061309e-01 3.518596909855796762e-01 2.825601045091425539e-02
5.775314820968749700e+04 1.783447949953210809e+02 5.080920295000863618e-01 4.720839598029377693e-01 1.982401069697582036e-02
5.775315010799770243e+04 1.710937668158769895e+02 4.767266707496426448e-01 5.043107171949188228e-01 1.896261205543850123e-02
5.775315198055560177e+04 1.723105390338141660e+02 4.801950650956026134e-01 5.008361575055981785e-01 1.896877739879922545e-02
5.777425201861109963e+04 1.461583122175103995e+02 4.328202016225246584e-01 5.457609732832952032e-01 2.141882509418018346e-02
5.777425391638890142e+04 1.572942449680828645e+02 5.010435318840106289e-01 4.741735243770403008e-01 2.478294373894894542e-02
5.777425581326390238e+04 1.531911309516193853e+02 4.782996294312341079e-01 4.978903110529025455e-01 2.381005951586333269e-02
5.779619095310189732e+04 4.084413910522650326e+01 2.835539931244960427e-02 9.704674293505251015e-01 1.177171337025237872e-03
5.779619282559029671e+04 4.253675294420892783e+01 3.017598088344859014e-02 9.685948213592776579e-01 1.229197757273761075e-03
5.781811904589120240e+04 5.360404195489837775e+01 5.694707389783958823e-02 9.402963157196804200e-01 2.756610382480010387e-03
5.781812119759259804e+04 nan nan nan nan
5.781812314596059878e+04 nan nan nan nan
5.781815539165509836e+04 5.758956081598120846e+01 6.811583979484885087e-02 9.284672282163859425e-01 3.416931988765306398e-03
5.781815728885419958e+04 5.240543151758942031e+01 5.900323667955918727e-02 9.379005797194476246e-01 3.096183600993233660e-03
5.781815918607640197e+04 5.369896425019862818e+01 6.153582833571439453e-02 9.352567805559613978e-01 3.207391108324299592e-03
5.785903624081020098e+04 nan nan nan nan
5.785903812146990094e+04 nan nan nan nan
5.785904001693290047e+04 nan nan nan nan
5.797234897155089857e+04 1.347848310884029104e+02 2.323811953705951783e-01 7.603586217182155549e-01 7.260182911189294597e-03
5.797235084578699752e+04 1.418835922548248618e+02 2.610685113657126855e-01 7.306621215418678261e-01 8.269367092419488419e-03
5.797235274172449863e+04 1.490694299187193224e+02 2.848207494712181598e-01 7.062627650716257754e-01 8.916485457155932937e-03
5.799337591884259746e+04 2.202284111144168719e+02 5.433188568923481565e-01 4.418152672212330434e-01 1.486587588641874111e-02
5.799337779287040030e+04 2.442634346198780975e+02 6.761838702677537283e-01 3.050989534012535365e-01 1.871717633099281158e-02
5.799337969240739767e+04 2.041524390150189561e+02 4.727338244596792638e-01 5.141697780965855946e-01 1.309639744373513812e-02
5.801736399829859874e+04 2.146638719944519096e+02 5.426659631369848968e-01 4.417250438844141924e-01 1.560899297860076848e-02
5.801736587087959924e+04 2.167516569887024218e+02 5.526355847308306313e-01 4.314869753928031182e-01 1.587743987636627829e-02
5.801736777380789863e+04 2.190417217369414686e+02 5.569687425478616616e-01 4.272393135005357334e-01 1.579194395160253561e-02
5.804736936814810178e+04 2.169130469647621737e+02 5.962262991368082465e-01 3.853202095681501627e-01 1.845349129504167407e-02
5.804737124311339721e+04 1.969611778912263276e+02 4.910505515569562607e-01 4.937678053357327235e-01 1.518164310731100197e-02
5.804737313887730124e+04 2.554804186138703130e+02 8.330162169555419549e-01 1.410169305296221365e-01 2.596685251483590862e-02
5.806827565997689817e+04 2.238906199961011794e+02 6.900724780701842365e-01 2.867244624733169545e-01 2.320305945649877091e-02
5.806827755928239640e+04 2.108958002325696555e+02 6.149481131427217973e-01 3.642851279500450845e-01 2.076675890723318763e-02
5.806827943190970109e+04 2.563376835949619590e+02 9.156009417668570238e-01 5.323778549860679749e-02 3.116127273453626195e-02
5.808933284642359649e+04 1.966998514602631758e+02 5.745857890492688247e-01 4.045726935992274842e-01 2.084151735150376744e-02
5.808933477025460161e+04 2.428906256061262070e+02 8.680422228817491481e-01 1.007625730559634780e-01 3.119520406228746406e-02
5.808933664172449789e+04 1.055712903528055904e+02 1.644207108620752700e-01 8.296548257431314299e-01 5.924463394793312229e-03
