5.806827997599999799e+04 3.991265303888991980e+02 2.511515695954009142e-01 2.081636431088596528e-01 5.406847872957394330e-01
5.804737367800000357e+04 4.126986178138287187e+02 2.750254209291622121e-01 1.185550231772051627e-01 6.064195558936327224e-01
5.771118768799999816e+04 3.053491242309867744e+02 2.047329270033987625e-01 1.813982401161680080e-01 6.138688328804331462e-01
5.769031502000000182e+04 5.015763574088064729e+02 3.074352080940552234e-01 1.795538349385782662e-01 5.130109569673665382e-01
5.801736830400000326e+04 4.392898828103318465e+02 2.957342241313089537e-01 8.540305645893350728e-02 6.188627194097575668e-01
5.799338022400000045e+04 4.644425410307031257e+02 3.190182093681530606e-01 3.672276449008067545e-02 6.442590261417662223e-01
5.797235326799999893e+04 4.199484098847173072e+02 2.949730891592122761e-01 3.132704443056558846e-02 6.736998664102220591e-01
5.781812369000000035e+04 3.288168440309477205e+02 2.118154673694613854e-01 2.215529491434511666e-01 5.666315834870874202e-01
5.779619338399999833e+04 3.365470528665554752e+02 2.056760873378826460e-01 2.843246232835051623e-01 5.099992893786120529e-01
5.777425635199999670e+04 2.673895695317908690e+02 1.866095990134003513e-01 1.483123952739261731e-01 6.650780057126733924e-01
5.775315251600000192e+04 4.109730898560342212e+02 2.605735364696464273e-01 1.904832834781237660e-01 5.489431800522297511e-01
5.773229151599999750e+04 4.495747820618371975e+02 3.123823697213893302e-01 2.834856780038000346e-02 6.592690624782308051e-01
5.781815971400000126e+04 2.951768555659917865e+02 1.796933992918349765e-01 3.142568731141668348e-01 5.060497275939982442e-01
