5.769031311999999889e+04 5.563001085121635469e+02 4.769457249560110079e-01 3.123079078162093944e-02 4.918234842623680492e-01
5.771118577599999844e+04 2.851112877863320705e+02 2.835056689075307057e-01 5.491138456202672435e-02 6.615829465304425838e-01
5.781812169200000062e+04 3.949661630506771530e+02 3.718704754928657819e-01 3.499494099299162164e-02 5.931345835141424994e-01
5.804737176400000317e+04 4.435130628166130009e+02 4.124308400603076685e-01 8.968313125618144685e-03 5.786008468140741989e-01
5.808933528400000068e+04 4.146858303762825244e+02 3.894622673553130299e-01 2.036109403213310839e-02 5.901766386125537611e-01
5.817406480600000214e+04 3.984341354972561930e+02 3.811049908731419800e-01 6.733773590895586990e-03 6.121612355359623558e-01
5.779619145199999912e+04 4.145431269713769211e+02 3.910852877489874868e-01 1.339910263615416708e-02 5.955156096148583877e-01
5.801736638400000083e+04 4.626093114192814824e+02 4.270257583672650292e-01 2.850619131964332673e-03 5.701236225007705327e-01
5.815306317799999670e+04 3.888791115659906836e+02 3.745724138023509009e-01 4.655788482860911959e-03 6.207717977147882982e-01
5.819507280400000309e+04 3.979650697031529489e+02 3.713568972590969852e-01 4.602669612282792727e-02 5.826164066180751222e-01
5.821600028000000020e+04 3.839622625277031602e+02 3.634860131496499003e-01 3.687763344688212847e-02 5.996363534034679921e-01
5.777425442199999816e+04 3.823268472807120020e+02 3.555748979280983768e-01 6.568679756188670893e-02 5.787383045100150669e-01
5.822404686799999763e+04 3.944123953593723968e+02 3.668250215778546819e-01 5.440442940022598844e-02 5.787705490219193782e-01
5.773228961400000117e+04 4.380192635906716987e+02 3.995538729934579592e-01 4.370423777381835656e-02 5.567418892327236080e-01
5.799337831600000209e+04 4.764542821173183142e+02 4.338471606275428050e-01 1.137298697416499159e-02 5.547798523982921948e-01
5.833534226800000033e+04 3.497704128550043947e+02 3.301088812253548666e-01 7.390257893955159973e-02 5.959885398350935892e-01
5.775315059599999950e+04 4.728872882346979054e+02 4.269743795652614082e-01 2.754668617987081694e-02 5.454789342548678199e-01
5.806827807000000030e+04 4.163393193277632349e+02 3.849150927839539715e-01 4.317890329596603405e-02 5.719060039200800638e-01
5.797235136600000260e+04 4.449812260512716762e+02 4.038786875473259763e-01 4.492268595676101456e-02 5.511986264959130022e-01
5.813226219600000331e+04 4.082299222986273435e+02 3.884416616930627120e-01 5.755130474409022277e-03 6.058032078325283898e-01
5.781815779199999815e+04 3.831700828809863424e+02 3.637704816414146780e-01 3.316836351632434371e-02 6.030611548422609713e-01
5.811016273399999773e+04 3.944177075139610906e+02 3.717429765913859985e-01 3.387951674607934949e-02 5.943775066625346382e-01
