5.779618900283570110e+04 1.102029486598309802e+02 1.609006998507452879e-01 8.338926658699279404e-01 5.206634279326697104e-03
5.769031072403940198e+04 2.719920386549525801e+02 5.710621130602846485e-01 4.181712033912196591e-01 1.076668354849575487e-02
5.769031259791670163e+04 2.888711899879853036e+02 6.453692321767873219e-01 3.424398700532263473e-01 1.219089776998635334e-02
5.769031447164349811e+04 2.771495056023106258e+02 5.863719212062528108e-01 4.026949175820713767e-01 1.093316121167594440e-02
5.771118339418980031e+04 1.412581865337576801e+02 4.478022400756083710e-01 5.276522020350836728e-01 2.454555788930804644e-02
5.771118526806709997e+04 1.993733512208669936e+02 7.705437686732442559e-01 1.929734412204935357e-01 3.648279010626206964e-02
5.771118714638889651e+04 2.083069924608134329e+02 6.957795262364746547e-01 2.769706793441767956e-01 2.724979441934846994e-02
5.773228721622689773e+04 2.156441573480614124e+02 5.388210670974324934e-01 4.459299323374796287e-01 1.524900056508784844e-02
5.773228908994210360e+04 2.162536895206960708e+02 5.564419607769400811e-01 4.273869106487310221e-01 1.617112857432902173e-02
5.773229096026619663e+04 2.177712369118249853e+02 5.485987032882528869e-01 4.359011376555972372e-01 1.550015905614990017e-02
5.775314820968749700e+04 2.356337990472144952e+02 6.041090392887327187e-01 3.798369652940017938e-01 1.605399541726550833e-02
5.775315010799770243e+04 2.417567932784860147e+02 6.299710011592043468e-01 3.534441552148433474e-01 1.658484362595230577e-02
5.775315198055560177e+04 2.447124283390271273e+02 6.444004510874468128e-01 3.386629089589741071e-01 1.693663995357904198e-02
5.777425201861109963e+04 1.843403957493282235e+02 4.595055432535475326e-01 5.253180794219391991e-01 1.517637732451330469e-02
5.777425391638890142e+04 1.790295096640863619e+02 4.365130632999264515e-01 5.489667271865568132e-01 1.452020951351675263e-02
5.777425581326390238e+04 1.765687809101911796e+02 4.261594540084300831e-01 5.596125394986729562e-01 1.422800649289683410e-02
5.779619095310189732e+04 1.076496006383485877e+02 1.602591891118014533e-01 8.343276781986233015e-01 5.413132689575179263e-03
5.779619282559029671e+04 1.026235887557913316e+02 1.409330836772748619e-01 8.544605428091647248e-01 4.606373513560512237e-03
5.781811904589120240e+04 1.060598343307567433e+02 1.656150985888031890e-01 8.284293002882546775e-01 5.955601122942164732e-03
5.781812119759259804e+04 1.356532854889835846e+02 2.689330892317629007e-01 7.214672588740442816e-01 9.599651894192805582e-03
5.781812314596059878e+04 1.240415235725151177e+02 2.222441392329796983e-01 7.699151743066736664e-01 7.840686460346701220e-03
5.781815539165509836e+04 1.021186944295828027e+02 1.661319074467702828e-01 8.274037668168948700e-01 6.464325736334825510e-03
5.781815728885419958e+04 1.046907144851992655e+02 1.791699945811852934e-01 8.136761218009519459e-01 7.153883617862739040e-03
5.781815918607640197e+04 9.927015028206882619e+01 1.585373749264716026e-01 8.352331191377612152e-01 6.229505935767233431e-03
5.785903624081020098e+04 nan nan nan nan
5.785903812146990094e+04 nan nan nan nan
5.785904001693290047e+04 7.589474608133434685e+01 3.001181964368448418e-01 6.616883554650800914e-01 3.819344809807501823e-02
5.797234897155089857e+04 1.961862643210568251e+02 3.685133991125545960e-01 6.228687890287661899e-01 8.617811858679059675e-03
5.797235084578699752e+04 1.827924300553641785e+02 3.181146086535707740e-01 6.744880024487922565e-01 7.397388897636983374e-03
5.797235274172449863e+04 1.915174544585617866e+02 3.432210505253950328e-01 6.489345672282257338e-01 7.844382246379308019e-03
5.799337591884259746e+04 2.929960750509198419e+02 6.773000684446057740e-01 3.096482559584076144e-01 1.305167559698650580e-02
5.799337779287040030e+04 3.061346719322548893e+02 7.321112321349174668e-01 2.539200438108326630e-01 1.396872405424989631e-02
5.799337969240739767e+04 2.919156273698186510e+02 6.713495456388718363e-01 3.157320062388651594e-01 1.291844812226297656e-02
5.801736399829859874e+04 2.639285748832623995e+02 5.541083667156926351e-01 4.351258848551212699e-01 1.076574842918599610e-02
5.801736587087959924e+04 2.827395392927055013e+02 6.319098166080513446e-01 3.558900452223229816e-01 1.220013816962563918e-02
5.801736777380789863e+04 2.863341028374676398e+02 6.514424027013450136e-01 3.359150807241577663e-01 1.264251657449717327e-02
5.804736936814810178e+04 2.967866339554383330e+02 7.846563618892132830e-01 1.982711050985608570e-01 1.707253301222596067e-02
5.804737124311339721e+04 3.172245548507759736e+02 8.978903327605608498e-01 8.254192877270603856e-02 1.956773846673309086e-02
5.804737313887730124e+04 3.278823882352679107e+02 9.563484632671134245e-01 2.287257773074943823e-02 2.077895900213714772e-02
5.806827565997689817e+04 2.631076304896876650e+02 6.334134129799672275e-01 3.524307595315209207e-01 1.415582748851184486e-02
5.806827755928239640e+04 2.714550575997689634e+02 6.744346060908091856e-01 3.104885147297327119e-01 1.507687917945810772e-02
5.806827943190970109e+04 2.739945062050310298e+02 6.844248665122779629e-01 3.003347643249427157e-01 1.524036916277947407e-02
5.808933284642359649e+04 2.256155571588455473e+02 5.050721121157691895e-01 4.826874675963918060e-01 1.224042028783911724e-02
5.808933477025460161e+04 2.481437043893054692e+02 6.135485005181086082e-01 3.715194674610186598e-01 1.493203202087274584e-02
5.808933664172449789e+04 3.096720800274088106e+02 9.306781478255652384e-01 4.726098558447643788e-02 2.206086658995824387e-02
