5.779618900283570110e+04 nan nan nan nan
5.769031072403940198e+04 1.980108747942306877e+02 4.924903166616695915e-01 4.924003624846710614e-01 1.510932085365935401e-02
5.769031259791670163e+04 1.978221297080577870e+02 4.936265834330983981e-01 4.911653161805761281e-01 1.520810038632539225e-02
5.769031447164349811e+04 1.961512228531793767e+02 4.800999626628991712e-01 5.052678604903573234e-01 1.463217684674356089e-02
5.771118339418980031e+04 5.888627056181603336e+01 1.253725955926214275e-01 8.635559475714663646e-01 1.107145683591214888e-02
5.771118526806709997e+04 5.487581624341360254e+01 9.591668649584496331e-02 8.966213351410877719e-01 7.461978363067294298e-03
5.771118714638889651e+04 8.582878473991415547e+01 1.931611318342941475e-01 7.944679710992063049e-01 1.237089706649956676e-02
5.773228721622689773e+04 1.376115550455025414e+02 3.983596894572949965e-01 5.811726313046130521e-01 2.046767923809200349e-02
5.773228908994210360e+04 1.518896204670526231e+02 4.913358107418169807e-01 4.831061060114731909e-01 2.555808324670971049e-02
5.773229096026619663e+04 1.360292524229373896e+02 3.832157874900223304e-01 5.973999269262135758e-01 1.938428558376404862e-02
5.775314820968749700e+04 2.033082024225666089e+02 7.625882024424185390e-01 2.030482493503105723e-01 3.436354820727073600e-02
5.775315010799770243e+04 1.751789080176623372e+02 5.660238293118511343e-01 4.084765665946782365e-01 2.549960409347069856e-02
5.775315198055560177e+04 2.040044543750876471e+02 7.628852691058012336e-01 2.029587474369503042e-01 3.415598345724842055e-02
5.777425201861109963e+04 1.459677328989316720e+02 5.539148661149815300e-01 4.109128999222869671e-01 3.517223396273155139e-02
5.777425391638890142e+04 1.118035608078258036e+02 3.250746293590223157e-01 6.542771554321676897e-01 2.064821520881000155e-02
5.777425581326390238e+04 8.638187833238166036e+01 1.903302492824928138e-01 7.978121183024829977e-01 1.185763241502416424e-02
5.779619095310189732e+04 nan nan nan nan
5.779619282559029671e+04 nan nan nan nan
5.781811904589120240e+04 nan nan nan nan
5.781812119759259804e+04 8.796680369458674420e+01 2.115064056658381986e-01 7.743735174062719162e-01 1.412007692788986614e-02
5.781812314596059878e+04 1.094870000286467189e+02 3.286976605661045547e-01 6.492885022089404101e-01 2.201383722495505249e-02
5.781815539165509836e+04 nan nan nan nan
5.781815728885419958e+04 nan nan nan nan
5.781815918607640197e+04 nan nan nan nan
5.785903624081020098e+04 nan nan nan nan
5.785903812146990094e+04 nan nan nan nan
5.785904001693290047e+04 nan nan nan nan
5.797234897155089857e+04 4.740248495194098410e+01 4.119804177124777173e-02 9.569570338648790697e-01 1.844924363873040596e-03
5.797235084578699752e+04 9.192138818140087153e+01 1.535458681871824382e-01 8.396390549707590800e-01 6.815076842058493886e-03
5.797235274172449863e+04 1.174460680371030890e+02 2.422846715290633002e-01 7.473208536584058370e-01 1.039447481253088015e-02
5.799337591884259746e+04 2.069109090189182893e+02 5.540904336721571566e-01 4.283940814649194739e-01 1.751548486292333479e-02
5.799337779287040030e+04 2.031985370775798572e+02 5.314441629446841064e-01 4.518487103635417390e-01 1.670712669177418230e-02
5.799337969240739767e+04 1.785765300085443812e+02 4.148667240197170814e-01 5.719508275390048357e-01 1.318244844127801352e-02
5.801736399829859874e+04 2.011839914873611406e+02 5.411224093242127386e-01 4.412077824675596505e-01 1.766980820822763171e-02
5.801736587087959924e+04 2.393483858892550700e+02 7.597216913192932353e-01 2.156703446264539026e-01 2.460796405425288991e-02
5.801736777380789863e+04 1.673854922398797953e+02 3.701970768148626356e-01 6.178559475045524163e-01 1.194697568058498624e-02
5.804736936814810178e+04 1.654354166903225973e+02 4.102258357476596395e-01 5.747560060598606579e-01 1.501815819247967650e-02
5.804737124311339721e+04 1.615873246512776689e+02 3.920704297946225325e-01 5.935501546914776494e-01 1.437941551389983544e-02
5.804737313887730124e+04 1.466589112307713094e+02 3.267435658477115812e-01 6.611330236000609872e-01 1.212341055222740903e-02
5.806827565997689817e+04 1.867622965036756568e+02 5.764693688436693941e-01 4.002603464276623946e-01 2.327028472866823211e-02
5.806827755928239640e+04 1.982817199040183596e+02 6.410885568020742165e-01 3.333786497333159349e-01 2.553279346460979315e-02
5.806827943190970109e+04 2.110556188891287377e+02 7.363394852666416135e-01 2.339308522582770888e-01 2.972966247508128726e-02
5.808933284642359649e+04 9.884308735265285861e+01 1.828180209121587074e-01 8.088264676272962639e-01 8.355511460545042568e-03
5.808933477025460161e+04 1.248043211861985924e+02 2.899954848990286549e-01 6.968173675848329252e-01 1.318714751613839740e-02
5.808933664172449789e+04 1.647436901377121785e+02 4.876259210457237758e-01 4.909755644725771750e-01 2.139851448169903525e-02
