5.750814405184030329e+04 3.133812652901956994e+02 6.849702663909615907e-01 3.033609652887859776e-01 1.166876832025244039e-02
5.750814597651619988e+04 3.113940980099284843e+02 6.618086508360931930e-01 3.271589043778196371e-01 1.103244478608707453e-02
5.750814784447920101e+04 2.963953470233740859e+02 6.176577413191081112e-01 3.717355497339884796e-01 1.060670894690328263e-02
5.752032855259259668e+04 nan nan nan nan
5.752033042518520233e+04 nan nan nan nan
5.752033229543980269e+04 nan nan nan nan
5.753007467814820120e+04 1.532217972200079146e+02 1.619878765234359363e-01 8.352821931852905113e-01 2.729930291273629985e-03
5.753007655275460274e+04 1.625301658594932235e+02 1.821551916419128503e-01 8.147768971415780825e-01 3.067911216509127889e-03
5.753007844962959643e+04 1.709587683696288707e+02 1.978615450709812762e-01 7.988667986645087149e-01 3.271656264510077426e-03
5.754723295498840162e+04 2.952109445785228559e+02 6.306398031071482890e-01 3.582140314716221186e-01 1.114616542122955772e-02
5.754723482777780009e+04 2.919810628970794824e+02 6.210462289444055317e-01 3.679036731818932648e-01 1.105009787370119130e-02
5.754723669991899806e+04 3.125894692772052395e+02 7.058771674158351717e-01 2.816680193558481204e-01 1.245481322831672698e-02
5.755801421140049933e+04 3.441655447626954469e+02 8.125302063313802892e-01 1.738562280998652565e-01 1.361356556875445434e-02
5.755801611182869965e+04 3.458550077855462632e+02 8.323853300214421047e-01 1.534668887560423634e-01 1.414778122251554408e-02
5.755801800879630173e+04 3.290663368745169350e+02 7.493379499278102207e-01 2.379967297181156960e-01 1.266532035407416136e-02
5.756818854954859853e+04 3.372070146282273413e+02 8.278962587623813763e-01 1.573810814509968015e-01 1.472265978662176678e-02
5.756819065248840343e+04 3.321680522963581552e+02 8.109877624209479441e-01 1.744529367782820251e-01 1.455930080076989035e-02
5.756819252324070112e+04 3.368055280559576659e+02 8.336545851388148520e-01 1.513816284280879720e-01 1.496378643309709267e-02
5.758319246322919935e+04 2.207510585908048029e+02 4.489824618512183729e-01 5.409138298088270735e-01 1.010370833995457088e-02
5.758319436125000357e+04 2.181749663594113144e+02 3.774624379465406077e-01 6.152267556622872391e-01 7.310806391172184476e-03
5.758319623273149773e+04 2.029906409697289575e+02 3.301307242514622819e-01 6.634090529439620187e-01 6.460222804575729665e-03
5.759998406383099791e+04 3.053345022686096399e+02 6.658607291867153499e-01 3.225236432694951749e-01 1.161562754378933637e-02
5.759998593644679931e+04 3.177972001666377082e+02 7.241154456629027569e-01 2.632038573163013595e-01 1.268069702079585755e-02
5.759998783212959825e+04 3.284746673429673933e+02 7.751126767050343647e-01 2.112868646757130042e-01 1.360045861925261723e-02
5.761013213571759843e+04 1.499860844232964041e+02 1.868363526483128589e-01 8.093735665998756934e-01 3.790080751811455463e-03
5.761013403491899953e+04 1.429172578729705663e+02 1.730126964025750780e-01 8.234078706067106124e-01 3.579432990714316153e-03
5.761199958975690242e+04 3.121378787142120927e+02 6.821376059609688403e-01 3.061975570754014164e-01 1.166483696362978321e-02
5.761200148894680024e+04 2.981098798554244809e+02 6.201306731418869678e-01 3.693001461295843391e-01 1.056918072852868797e-02
5.761200336034719658e+04 2.677760548015480708e+02 5.030882805593696050e-01 4.882904233527854965e-01 8.621296087844825679e-03
5.762007914293980139e+04 3.158613105367140861e+02 7.904078981395009640e-01 1.942975303766432127e-01 1.529457148385582332e-02
5.762008101782410085e+04 3.157855048027436169e+02 8.030744510782792389e-01 1.811292670850476738e-01 1.579628183667314278e-02
5.785717963824069739e+04 nan nan nan nan
5.785718151214120007e+04 nan nan nan nan
5.785729509346059785e+04 2.002678895092503808e+02 4.495378504136944287e-01 5.381555654861903681e-01 1.230658410011514770e-02
5.785729699114579853e+04 1.771554727885252305e+02 3.789698418521993961e-01 6.098530927687552117e-01 1.117706537904535925e-02
5.785729886380789685e+04 1.566809516619702549e+02 3.055805902321526712e-01 6.851287455030429241e-01 9.290664264804560785e-03
5.786715239743059647e+04 2.028352342362977936e+02 4.547948830787132413e-01 5.329258629856049589e-01 1.227925393568168703e-02
5.786715427152779739e+04 1.975407352770819784e+02 4.214251489728425559e-01 5.674586804311504418e-01 1.111617059600706475e-02
5.786715617920140357e+04 2.016967772012559124e+02 4.420397962977361539e-01 5.462287330266979435e-01 1.173147067556603272e-02
5.787734435098380345e+04 3.330508633890104306e+02 7.435266703053213799e-01 2.443002739200422213e-01 1.217305577463638142e-02
5.787734625126160245e+04 2.485005755500539522e+02 4.108771587544716164e-01 5.824456035434889545e-01 6.677237702039466420e-03
5.787734813106479851e+04 3.443856228729881650e+02 7.899301609187588946e-01 1.972194876665878671e-01 1.285035141465322960e-02
5.788831468282410060e+04 2.049169794823218922e+02 3.169510037820261195e-01 6.772057254848516950e-01 5.843270733122187324e-03
5.788831655570599833e+04 2.213760325245583545e+02 3.640926779779566358e-01 6.293005346833842051e-01 6.606787338659083665e-03
5.788831842739580316e+04 2.222259744181877466e+02 3.674821573865172386e-01 6.258388569181446703e-01 6.678985695338124882e-03
5.790105893496530189e+04 3.161424102013026527e+02 7.668430094272018493e-01 2.187863858822135243e-01 1.437060469058462978e-02
5.790106083542820124e+04 3.358624354255383651e+02 8.433880660631094539e-01 1.412105525948037232e-01 1.540138134208687143e-02
5.790106270711810066e+04 3.384723519844237103e+02 8.630619452185583906e-01 1.210575181442006126e-01 1.588053663724103143e-02
5.791103132280090358e+04 1.402078299682013665e+02 1.360522857547673548e-01 8.616478892655156097e-01 2.299824979717017374e-03
5.791103319438659673e+04 1.704875487141214592e+02 1.996447817105868328e-01 7.970058860461765038e-01 3.349332243236780113e-03
5.791103509098380164e+04 1.832157542556791441e+02 2.344775187043208753e-01 7.615220720101011365e-01 4.000409285578124426e-03
5.792214699253469735e+04 3.673258247092651914e+02 9.698110630061284043e-01 1.316347206990798810e-02 1.702546492396357636e-02
5.792214886855320219e+04 3.427603006852033332e+02 8.338689038037276902e-01 1.516752950970604585e-01 1.445580109921188600e-02
5.792215074342589651e+04 3.375420688332163763e+02 8.171845488792253143e-01 1.684997667626573492e-01 1.431568435811726020e-02
5.793314732129630283e+04 3.052906487747927144e+02 6.998305299228767540e-01 2.873347499638758684e-01 1.283472011324734291e-02
5.793314919180559809e+04 3.229789479352539843e+02 7.753872149821905424e-01 2.105355786399998874e-01 1.407720637780944875e-02
5.793315108984950348e+04 3.300782281338862276e+02 8.017327814963725041e-01 1.838575774905847060e-01 1.440964101304288529e-02
5.808928495172449766e+04 nan nan nan nan
5.808928682432870119e+04 1.750482032933685446e+02 4.248488298409282549e-01 5.607638080323600338e-01 1.438736212671174429e-02
5.808928869571760151e+04 1.678971177021704762e+02 2.518918365654863045e-01 7.426106114907261579e-01 5.497551943787550542e-03
5.776936233684029867e+04 1.252478421893011529e+02 1.634089810862321412e-01 8.324334545992719825e-01 4.157564314496044536e-03
5.777932265245370218e+04 2.015896719183971015e+02 4.414993124568232230e-01 5.467854487830795529e-01 1.171523876009719113e-02
5.777932455837960151e+04 2.666138610513525009e+02 7.744531594558776710e-01 2.049380502490364686e-01 2.060879029508579444e-02
5.777932645429400145e+04 2.561772651169576420e+02 7.130394727096576180e-01 2.680382408745015099e-01 1.892228641584088947e-02
5.779119933505789959e+04 1.775878556713910257e+02 3.018393831982521536e-01 6.911047086330145417e-01 7.055908168733383660e-03
5.779120120866900106e+04 1.749542140110570188e+02 2.958632565399635928e-01 6.971518322749663543e-01 6.984911185070023440e-03
5.779120310692129715e+04 1.822797174689527822e+02 3.224537794792088352e-01 6.699028328613412242e-01 7.643387659450014311e-03
5.780131750628470036e+04 1.705981589225334289e+02 3.073973105419319229e-01 6.846725817873784425e-01 7.930107670689650126e-03
5.780131938141200226e+04 1.532642335656341004e+02 2.516043474291260740e-01 7.418132826814880509e-01 6.582369889385895900e-03
5.780132125148150226e+04 1.436684863568095238e+02 2.172061555855126502e-01 7.772110856449295779e-01 5.582758769557743216e-03
5.781429775741900085e+04 2.790430363340207691e+02 8.797098175720672319e-01 9.601490865161131649e-02 2.427527377632138217e-02
5.781429965668980003e+04 2.764428986806694297e+02 8.463532126857371551e-01 1.307528729058672901e-01 2.289391440839550623e-02
5.781430152931709745e+04 2.914317962943272278e+02 9.427386268780207912e-01 3.170281354572468402e-02 2.555855957625440683e-02
5.782430731930559705e+04 1.626505224923009791e+02 2.923458271488837967e-01 6.997635640963086878e-01 7.890608754807423506e-03
5.782430919329859898e+04 1.620670402214122987e+02 2.815635432839476149e-01 7.110643590677367953e-01 7.372097648315463145e-03
5.763300649296300253e+04 3.008437133355959077e+02 6.575900037530632014e-01 3.307403911047978040e-01 1.166960514213892172e-02
5.763300839271990117e+04 3.052984210097680489e+02 6.802660269666729320e-01 3.076074558733178366e-01 1.212651716000924876e-02
5.763301029209489934e+04 3.449845587379116409e+02 8.715239048322123150e-01 1.128882195774294911e-01 1.558787559035827545e-02
5.772434491921299923e+04 2.509886967144037442e+02 5.636999164981699728e-01 4.239799546192231094e-01 1.232012888260688305e-02
5.772434679296299873e+04 2.843258371737353514e+02 7.248152499880794464e-01 2.593120931255329387e-01 1.587265688638756292e-02
5.772434866576390050e+04 2.311970322042208750e+02 4.708852449921555605e-01 5.189827990894656518e-01 1.013195591837884671e-02
5.773628768722219684e+04 8.565824649428056148e+01 7.013266188439515325e-02 9.282300318519963733e-01 1.637306263608402949e-03
5.773628956223379646e+04 8.779014514460916985e+01 7.228998107666685657e-02 9.260538969285717625e-01 1.656121994761365493e-03
5.773629143378470326e+04 9.063039181442793790e+01 7.689210051025130443e-02 9.213498003078569587e-01 1.758099181891704119e-03
5.774633784363429731e+04 3.157882089049579122e+02 8.691258198721557582e-01 1.123729280199813885e-01 1.850125210786275273e-02
5.774633974197920179e+04 3.000584968314386742e+02 7.772722812830913375e-01 2.063383532702754708e-01 1.638936544663308417e-02
5.774634164041670010e+04 2.844464642965006647e+02 7.050974472354673006e-01 2.798944829229889075e-01 1.500806984154371207e-02
5.775718913462960336e+04 1.551767028985649404e+02 2.234318506341552713e-01 7.715044867407393481e-01 5.063662625105417973e-03
5.775719103354169783e+04 1.491235591824333255e+02 2.050963272124631531e-01 7.902835780367272189e-01 4.620094750809653102e-03
5.775719293282410217e+04 1.528583089381893387e+02 2.137287693856780857e-01 7.814962071950942724e-01 4.775023419227623737e-03
5.776935856103010155e+04 1.248634093650218944e+02 1.633804235105550673e-01 8.324378339201944366e-01 4.181742569250656606e-03
5.762008289043980039e+04 3.370259156891061707e+02 9.162711376190284529e-01 6.567587595983920279e-02 1.805298642113232696e-02
5.776936043849540147e+04 1.221646032316042323e+02 1.567051090079433773e-01 8.392760282750291179e-01 4.018862717027617618e-03
5.782431106597220059e+04 1.633842027511392416e+02 2.891806692376147625e-01 7.031678405444842239e-01 7.651490217901056080e-03
