5.793314784599999984e+04 3.566142715934381044e+02 2.616435382953724020e-01 3.307719340637952938e-03 7.350487423639896489e-01
5.792214754800000082e+04 3.723684755750532531e+02 2.710516117754072085e-01 5.426414800679351877e-03 7.235219734239134448e-01
5.780131803599999694e+04 2.819547301168772151e+02 2.132238043755468326e-01 5.856894756509576846e-03 7.809193008679435888e-01
5.779119986600000266e+04 2.967779337465363483e+02 2.230382655701702854e-01 5.722534518341869034e-03 7.712391999114878161e-01
5.777932315599999856e+04 2.314711770199444345e+02 1.768258834783346944e-01 2.629694807854553174e-02 7.968771684431198432e-01
5.776935911199999828e+04 2.766891282198454860e+02 2.095380482005311240e-01 7.329629267907130340e-03 7.831323225315618419e-01
5.775718968199999654e+04 2.981069393857079604e+02 2.225566167879965418e-01 1.636322343520123929e-02 7.610801597768021010e-01
5.774633838600000308e+04 3.233192662914830180e+02 2.389413516313385055e-01 1.527473109413039418e-02 7.457839172745310830e-01
5.773628818799999863e+04 2.884734121826137994e+02 2.158669096481725669e-01 1.949819138215205111e-02 7.646348989696754028e-01
5.772434545999999682e+04 3.229730376742138560e+02 2.399927367453746074e-01 6.031803676624011672e-03 7.539754595780013835e-01
5.763300703200000135e+04 3.842412576275680181e+02 2.766368136151423629e-01 1.557141756405205739e-02 7.077917688208056335e-01
5.762007969400000002e+04 3.595341434480858993e+02 2.625207028554083499e-01 9.464196310838788109e-03 7.280151008337529817e-01
5.791103187400000024e+04 3.763060010678754566e+02 2.727815203237325403e-01 9.686679305011951582e-03 7.175318003712555237e-01
5.761200010399999883e+04 3.926300962015049549e+02 2.838452118678271852e-01 2.497799629907015203e-03 7.136569885022656656e-01
5.761013266799999838e+04 2.519181466581705422e+02 1.932483331780984193e-01 3.214149399166982366e-03 8.035375174227346040e-01
5.759998459800000273e+04 3.985314005817297129e+02 2.858551680408967233e-01 1.162181711814249362e-02 7.025230148409608022e-01
5.758319299199999659e+04 3.023691199945176322e+02 2.249986704063270671e-01 1.890247145350421737e-02 7.560988581401687503e-01
5.756818909400000121e+04 3.868963865666769948e+02 2.799655187222958586e-01 5.022539850977260356e-03 7.150119414267268603e-01
5.755801474600000074e+04 4.064570425382634653e+02 2.917141106538939099e-01 4.923536386867345509e-03 7.033623529592386570e-01
5.754723344999999972e+04 3.961991493376782500e+02 2.861734016361096034e-01 1.424803716681784758e-03 7.124017946472086527e-01
5.753007521200000338e+04 4.175526056778693942e+02 2.951151235697100361e-01 2.277539481137548158e-02 6.821094816189144927e-01
5.790105947800000285e+04 3.661582300349529078e+02 2.651789976509216218e-01 1.862119499130217987e-02 7.161998073577762192e-01
5.788831522599999880e+04 3.800135841580427041e+02 2.744724630472567539e-01 1.317845812809327957e-02 7.123490788246499283e-01
5.787734489999999641e+04 4.079553200485710818e+02 2.912310360936913867e-01 1.287405514836485569e-02 6.958949087579436865e-01
5.786715289800000028e+04 2.544211519575879663e+02 1.936753365515534175e-01 1.503451286115847253e-02 7.912901505872880215e-01
5.785718016799999896e+04 1.536022633265327499e+02 1.229479609135745166e-01 2.187162192235475675e-03 8.748648768941899023e-01
5.782430783199999860e+04 2.924879417308911229e+02 2.195385952297013998e-01 1.115494368572630089e-02 7.693064610845722351e-01
5.781429830999999831e+04 2.677132991547083520e+02 2.031873051734173208e-01 1.022563181909730973e-02 7.865870630074854875e-01
5.785729559000000154e+04 2.531011579400816061e+02 1.938860586956318577e-01 4.807836628057859420e-03 8.013061046763102491e-01
