5.750814405184030329e+04 1.377760313149385638e+02 4.921873754253933142e-01 4.766423063883714617e-01 3.117031818623519634e-02
5.750814597651619988e+04 1.655289621902275599e+02 6.814752615244937806e-01 2.771266924935049669e-01 4.139804598200126640e-02
5.750814784447920101e+04 1.569026949653891450e+02 6.242489445778713897e-01 3.370892203082327954e-01 3.866183511389579414e-02
5.752032855259259668e+04 nan nan nan nan
5.752033042518520233e+04 nan nan nan nan
5.752033229543980269e+04 nan nan nan nan
5.753007467814820120e+04 1.312619392283430955e+02 4.330734350135915789e-01 5.403393348932451490e-01 2.658723009316323049e-02
5.753007655275460274e+04 1.241697193522978040e+02 3.823636728062716483e-01 5.944757442035198958e-01 2.316058299020845243e-02
5.753007844962959643e+04 1.967571705593002491e+02 9.360444292453995452e-01 8.676666514463757598e-03 5.527890424013666426e-02
5.754723295498840162e+04 1.554099209237981825e+02 6.391503007310829210e-01 3.195377056725279830e-01 4.131199359638902668e-02
5.754723482777780009e+04 1.601898723587137283e+02 6.653429847331333580e-01 2.925214629999036142e-01 4.213555226696305556e-02
5.754723669991899806e+04 1.481723602055679692e+02 5.748154750533404078e-01 3.884266714276017884e-01 3.675785351905790782e-02
5.755801421140049933e+04 1.672398287247784481e+02 7.095528239982999974e-01 2.464811032175738825e-01 4.396607278412607844e-02
5.755801611182869965e+04 1.862027388606745717e+02 8.953381614452833315e-01 4.819028979689621295e-02 5.647154875782053191e-02
5.755801800879630173e+04 1.596708174928888582e+02 6.582043795021360610e-01 3.002908444696226753e-01 4.150477602824125672e-02
5.756818854954859853e+04 1.350291058399981807e+02 4.748876303476562422e-01 4.949021023260909979e-01 3.021026732625274602e-02
5.756819065248840343e+04 1.474319491677727854e+02 5.733250344519374986e-01 3.897392740587112270e-01 3.693569148935137852e-02
5.756819252324070112e+04 1.531119610057131410e+02 6.092622641228934155e-01 3.520638368081870917e-01 3.867389906891943036e-02
5.758319246322919935e+04 nan nan nan nan
5.758319436125000357e+04 7.454594005558263348e+01 1.513606471043561219e-01 8.385699064360118138e-01 1.006944645963202961e-02
5.758319623273149773e+04 7.291856932008518299e+01 1.518144162451837698e-01 8.375984746977965800e-01 1.058710905701968144e-02
5.759998406383099791e+04 1.462135337103635209e+02 5.724619648450838261e-01 3.900971796113868462e-01 3.744085554352930695e-02
5.759998593644679931e+04 1.576334122325842202e+02 6.572864254834054343e-01 3.002476669616973570e-01 4.246590755489723645e-02
5.759998783212959825e+04 1.602840616831247758e+02 6.642351201663743154e-01 2.938188725988605809e-01 4.194600723476499260e-02
5.761013213571759843e+04 1.627791291201851323e+02 7.810449860494494967e-01 1.627231741239138219e-01 5.623183982663662595e-02
5.761013403491899953e+04 1.513755947339807335e+02 6.879236200160665504e-01 2.616339087808655095e-01 5.044247120306798171e-02
5.761199958975690242e+04 1.296965083960361937e+02 4.452074565707964116e-01 5.260122029712142044e-01 2.878034045798950197e-02
5.761200148894680024e+04 1.396651749739880870e+02 5.021622258384200732e-01 4.662630577422098299e-01 3.157471641937005524e-02
5.761200336034719658e+04 1.333675683878068412e+02 4.672114552548579658e-01 5.028138937047824664e-01 2.997465104035949846e-02
5.762007914293980139e+04 1.422313470873172605e+02 5.791415516964619759e-01 3.803629785525002305e-01 4.049546975103787000e-02
5.762008101782410085e+04 1.439488080085009187e+02 5.681800485794101796e-01 3.937674290294731483e-01 3.805252239111673457e-02
5.785717963824069739e+04 nan nan nan nan
5.785718151214120007e+04 nan nan nan nan
5.785729509346059785e+04 8.516345766623045677e+01 2.875958867806727159e-01 6.845501879149586966e-01 2.785392530436859790e-02
5.785729699114579853e+04 nan nan nan nan
5.785729886380789685e+04 nan nan nan nan
5.786715239743059647e+04 1.218799630626481871e+02 5.912608555849007130e-01 3.512585482090437861e-01 5.748059620605548009e-02
5.786715427152779739e+04 1.042418558776290638e+02 4.100519554102283193e-01 5.521541939890366457e-01 3.779385060073500030e-02
5.786715617920140357e+04 1.053891066801954395e+02 4.233886221860957422e-01 5.371915651215324328e-01 3.941981269237173485e-02
5.787734435098380345e+04 8.614179112813191352e+01 1.903707016304201083e-01 7.977004075779781100e-01 1.192889079160174004e-02
5.787734625126160245e+04 1.010082536966249052e+02 2.527100354355888978e-01 7.320016753888038963e-01 1.528828917560723540e-02
5.787734813106479851e+04 9.659433884973189777e+01 2.368608769003600345e-01 7.484528718405528691e-01 1.468625125908719353e-02
5.788831468282410060e+04 1.648792045250410467e+02 7.105819285744429115e-01 2.440527296867637252e-01 4.536534173879334941e-02
5.788831655570599833e+04 1.563148283363474604e+02 6.542354192730402973e-01 3.029792014843981085e-01 4.278537924256158032e-02
5.788831842739580316e+04 1.585188193772153227e+02 6.577145896254378288e-01 3.002378376877913868e-01 4.204757268677087462e-02
5.790105893496530189e+04 1.422019906087724337e+02 5.463196940254397838e-01 4.176299134168863780e-01 3.605039255767388678e-02
5.790106083542820124e+04 1.636248749617678584e+02 7.176401006953135875e-01 2.353767225037996791e-01 4.698317680088670567e-02
5.790106270711810066e+04 1.603175860133081869e+02 6.833437880153406807e-01 2.722806558465665772e-01 4.437555613809272825e-02
5.791103132280090358e+04 8.874294985145789383e+01 2.006893540310430712e-01 7.868193187352233720e-01 1.249132723373346660e-02
5.791103319438659673e+04 9.909265375279896659e+01 2.528246784389470703e-01 7.312758150208656938e-01 1.589950654018726720e-02
5.791103509098380164e+04 9.605135564113257374e+01 2.343341727215153547e-01 7.511282548519977453e-01 1.453757242648683577e-02
5.792214699253469735e+04 1.328755156061598370e+02 4.666555300836112141e-01 5.032192278669987973e-01 3.012524204938996086e-02
5.792214886855320219e+04 1.638063416379715704e+02 6.983426539532130439e-01 2.572654849552551415e-01 4.439186109153180765e-02
5.792215074342589651e+04 1.398991483300945617e+02 5.085816145935886379e-01 4.591394793287530418e-01 3.227890607765823705e-02
5.793314732129630283e+04 1.444752264680909377e+02 5.766706762322035829e-01 3.844161543118032598e-01 3.891316945599313654e-02
5.793314919180559809e+04 1.684648842630265904e+02 7.661241310640124480e-01 1.833624057407966246e-01 5.051346319519098294e-02
5.793315108984950348e+04 1.644595974343026796e+02 7.315566595031752772e-01 2.201146388940258547e-01 4.832870160279895827e-02
5.808928495172449766e+04 nan nan nan nan
5.808928682432870119e+04 nan nan nan nan
5.808928869571760151e+04 1.039907005073998221e+02 3.063201383451540361e-01 6.724869938807516156e-01 2.119286777409438646e-02
5.776936233684029867e+04 8.252723034998004437e+01 2.608888615777060216e-01 7.147024652749237594e-01 2.440867314737028143e-02
5.777932265245370218e+04 1.220741238347010409e+02 5.831078852514730571e-01 3.611635017974815787e-01 5.572861295104539203e-02
5.777932455837960151e+04 9.557857006652368170e+01 3.606861112784850443e-01 6.045310183383035829e-01 3.478287038321142138e-02
5.777932645429400145e+04 1.161416724715653004e+02 5.227359707837557767e-01 4.277855596746626410e-01 4.947846954158155452e-02
5.779119933505789959e+04 1.027948015640336195e+02 3.516208026321734348e-01 6.198010248327209260e-01 2.857817253510569477e-02
5.779120120866900106e+04 1.016084636553756724e+02 3.336322462272948153e-01 6.400345374802839382e-01 2.633321629242126038e-02
5.779120310692129715e+04 1.042185753145214164e+02 3.532401022168609184e-01 6.187005626272770176e-01 2.805933515586211610e-02
5.780131750628470036e+04 1.158033317878143009e+02 5.089624223119318946e-01 4.438576832297981833e-01 4.717989445826992895e-02
5.780131938141200226e+04 1.252369341945656629e+02 6.026897544808552665e-01 3.407449058595804492e-01 5.656533965956429821e-02
5.780132125148150226e+04 9.421570303673533431e+01 3.438676182965174632e-01 6.235964227196326704e-01 3.253595898384994273e-02
5.781429775741900085e+04 1.225460932168619621e+02 6.098770325369313738e-01 3.296288349822485420e-01 6.049413248082015360e-02
5.781429965668980003e+04 1.500616919999551442e+02 9.100892571204199921e-01 7.359929837175217576e-05 8.983714358120825638e-02
5.781430152931709745e+04 1.493605571927854214e+02 8.968318646465016641e-01 1.510830434046296113e-02 8.805983101303532790e-02
5.782430731930559705e+04 1.374717949385830877e+02 7.304062349829012479e-01 2.006445423582997878e-01 6.894922265879892265e-02
5.782430919329859898e+04 1.026641707358208038e+02 3.946963534492627379e-01 5.692029103939906243e-01 3.610073615674667946e-02
5.763300649296300253e+04 1.212164070372694482e+02 3.810618529102304808e-01 5.948004533419258832e-01 2.413769374784368454e-02
5.763300839271990117e+04 1.494186082868741607e+02 5.817783965828627890e-01 3.811933315465229066e-01 3.702827187061442926e-02
5.763301029209489934e+04 1.680281332670662948e+02 7.378264657630811962e-01 2.150788281967390692e-01 4.709470604017971379e-02
5.772434491921299923e+04 1.021461968934198694e+02 3.029763655129534827e-01 6.755353998880071487e-01 2.148823459903930269e-02
5.772434679296299873e+04 1.088496972979953483e+02 3.473078101780328608e-01 6.278263984695983124e-01 2.486579135236887880e-02
5.772434866576390050e+04 1.085774845184638480e+02 3.478678253051535885e-01 6.270608887777436857e-01 2.507128591710264601e-02
5.773628768722219684e+04 6.473441493155264936e+01 1.517351676973695551e-01 8.348455379096830775e-01 1.341929439294743155e-02
5.773628956223379646e+04 7.846562792627396732e+01 2.180002551433080915e-01 7.631466465692237078e-01 1.885309828746814867e-02
5.773629143378470326e+04 8.233168604409814861e+01 2.422678452555236950e-01 7.365833819358812429e-01 2.114877280859503439e-02
5.774633784363429731e+04 1.198700321785082537e+02 4.631992314350262263e-01 5.003302403490356154e-01 3.647052821593817218e-02
5.774633974197920179e+04 1.250000186466566277e+02 4.960466966844249703e-01 4.654894663483644668e-01 3.846383696721061146e-02
5.774634164041670010e+04 1.245692219156370584e+02 5.043066709132524306e-01 4.556624101760625156e-01 4.003091891068508851e-02
5.775718913462960336e+04 7.086461566589404981e+01 1.736279304711165206e-01 8.117095723214342584e-01 1.466249720744912562e-02
5.775719103354169783e+04 7.337131891968250841e+01 1.901138221378576854e-01 7.934877440457586140e-01 1.639843381638363129e-02
5.775719293282410217e+04 6.704764897907561760e+01 1.527889044915844152e-01 8.345274480283867424e-01 1.268364748002892041e-02
5.776935856103010155e+04 8.443624986487277795e+01 2.773745573060737435e-01 6.962680159336547270e-01 2.635742676027145320e-02
5.762008289043980039e+04 1.291837331088806877e+02 4.690400865865162472e-01 4.987616907983198900e-01 3.219822261516382123e-02
5.776936043849540147e+04 8.222224799229249470e+01 2.570855139907740061e-01 7.190361446529928147e-01 2.387834135623319656e-02
5.782431106597220059e+04 8.875102568213601728e+01 3.091860946779629304e-01 6.611709989131979714e-01 2.964290640883896627e-02
