5.787734813106479851e+04 6.308845476629686999e+01 2.779419071248216341e-02 9.719735184912489112e-01 2.322907962687979549e-04
5.823315396350689844e+04 4.372778881315822730e+01 1.862255754408133346e-02 9.811603786901896829e-01 2.170637657290413504e-04
5.763301029209489934e+04 5.677998736851080253e+01 2.641855287753963263e-02 9.733223568049323982e-01 2.590903175278992795e-04
5.793315108984950348e+04 5.993250036769499900e+01 3.080490764992072431e-02 9.688789091825593669e-01 3.161831675199321080e-04
5.821819339841439796e+04 2.127918832061365606e+01 1.080091014029710764e-02 9.888907467083595249e-01 3.083431513433770518e-04
5.761200336034719658e+04 5.612492953381612182e+01 2.294068002691572461e-02 9.768593684693946955e-01 1.999515036894931332e-04
5.780131750628470036e+04 3.408156678609218204e+01 1.260419491144655971e-02 9.872321178453544732e-01 1.636872431989030801e-04
5.824312459526619932e+04 4.778240938410449701e+01 2.079483623086909871e-02 9.789784913726629068e-01 2.266723964679779962e-04
5.821819527013890183e+04 1.083944400264784669e+01 5.531023746885433204e-03 9.941573595338625280e-01 3.116167192520698150e-04
5.819736103619210189e+04 5.618579658590439863e+01 2.820973045275978336e-02 9.714885742748144981e-01 3.016952724257364197e-04
5.786715239743059647e+04 4.595935869269705165e+01 2.339492401520378712e-02 9.762949636255638941e-01 3.101123592322892349e-04
5.814337675952549762e+04 6.073405790636747525e+01 2.875897232008418208e-02 9.709726750571519016e-01 2.683526227638505473e-04
5.755801421140049933e+04 4.748478798748893581e+01 1.583863211380618502e-02 9.840282151628287899e-01 1.331527233651891339e-04
5.813334483795140113e+04 6.396968449872858287e+01 3.258548089534870490e-02 9.671039747999131686e-01 3.105443047380911526e-04
5.780131938141200226e+04 3.357636842112440689e+01 1.223990534797323067e-02 9.876010524454196249e-01 1.590422066071266432e-04
5.811034628445599810e+04 6.234640579331693999e+01 3.114029057849930504e-02 9.685611394031889976e-01 2.985700183117105016e-04
5.833911866302080307e+04 4.039941778261130878e+01 2.016809234634288697e-02 9.795336420678658618e-01 2.982655857912317973e-04
5.808928495172449766e+04 nan nan nan nan
5.781429775741900085e+04 4.520699311429236644e+01 2.293620687686677082e-02 9.767557186826347770e-01 3.080744404984713902e-04
5.808928682432870119e+04 1.491812541777542833e+01 3.400396862083940232e-03 9.965374226074749098e-01 6.218053044121738947e-05
5.774633974197920179e+04 5.077765232347980628e+01 2.402502022437708745e-02 9.757070592382435237e-01 2.679205373793077695e-04
5.779119933505789959e+04 3.955078138048905600e+01 1.622461010787583716e-02 9.835739886618128924e-01 2.014012303112596792e-04
5.787734435098380345e+04 6.131317456137617228e+01 2.678401592799031436e-02 9.729875991120344736e-01 2.283849599751793598e-04
5.791103509098380164e+04 4.116510749956727722e+01 1.254111003886837841e-02 9.873478096298705653e-01 1.110803312610691534e-04
5.780132125148150226e+04 3.296642922726613278e+01 1.170987792274185910e-02 9.881391194045546778e-01 1.510026727033742758e-04
5.817630666320599994e+04 4.687370876083852522e+01 2.087701022303683693e-02 9.788855783107405228e-01 2.374114662226327192e-04
5.814337862993060116e+04 5.874959660360259761e+01 2.714729398220732184e-02 9.725971612277307665e-01 2.555447900619110401e-04
5.759998593644679931e+04 6.739294029603225056e+01 3.307781116262681342e-02 9.666338730427418424e-01 2.883157946314075294e-04
5.829398551293979835e+04 3.018173014259027553e+01 8.901448314276552004e-03 9.909944502300137570e-01 1.041014557096943437e-04
5.820922448049770173e+04 1.738791758362504325e+01 2.995128753771275978e-03 9.969693605192022634e-01 3.551072702641911946e-05
5.788831468282410060e+04 4.521460061484398096e+01 1.657064391030610775e-02 9.832686082709422015e-01 1.607478187516072135e-04
5.786715617920140357e+04 4.745846562988763395e+01 2.416910884164704884e-02 9.755204940934367741e-01 3.103970649161260937e-04
5.820824248755790177e+04 1.750592493526800197e+01 3.105062856009603491e-03 9.968572845947328842e-01 3.765254925752598139e-05
5.820922822435179842e+04 2.059505078244873388e+01 3.908466056147322232e-03 9.960484306288900358e-01 4.310331496273071854e-05
5.782430731930559705e+04 2.823629859293194855e+01 8.447628804922672346e-03 9.914452494028438423e-01 1.071217922335267935e-04
5.829398925767360197e+04 2.909527179126067864e+01 8.034323043438883899e-03 9.918744175879509184e-01 9.125936861019941291e-05
5.817630854277779872e+04 4.801583936934282804e+01 2.195058882212930912e-02 9.777992919865371446e-01 2.501191913335276164e-04
5.788831842739580316e+04 4.679976109642267801e+01 1.720899177650835402e-02 9.826291825962798487e-01 1.618256272116741620e-04
5.828426696519680263e+04 4.140133796228341367e+01 2.046522172408444390e-02 9.792423442705258108e-01 2.924340053898177145e-04
5.817631041427080345e+04 4.848202001853609033e+01 2.248950411352298312e-02 9.772529693049816224e-01 2.575265814953135984e-04
5.823315209210650210e+04 4.194092926931597987e+01 1.796446620573357786e-02 9.818159621501268974e-01 2.195716441394626912e-04
5.761013213571759843e+04 4.110738243191168095e+01 1.562498280514035449e-02 9.842021059782741776e-01 1.729112165853451837e-04
5.830805916629629792e+04 5.380305150236833356e+01 2.753300992662506552e-02 9.721535768731635052e-01 3.134132002114494320e-04
5.791103319438659673e+04 4.072638825467752355e+01 1.222879162414953341e-02 9.876633040111250095e-01 1.079043647254413656e-04
5.785718151214120007e+04 7.215027980693274223e+00 1.689874308260270021e-03 9.982444724032498717e-01 6.565328848987100614e-05
5.820824059042819863e+04 1.782611604281903794e+01 3.087106808219679168e-03 9.968769998768544083e-01 3.589331492595491247e-05
5.791103132280090358e+04 3.990427065601820544e+01 1.165767385902414729e-02 9.882401831044923535e-01 1.021430364835951987e-04
5.818626778427079989e+04 5.063482533258575558e+01 2.157994773498463428e-02 9.782026691230012450e-01 2.173831420139896273e-04
5.827419451822919655e+04 4.699226113235279456e+01 2.197150629842970285e-02 9.777668618012625990e-01 2.616319003075606156e-04
5.793314732129630283e+04 5.683939272233848783e+01 2.908307420970300192e-02 9.706035932631389418e-01 3.133325271581840089e-04
5.828426319100690307e+04 4.182621567115020866e+01 2.068693837276444625e-02 9.790202967231694808e-01 2.927649040661013777e-04
5.815634830284719646e+04 4.419160408523367778e+01 1.767998790153045563e-02 9.821284506501530842e-01 1.915614483164831982e-04
5.788831655570599833e+04 4.716463705171982213e+01 1.731827504311432911e-02 9.825203634321656443e-01 1.613615247200051600e-04
5.826406895916670328e+04 1.551437519984367697e+01 3.659059145548921102e-03 9.962743684879142858e-01 6.657236653680868898e-05
5.812134434108799906e+04 3.906703135031771268e+01 1.399512664781409413e-02 9.858512856083343490e-01 1.535877438515534919e-04
5.785729699114579853e+04 2.184403822816996055e+01 5.977131594095278291e-03 9.939332610843236715e-01 8.960732158118360914e-05
5.781430152931709745e+04 4.620435152840174453e+01 2.373990020675946847e-02 9.759441517017318768e-01 3.159480915086900345e-04
5.762008289043980039e+04 3.041076838619567013e+01 8.909884570663155479e-03 9.909873816925295342e-01 1.027337368074012451e-04
5.753007467814820120e+04 3.891235149045859743e+01 1.048432305872908608e-02 9.894287949924540637e-01 8.688194881682659060e-05
5.816432651253470249e+04 5.955255102688317947e+01 3.030966252889326362e-02 9.693803207068761862e-01 3.100167642305507311e-04
5.822217972678240039e+04 5.262232117441278945e+01 2.684511669540813258e-02 9.728434146782541925e-01 3.114686263377231348e-04
5.834905695135419955e+04 3.324701542848998059e+01 1.196938573420505518e-02 9.878754962955245134e-01 1.551179702704215423e-04
5.831815716444439749e+04 3.719983652137203478e+01 1.588356902305853788e-02 9.838982394690756195e-01 2.181915078657027923e-04
5.753007655275460274e+04 3.965318903491306912e+01 1.089159082220571458e-02 9.890181170035844405e-01 9.029217420989493184e-05
5.777932455837960151e+04 5.023206930520925795e+01 2.573610385544053067e-02 9.739497388274429568e-01 3.141573171164836471e-04
5.825404555556709965e+04 5.173531917441171402e+01 2.583503537193309468e-02 9.738665173842485645e-01 2.984472438183817956e-04
5.782430919329859898e+04 2.891531297230685738e+01 8.735837742232072448e-03 9.911549234277233777e-01 1.092388300445829258e-04
5.832914814541670057e+04 2.423838804298235416e+01 7.300554021505401524e-03 9.925908714662857735e-01 1.085745122089403359e-04
5.772434866576390050e+04 5.280841733587582354e+01 2.485061839873061243e-02 9.748843535677639283e-01 2.650280335053595087e-04
5.752033229543980269e+04 nan nan nan nan
5.825404742700229690e+04 4.910069473124644901e+01 2.475662854053641351e-02 9.749391208592478320e-01 3.042506002157495480e-04
5.831815526644680358e+04 3.763274083961449890e+01 1.623214525459464735e-02 9.835451938975878772e-01 2.226608478174843346e-04
5.750814784447920101e+04 7.154099290749525153e+01 3.561623603750189299e-02 9.640871375413359035e-01 2.966264211622105505e-04
5.831815903825229907e+04 3.855648227836785935e+01 1.678708904451727685e-02 9.829860395835549047e-01 2.268713719277287038e-04
5.758319623273149773e+04 3.442121081865172982e+01 1.115449923480796128e-02 9.887198191982586870e-01 1.256815669334400724e-04
5.750814597651619988e+04 7.275836331344289931e+01 3.586027209997232762e-02 9.638490011215558040e-01 2.907267784719074822e-04
5.816432274166669959e+04 5.979315031216446386e+01 3.031757135427725833e-02 9.693747412807436348e-01 3.076873649790755642e-04
5.785729886380789685e+04 2.172421517335757457e+01 6.024484200024118885e-03 9.938834760850165928e-01 9.203971495930629435e-05
5.758319246322919935e+04 2.676275445842791001e+01 7.891835826220657685e-03 9.920040959404515801e-01 1.040682333277770285e-04
5.782431106597220059e+04 2.873776214574488819e+01 8.654364191152509947e-03 9.912370962231676907e-01 1.085395856797821234e-04
5.763300649296300253e+04 5.903239368631429329e+01 2.785116021211110973e-02 9.718824426756051960e-01 2.663971122836742518e-04
5.792214886855320219e+04 6.871833298480885333e+01 3.425209270293805980e-02 9.654505677281354226e-01 2.973395689266283360e-04
5.815338441898149904e+04 nan nan nan nan
5.814337488581019716e+04 6.276107416982994636e+01 3.086239804238749898e-02 9.688481994316729962e-01 2.894025259395117413e-04
5.816432464210649778e+04 5.961609189783303009e+01 3.017846348962731698e-02 9.695148526225070285e-01 3.066838878656237728e-04
5.792215074342589651e+04 6.711767505603705786e+01 3.306342322366544878e-02 9.666461440570082164e-01 2.904327193263066633e-04
5.759998406383099791e+04 6.881815873328683608e+01 3.434410664968678278e-02 9.653578207420149271e-01 2.980726082982754948e-04
5.829398738712960039e+04 2.973620213159111358e+01 8.580755610521203711e-03 9.913195883135071940e-01 9.965607597164601646e-05
5.753007844962959643e+04 4.277376141563426870e+01 1.211573464531178271e-02 9.877882438874932003e-01 9.602146719497748261e-05
5.758319436125000357e+04 3.684854065281163571e+01 1.237512632681085460e-02 9.874898896359197709e-01 1.349840372694080396e-04
5.775718913462960336e+04 4.611344354448832661e+01 2.311856145905669471e-02 9.765806299595695128e-01 3.008085813738748337e-04
5.822217782984949736e+04 5.274713242880105923e+01 2.690771072234432806e-02 9.727808456077180477e-01 3.114436699376488195e-04
5.772434491921299923e+04 5.219073965375906710e+01 2.495806506997067312e-02 9.747682451132806403e-01 2.736898167486194488e-04
5.776936233684029867e+04 3.396239523844759134e+01 1.174625489547698708e-02 9.881105837050508933e-01 1.431613994721735682e-04
5.790106083542820124e+04 6.572938608598342114e+01 3.341042517672650897e-02 9.662803541154425524e-01 3.092207078309977780e-04
5.785729509346059785e+04 2.595967986535127991e+01 7.729271491568914278e-03 9.921646317349919197e-01 1.060967734391955920e-04
5.822217595601850189e+04 4.893598361165319943e+01 2.485220862969933844e-02 9.748391194992414022e-01 3.086718710593660208e-04
5.761199958975690242e+04 5.628741112321309004e+01 2.285490512895255871e-02 9.769477799108112759e-01 1.973149602361206809e-04
5.824312269599540014e+04 4.837837681861320505e+01 2.131575114006234797e-02 9.784519097005731636e-01 2.323391593643993076e-04
5.785717963824069739e+04 1.004881357013299592e+01 2.339818414122539231e-03 9.975952944734466366e-01 6.488711243082032727e-05
5.752032855259259668e+04 nan nan nan nan
5.812134814739580179e+04 4.117342149602660584e+01 1.500958999941976423e-02 9.848313622764089947e-01 1.590477241711576073e-04
5.811034251591440261e+04 6.208385218650519022e+01 3.091321310726837662e-02 9.687900615089978240e-01 2.967253837337549115e-04
5.833911491662039771e+04 4.124316325276270589e+01 2.092708050355982993e-02 9.787647873051100733e-01 3.081321913301382259e-04
5.774633784363429731e+04 4.984478151647467570e+01 2.327675132380930406e-02 9.764622555572782803e-01 2.609931189123160288e-04
5.793314919180559809e+04 5.729054882142742144e+01 2.924627413543466961e-02 9.704418377358491332e-01 3.118881287162098026e-04
5.756819252324070112e+04 6.215553995161133827e+01 3.103577178435573680e-02 9.686658348731403967e-01 2.983933425039337847e-04
5.779120310692129715e+04 3.990104591733594219e+01 1.633389973992819752e-02 9.834655445976536736e-01 2.005556624179505364e-04
5.808928869571760151e+04 2.675875717569111245e+01 6.863531743295892690e-03 9.930577297574085804e-01 7.873849929555209158e-05
5.756819065248840343e+04 6.154324723881187964e+01 3.056462414650670811e-02 9.691401862746226170e-01 2.951895788707053938e-04
5.818626413548609708e+04 4.537275215692665853e+01 1.952424009170763974e-02 9.802541537880542499e-01 2.216061202381059358e-04
5.792214699253469735e+04 6.728446914177213500e+01 3.326986191955829536e-02 9.664375234387702074e-01 2.926146416715524412e-04
5.754723482777780009e+04 6.443251215346448646e+01 3.225102463607885245e-02 9.674491277326522365e-01 2.998476312689208213e-04
5.773629143378470326e+04 2.609854120879796113e+01 6.581454894271253006e-03 9.933424362715302935e-01 7.610883419852243069e-05
5.774634164041670010e+04 4.939291178159083984e+01 2.285650329417531629e-02 9.768872171045036579e-01 2.562796013209939650e-04
5.773628768722219684e+04 2.558031135436572967e+01 6.406758222095841095e-03 9.935181679199400762e-01 7.507385796414285043e-05
5.834905507653929817e+04 3.376498867946227023e+01 1.201649377949082220e-02 9.878319247792531899e-01 1.515814412559286577e-04
5.763300839271990117e+04 5.681397457643019067e+01 2.650124432094535729e-02 9.732383527267045586e-01 2.604029523501415829e-04
5.813334673453700088e+04 6.380958165749191835e+01 3.253038760310701660e-02 9.671585622589452536e-01 3.110501379477740788e-04
5.821819139609950071e+04 1.948306828754131104e+01 1.005118800712705152e-02 9.896302867873186804e-01 3.185252055542112971e-04
5.781429965668980003e+04 4.550099219363625025e+01 2.324263002035862127e-02 9.764450839750851152e-01 3.122860045563667837e-04
5.825404368166669883e+04 5.284026503716865619e+01 2.665806364302142697e-02 9.730373215967972333e-01 3.046147601814199087e-04
5.815634642906249792e+04 4.463104794561890287e+01 1.800048835009762996e-02 9.818048330905869703e-01 1.946785593153918211e-04
5.830806103812500078e+04 5.375783686194274225e+01 2.747400126893415756e-02 9.722134023290784910e-01 3.125964019873584939e-04
5.815338254519680049e+04 3.263339555393245917e+01 9.381131168819185212e-03 9.905199657996607288e-01 9.890303152014562262e-05
5.779120120866900106e+04 3.984285012765499800e+01 1.656900878152083728e-02 9.832240171304421628e-01 2.069740880369601418e-04
5.761013403491899953e+04 3.945847877280163374e+01 1.485912251378227605e-02 9.849711589146479263e-01 1.697185715697624030e-04
5.790106270711810066e+04 6.572677138160483423e+01 3.327990949923654435e-02 9.664132565646482709e-01 3.068339361153046927e-04
5.775719293282410217e+04 4.691521650924312326e+01 2.325720583448103243e-02 9.764486831163875502e-01 2.941110491314420281e-04
5.776935856103010155e+04 3.479854259067162303e+01 1.245226628794623806e-02 9.873944844454676240e-01 1.532492665860929590e-04
5.755801611182869965e+04 4.771811917081368648e+01 1.607478416904557783e-02 9.837894009419143604e-01 1.358148890401325798e-04
5.762007914293980139e+04 3.126825102935051959e+01 9.251389760909448784e-03 9.906438417951873854e-01 1.047684439031338119e-04
5.752033042518520233e+04 nan nan nan nan
5.776936043849540147e+04 3.367837436060519707e+01 1.165801282768780082e-02 9.881985801116323076e-01 1.434070606798090416e-04
5.833911679018520226e+04 3.994291243780114797e+01 1.993670800139168281e-02 9.797651307786530150e-01 2.981612199553323431e-04
5.759998783212959825e+04 6.775681644526979142e+01 3.351150843701285881e-02 9.661957356429673460e-01 2.927559200199019622e-04
5.815635017428240099e+04 4.391588495745190812e+01 1.731611618985502699e-02 9.824978116403260131e-01 1.860721698189050487e-04
5.775719103354169783e+04 4.546485585331455326e+01 2.220233701532502157e-02 9.775122528034440039e-01 2.854101812309096670e-04
5.826406706221059721e+04 1.625853762070715902e+01 4.449271772527189223e-03 9.954611012759193578e-01 8.962695155344722832e-05
5.790105893496530189e+04 6.520543496143626783e+01 3.307111915259268453e-02 9.666210203912503074e-01 3.078604561570724252e-04
5.827419074731480214e+04 4.826297187106773379e+01 2.240865261106346831e-02 9.773333430061358351e-01 2.580043828006759691e-04
5.818626965681710135e+04 4.968983195086489957e+01 2.088057018703276882e-02 9.789080938686949285e-01 2.113359442721707586e-04
5.761200148894680024e+04 5.667381757920682617e+01 2.297919515766182197e-02 9.768240486505505027e-01 1.967561917875907979e-04
5.787734625126160245e+04 6.253645266325793273e+01 2.735699244168358218e-02 9.724139767357836694e-01 2.290308225327659594e-04
5.786715427152779739e+04 4.730346193631311991e+01 2.389178897189687956e-02 9.758029051224029748e-01 3.053059057002049026e-04
5.830805729326389701e+04 5.404500481787319899e+01 2.755195401469007210e-02 9.721370051517767008e-01 3.110408335333145853e-04
5.777932645429400145e+04 5.096995057091876902e+01 2.637005470553069331e-02 9.733096007342042499e-01 3.203445602650527974e-04
5.823315021841439739e+04 3.253249150865584483e+01 1.379332235668615653e-02 9.859915348322546569e-01 2.151428110592441606e-04
5.819735913929399976e+04 5.628398034481894285e+01 2.832108792865087321e-02 9.713758901996951689e-01 3.030218716539394546e-04
5.772434679296299873e+04 5.225770473477864897e+01 2.482645371926027120e-02 9.749034289609184167e-01 2.701173198212872403e-04
5.754723669991899806e+04 6.541187433402467377e+01 3.307552922375317506e-02 9.666184688690978577e-01 3.060019071489866521e-04
5.812134624599540257e+04 4.042656536176423998e+01 1.458118369952522697e-02 9.852631209694073799e-01 1.556953310673885298e-04
5.777932265245370218e+04 5.060817445842070583e+01 2.629861149188828656e-02 9.733782058770409362e-01 3.231826310708326181e-04
5.828426509484949929e+04 4.383234090484781831e+01 2.210801057901830638e-02 9.775875269875535789e-01 3.044624334281445847e-04
5.834905882418980036e+04 3.279145098368034184e+01 1.162804481155250806e-02 9.882214623469494086e-01 1.504928414980915403e-04
5.756818854954859853e+04 6.250921404682365790e+01 3.094351659233133059e-02 9.687632084533224219e-01 2.932749543463213137e-04
5.818627152878470224e+04 4.926530973223304954e+01 2.038960692145111095e-02 9.794053906581567936e-01 2.050024203920375874e-04
5.832915001937500347e+04 2.382262877707477244e+01 7.126002796449276526e-03 9.927669103082923385e-01 1.070868952583373367e-04
5.827419264663189824e+04 4.797861534635513436e+01 2.217363964753998190e-02 9.775707359751469872e-01 2.556243773130089931e-04
5.820922635410880321e+04 1.833611708952839692e+01 3.225821582422123794e-03 9.967371368245107055e-01 3.704159306714885071e-05
5.762008101782410085e+04 2.986006743792139062e+01 8.565545701847107271e-03 9.913359733498678938e-01 9.848094828511700814e-05
5.826406513415509835e+04 2.304497651900699040e+01 6.372970870072525683e-03 9.935355009041478835e-01 9.152822577968088935e-05
5.813334296329860081e+04 6.390836655306969050e+01 3.251095152093339685e-02 9.671793296254878047e-01 3.097188535789127976e-04
5.755801800879630173e+04 4.820176648729311353e+01 1.648099765487332988e-02 9.833790871755128116e-01 1.399151696139408984e-04
5.824312646829860023e+04 4.780256098307130941e+01 2.079622311416885749e-02 9.789772653499154709e-01 2.265115359156282947e-04
5.773628956223379646e+04 2.621226300649414043e+01 6.613317945071034952e-03 9.933104998587476420e-01 7.618219618129485227e-05
5.832915189348380227e+04 2.320290244423349435e+01 6.823535280142701935e-03 9.930729605201830124e-01 1.035041996743701410e-04
5.819735718868060212e+04 5.502448355629871912e+01 2.734214177663679343e-02 9.723623450615092034e-01 2.955131618540253143e-04
5.750814405184030329e+04 7.328136733340772935e+01 3.715431799456911377e-02 9.625380332401504146e-01 3.076487652805266586e-04
5.754723295498840162e+04 6.414490153886677604e+01 3.190787539059967287e-02 9.677959858818155903e-01 2.961387275847981180e-04
5.811034438879630034e+04 6.234690610016723866e+01 3.116061139236676533e-02 9.685404335923105679e-01 2.989550153226780763e-04
