5.788831842739580316e+04 1.940342280490311566e+01 7.330431930254121230e-03 9.924987530115401135e-01 1.708150582057086958e-04
5.793314919180559809e+04 2.605240887094702273e+01 1.376037196639094511e-02 9.859057496566181467e-01 3.338783769908776062e-04
5.827419264663189824e+04 2.156260593398178926e+01 1.048985591274012932e-02 9.892269003796585469e-01 2.832437076013190357e-04
5.781430152931709745e+04 2.158122145331538633e+01 1.151403390749201894e-02 9.881453017464225663e-01 3.406643460854141955e-04
5.752032855259259668e+04 nan nan nan nan
5.833911679018520226e+04 1.590481221695347358e+01 8.386740637357826406e-03 9.912804825556968957e-01 3.327768069453899166e-04
5.820922822435179842e+04 1.014941673185060189e+01 2.267154032261321610e-03 9.976731281949355878e-01 5.971777280316473428e-05
5.829398738712960039e+04 1.475579360784623084e+01 4.832995275343096933e-03 9.950386146905836338e-01 1.283900340734313685e-04
5.816432274166669959e+04 2.689887477734959020e+01 1.437394788876405864e-02 9.852843028198088327e-01 3.417492914271715899e-04
5.822217782984949736e+04 2.460276319399725509e+01 1.322490766820151945e-02 9.864292793908558954e-01 3.458129409425555090e-04
5.786715239743059647e+04 2.230615081585890280e+01 1.185066718889813027e-02 9.878115324947512876e-01 3.378003163506268177e-04
5.787734625126160245e+04 3.215124146490878587e+01 1.694304837051365670e-02 9.827245896597057717e-01 3.323619697805268091e-04
5.782430731930559705e+04 1.222977026774756659e+01 3.647990466366448324e-03 9.962455230445590448e-01 1.064864890744959185e-04
5.811034628445599810e+04 2.796467420450688479e+01 1.434484776224596338e-02 9.853402352591555946e-01 3.149169785984517220e-04
5.811034251591440261e+04 2.832997306247634484e+01 1.481989689651844015e-02 9.848525952200578581e-01 3.275078834237556374e-04
5.834905695135419955e+04 1.498955814873584025e+01 6.034319305186381169e-03 9.937717249584113732e-01 1.939557364021765378e-04
5.761200148894680024e+04 2.897050325418440408e+01 1.250089455215955617e-02 9.872762651031042891e-01 2.228403447360321208e-04
5.761013403491899953e+04 1.605779509731121735e+01 6.663945726249361975e-03 9.931299368071077049e-01 2.061174666428608460e-04
5.780131750628470036e+04 1.775610459439127808e+01 7.298715368568013673e-03 9.924990659924981529e-01 2.022186389337554799e-04
5.772434679296299873e+04 2.317517515652653159e+01 1.130899087904104622e-02 9.884060219079557896e-01 2.849872130031339576e-04
5.819736103619210189e+04 2.546397029838495740e+01 1.364985669127752668e-02 9.860062468826223947e-01 3.438964261001223647e-04
5.781429965668980003e+04 2.136668449797805991e+01 1.138070047947658224e-02 9.882797622682554239e-01 3.395372522680675993e-04
5.811034438879630034e+04 2.829047992458574257e+01 1.477833645998119158e-02 9.848950800791531623e-01 3.265834608656249870e-04
5.825404555556709965e+04 2.486807648705979190e+01 1.332653585890079297e-02 9.863297686200530601e-01 3.436955210461700586e-04
5.759998783212959825e+04 3.420900685676665631e+01 1.788042281039973341e-02 9.817926143826198881e-01 3.269628069803646704e-04
5.758319436125000357e+04 1.448726837786407629e+01 4.843966833984341552e-03 9.950222341166518047e-01 1.337990493639292693e-04
5.754723482777780009e+04 2.971337713770866173e+01 1.535383968999817772e-02 9.843265993699258365e-01 3.195609400760080149e-04
5.819735913929399976e+04 2.483699545766938144e+01 1.315711514686005584e-02 9.865070336160941533e-01 3.358512370458786064e-04
5.812134814739580179e+04 1.754164357837122878e+01 6.099978341082060856e-03 9.937552979319809188e-01 1.447237269369039316e-04
5.823315396350689844e+04 2.041794235551452985e+01 9.127412383406375770e-03 9.906334239980096878e-01 2.391636185838751495e-04
5.775719103354169783e+04 2.000105232863226945e+01 1.051468416299531673e-02 9.891545577367361064e-01 3.307581002686456068e-04
5.826406513415509835e+04 1.233123546261674441e+01 3.903657557867657932e-03 9.959764052267240375e-01 1.199372154082812327e-04
5.753007467814820120e+04 1.877903243534558442e+01 5.294943987999121623e-03 9.946099079310122271e-01 9.514808098868097607e-05
5.818626778427079989e+04 2.344869585033912784e+01 1.081900343733746550e-02 9.889262191941979863e-01 2.547773684645552846e-04
5.773628956223379646e+04 1.062268451133997083e+01 2.559872938702482861e-03 9.973706259147752107e-01 6.950114652223085565e-05
5.774633974197920179e+04 2.486367619933304596e+01 1.256113714923192022e-02 9.871334052407663151e-01 3.054576100017652725e-04
5.782430919329859898e+04 1.264584552419925956e+01 3.809284233183577069e-03 9.960821195413360751e-01 1.085962254803061132e-04
5.753007655275460274e+04 2.001043619850853617e+01 5.832726612463057583e-03 9.940655891005995004e-01 1.016842869374590336e-04
5.813334483795140113e+04 2.976579685782355611e+01 1.579552069226992927e-02 9.838674586020549340e-01 3.370207056751406589e-04
5.777932645429400145e+04 2.340507035055653873e+01 1.259460526397531560e-02 9.870588391237725689e-01 3.465556122521740536e-04
5.817631041427080345e+04 2.255365652526099751e+01 1.078994641504452644e-02 9.889361306675453767e-01 2.739229174101027574e-04
5.831815526644680358e+04 1.629627244679180365e+01 7.730238998095322923e-03 9.920004630774426069e-01 2.692979244619970731e-04
5.762008101782410085e+04 1.178093696684777747e+01 3.264038523397225656e-03 9.966440912888361314e-01 9.187018776674677129e-05
5.822217595601850189e+04 2.350932497900768325e+01 1.248314471127901296e-02 9.871794192933006640e-01 3.374359954202987301e-04
5.834905507653929817e+04 1.500772002754110090e+01 6.015973219996566951e-03 9.937917149204877898e-01 1.923118595154989989e-04
5.824312646829860023e+04 2.328550370317126905e+01 1.096467260176835386e-02 9.887699623135186577e-01 2.653650847129836350e-04
5.779119933505789959e+04 1.753474381791445680e+01 7.091348158402983361e-03 9.927129105350765981e-01 1.957413065203682863e-04
5.780131938141200226e+04 1.795101723014501616e+01 7.419738480062575137e-03 9.923757947266648172e-01 2.044667932726408979e-04
5.791103509098380164e+04 2.094747438418633934e+01 6.904621144226839348e-03 9.929653498958381785e-01 1.300289599350146110e-04
5.831815716444439749e+04 1.693995826862655463e+01 8.156774714384567443e-03 9.915657425420969506e-01 2.774827435183862471e-04
5.756818854954859853e+04 3.037606703159146804e+01 1.608990639080852894e-02 9.835743036800079775e-01 3.357899291835144935e-04
5.776936043849540147e+04 1.626102484109143376e+01 6.068995827840362872e-03 9.937642942040736393e-01 1.667099680860277024e-04
5.754723295498840162e+04 3.015191740070238779e+01 1.565465200447733324e-02 9.840227358723252493e-01 3.226121231974643901e-04
5.788831655570599833e+04 1.997718330219536398e+01 7.686816961696745637e-03 9.921359893339205538e-01 1.771937043825961102e-04
5.793314732129630283e+04 2.535916000668784420e+01 1.342759769019761379e-02 9.862368574188813408e-01 3.355448909210898977e-04
5.832915189348380227e+04 8.316010596739857874e+00 2.480577045063278932e-03 9.974129353424884270e-01 1.064876124483204642e-04
5.773629143378470326e+04 1.091045995576040717e+01 2.608681682298432444e-03 9.973228988367768277e-01 6.841948092475245167e-05
5.827419074731480214e+04 2.161759704450222230e+01 1.048577082917135847e-02 9.892326441125872671e-01 2.815850582412129542e-04
5.750814784447920101e+04 3.577904970788736705e+01 1.860190346350489021e-02 9.810745916191303539e-01 3.235049173647619111e-04
5.777932455837960151e+04 2.292315472902396323e+01 1.220567481896101501e-02 9.874550137146168582e-01 3.393114664221036489e-04
5.820824248755790177e+04 9.599548125653392106e+00 1.962083765118325784e-03 9.979879177061109496e-01 4.999852877074481886e-05
5.814337488581019716e+04 2.735272748087998096e+01 1.349043013494703215e-02 9.862184485300277137e-01 2.911213350252633164e-04
5.785729509346059785e+04 1.240620976305570089e+01 4.051919884211975520e-03 9.958204164893965649e-01 1.276636263914247599e-04
5.785717963824069739e+04 5.745649501306257179e+00 1.611037198044103311e-03 9.982948699581671859e-01 9.409284378882028850e-05
5.834905882418980036e+04 1.439463985801972612e+01 5.698479373747893095e-03 9.941139606923656835e-01 1.875599338863356521e-04
5.815635017428240099e+04 2.109776957604743686e+01 9.172722131952099761e-03 9.906010494790554732e-01 2.262283889923409998e-04
5.777932265245370218e+04 2.238112914418445598e+01 1.160582748005272412e-02 9.880723533194145647e-01 3.218192005326772588e-04
5.788831468282410060e+04 1.939242945432241783e+01 7.524589064635859963e-03 9.922952233561342927e-01 1.801875792297293131e-04
5.793315108984950348e+04 2.742504672834352064e+01 1.466451289979215158e-02 9.849932995154560000e-01 3.421875847518954326e-04
5.786715427152779739e+04 2.301716477572606934e+01 1.237066649028575535e-02 9.872836280322428992e-01 3.457054774714758477e-04
5.756819065248840343e+04 2.990332642512947814e+01 1.598104974696054267e-02 9.836771319446416806e-01 3.418183083977519693e-04
5.758319623273149773e+04 1.424343527823407385e+01 4.791843680667352834e-03 9.950726999259050798e-01 1.354563934275775160e-04
5.779120310692129715e+04 1.817124419373698885e+01 7.400178520686919240e-03 9.924013314110521344e-01 1.984900682608900014e-04
5.820922635410880321e+04 9.583615640167067795e+00 2.042742103290310935e-03 9.979028838041170690e-01 5.437409259263255431e-05
5.824312269599540014e+04 2.343535930270498113e+01 1.103760868012351563e-02 9.886969121384031611e-01 2.654791814732170387e-04
5.759998406383099791e+04 3.375199025647898310e+01 1.740208202729702849e-02 9.822797713144207910e-01 3.181466582821570826e-04
5.782431106597220059e+04 1.228968890342562048e+01 3.657544949531591795e-03 9.962364512874972711e-01 1.060037629711832431e-04
5.816432464210649778e+04 2.663017746912374406e+01 1.417810666186761388e-02 9.854826494171685658e-01 3.392439209638362031e-04
5.830805729326389701e+04 2.456428067485903100e+01 1.317100444247333059e-02 9.864849203286752966e-01 3.440752288514188281e-04
5.790106270711810066e+04 3.047903341047010173e+01 1.617336354374590557e-02 9.834896425603212311e-01 3.369938959329673591e-04
5.755801611182869965e+04 2.236497963684381673e+01 7.501013209550793336e-03 9.923643615278632257e-01 1.346252625859303278e-04
5.819735718868060212e+04 2.479192225269603611e+01 1.308704903802144180e-02 9.865794579225011240e-01 3.334930394773586381e-04
5.828426509484949929e+04 1.741554914305590884e+01 9.113485433037226899e-03 9.905587829216043749e-01 3.277316453584264177e-04
5.813334296329860081e+04 3.029200162046578626e+01 1.630738027579680879e-02 9.833457741384042938e-01 3.468455857989355406e-04
5.828426319100690307e+04 1.719009620101949309e+01 9.089632488974140959e-03 9.905757414577350817e-01 3.346260532908354262e-04
5.833911866302080307e+04 1.585695611131019866e+01 8.319364458972201490e-03 9.913512046129794308e-01 3.294309280483907624e-04
5.762008289043980039e+04 1.127338083232222488e+01 3.040577491018526656e-03 9.968723607349185833e-01 8.706177406295923665e-05
5.832915001937500347e+04 8.821124889327617069e+00 2.631693123639849280e-03 9.972617831705019587e-01 1.065237058582887530e-04
5.817630854277779872e+04 2.224411216992544027e+01 1.057050605983791448e-02 9.891592318549556895e-01 2.702620852062720055e-04
5.823315209210650210e+04 1.897697307053998728e+01 8.186060381614785122e-03 9.915912398722817045e-01 2.226997461034071688e-04
5.816432651253470249e+04 2.632545667951958990e+01 1.399401230098281865e-02 9.856678011017229180e-01 3.381865972943051387e-04
5.833911491662039771e+04 1.641245027298789338e+01 8.701927827045301961e-03 9.909616320178978865e-01 3.364401550567932761e-04
5.791103319438659673e+04 1.997365991799278717e+01 6.353218101136448061e-03 9.935256953380997569e-01 1.210865607638533201e-04
5.754723669991899806e+04 3.016196551373771939e+01 1.558691762467906590e-02 9.840934690193042789e-01 3.196133560166946989e-04
5.812134434108799906e+04 1.724163493360857302e+01 5.950326639757377856e-03 9.939071295249154447e-01 1.425438353273431242e-04
5.814337675952549762e+04 2.598070709843074511e+01 1.222751574656092376e-02 9.875073912625719208e-01 2.650929908670770032e-04
5.753007844962959643e+04 2.092748821412222071e+01 6.067840854899115600e-03 9.938315452717376708e-01 1.006138733633266666e-04
5.775718913462960336e+04 1.978984398958521496e+01 1.056534000676920271e-02 9.890935409761866248e-01 3.411190170442090054e-04
5.761200336034719658e+04 2.824480146103577027e+01 1.213662573967895161e-02 9.876423995446550474e-01 2.209747156659625021e-04
5.830806103812500078e+04 2.422730523453427764e+01 1.296050433348683827e-02 9.866969982511991644e-01 3.424974153139768778e-04
5.786715617920140357e+04 2.311297911734385480e+01 1.249677009754116518e-02 9.871533593235439774e-01 3.498705789148816997e-04
5.791103132280090358e+04 2.032953872038223153e+01 6.400974876132382169e-03 9.934803769896730641e-01 1.186481341946265817e-04
5.832914814541670057e+04 8.972594453759269228e+00 2.746845215494171481e-03 9.971409901321290903e-01 1.121646523767962393e-04
5.822217972678240039e+04 2.477723058827615432e+01 1.335507484981214230e-02 9.862972202232277441e-01 3.477049269601915514e-04
5.787734813106479851e+04 3.213125747146758471e+01 1.689350283322519145e-02 9.827756650295154106e-01 3.308321372595409522e-04
5.750814597651619988e+04 3.797671369883954640e+01 2.023508768673951477e-02 9.794251312763013750e-01 3.397810369591938891e-04
5.829398925767360197e+04 1.427909468908281632e+01 4.546893930617816951e-03 9.953317526504853463e-01 1.213534188969307351e-04
5.813334673453700088e+04 2.934940690688340936e+01 1.548280449086504584e-02 9.841841340980669317e-01 3.330614110679811423e-04
5.774633784363429731e+04 2.478734426661322843e+01 1.253347620455515926e-02 9.871605340999723976e-01 3.059896954725228337e-04
5.829398551293979835e+04 1.473310519047190859e+01 4.910602387326854640e-03 9.949564426112353921e-01 1.329550014377653020e-04
5.755801421140049933e+04 2.241911079694072129e+01 7.554369515341419726e-03 9.923097417675108556e-01 1.358887171477693348e-04
5.790105893496530189e+04 3.008760526224846643e+01 1.599082289184296929e-02 9.836711199797082417e-01 3.380571284488075859e-04
5.815338254519680049e+04 1.620896443643620799e+01 5.098709365255406530e-03 9.947828682799618738e-01 1.184223547827191930e-04
5.759998593644679931e+04 3.384086123215036679e+01 1.758955272790976507e-02 9.820871139269909955e-01 3.233333450992825677e-04
5.752033229543980269e+04 nan nan nan nan
5.821819527013890183e+04 4.924583529030686968e+00 2.639720093430463800e-03 9.970164050223601082e-01 3.438748842094085261e-04
5.776936233684029867e+04 1.658413255376594719e+01 6.102922535171402194e-03 9.937350032556151458e-01 1.620742092133232136e-04
5.790106083542820124e+04 3.074206263612089884e+01 1.629212242442137568e-02 9.833717431135744480e-01 3.361344620041504627e-04
5.785729699114579853e+04 1.063040502260317588e+01 3.239135764609060286e-03 9.966497467521050480e-01 1.111174832858746443e-04
5.792214699253469735e+04 3.180355512900606740e+01 1.679546865566206720e-02 9.828707541722435659e-01 3.337771720943809002e-04
5.815338441898149904e+04 nan nan nan nan
5.756819252324070112e+04 2.942295854221887907e+01 1.551127809406796162e-02 9.841561035552912617e-01 3.326183506408079125e-04
5.763300839271990117e+04 2.718729850872510312e+01 1.386893779005890157e-02 9.858196196173915071e-01 3.114425925497235257e-04
5.785718151214120007e+04 3.990949710879938550e+00 1.134429105641395754e-03 9.987688710160969041e-01 9.669987826173166831e-05
5.821819139609950071e+04 8.575096808928313052e+00 4.611785136407670072e-03 9.950420493622937901e-01 3.461655012985577354e-04
5.808928495172449766e+04 nan nan nan nan
5.814337862993060116e+04 2.399652767496830563e+01 1.067269762957726367e-02 9.890905603654417400e-01 2.367420049809131608e-04
5.773628768722219684e+04 1.059362787526033145e+01 2.528834621005724044e-03 9.974029668279662530e-01 6.819855102806062321e-05
5.823315021841439739e+04 1.535821088069519114e+01 6.813739913509183309e-03 9.929506935653537036e-01 2.355665211370879246e-04
5.808928869571760151e+04 9.540970546197410584e+00 2.351797766929382503e-03 9.975754847976238127e-01 7.271743544691103419e-05
5.826406895916670328e+04 8.640753083030137560e+00 2.414690410460192897e-03 9.974918457879259348e-01 9.346380161395858482e-05
5.755801800879630173e+04 2.234585222527383408e+01 7.470978411087161354e-03 9.923952435469752809e-01 1.337780419376127577e-04
5.758319246322919935e+04 1.182484327545526170e+01 3.817996846501554332e-03 9.960572349100327294e-01 1.247682434658214598e-04
5.818627152878470224e+04 2.303018645811705412e+01 1.061807655848262186e-02 9.891275214460480969e-01 2.544019954692756068e-04
5.775719293282410217e+04 2.062882231518602083e+01 1.079086159904992133e-02 9.888816566591539514e-01 3.274817417960991192e-04
5.792215074342589651e+04 3.203941457281871408e+01 1.698060478596914030e-02 9.826832237223191990e-01 3.361714917116087847e-04
5.815634830284719646e+04 2.123520453647538986e+01 9.278023102699414770e-03 9.904935108230094043e-01 2.284660742911192406e-04
5.825404368166669883e+04 2.479157970973563252e+01 1.321354062250523417e-02 9.864464791000414623e-01 3.399802774534224680e-04
5.827419451822919655e+04 2.098536290681114380e+01 1.014463858256393729e-02 9.895756798096515539e-01 2.796816077844135580e-04
5.785729886380789685e+04 1.063112433515665423e+01 3.296759783362828832e-03 9.965881495966738557e-01 1.150906199633451441e-04
5.817630666320599994e+04 2.140977064218413517e+01 9.643300448715147119e-03 9.901138982090378349e-01 2.428013422470302310e-04
5.752033042518520233e+04 nan nan nan nan
5.825404742700229690e+04 2.287523191104932252e+01 1.213812986334274202e-02 9.875248962361992122e-01 3.369739004580586629e-04
5.776935856103010155e+04 1.677072399210389975e+01 6.380056152572323967e-03 9.934467353891072161e-01 1.732084583204564828e-04
5.762007914293980139e+04 1.217093948993405483e+01 3.361820632740882865e-03 9.965468680543896340e-01 9.131131286951484885e-05
5.779120120866900106e+04 1.797813802017336116e+01 7.385463733269786134e-03 9.924125648851468418e-01 2.019713815833431376e-04
5.818626413548609708e+04 2.205149458351133873e+01 1.039026634755166323e-02 9.893440278624719975e-01 2.657057899763270612e-04
5.824312459526619932e+04 2.299903353349934676e+01 1.063000307220905889e-02 9.891143319006538981e-01 2.556650271369265755e-04
5.774634164041670010e+04 2.462018144429431743e+01 1.240579221031410176e-02 9.872903361117527643e-01 3.038716779332603017e-04
5.815634642906249792e+04 2.105667315466495282e+01 9.093098510644850169e-03 9.906837149505419715e-01 2.231865388130351241e-04
5.750814405184030329e+04 3.756902117813009312e+01 2.013576793169551821e-02 9.795204364389105134e-01 3.437956293940192540e-04
5.772434491921299923e+04 2.329970446946489560e+01 1.157920549743924644e-02 9.881252108476428209e-01 2.955836549178634631e-04
5.761013213571759843e+04 1.642425164969770535e+01 6.792617710534900807e-03 9.930026780287929400e-01 2.047042606721203608e-04
5.772434866576390050e+04 2.244081552545165792e+01 1.046001493109678659e-02 9.892799624939709879e-01 2.600225749322185851e-04
5.828426696519680263e+04 1.678247032618316936e+01 8.869826268395589533e-03 9.907958692735800987e-01 3.343044580243601416e-04
5.820824059042819863e+04 9.665955880801845979e+00 2.023040863030744780e-03 9.979245335368962522e-01 5.242560007295738210e-05
5.787734435098380345e+04 3.117939751063874354e+01 1.627467185687576576e-02 9.833992567037043164e-01 3.260714394198653381e-04
5.761199958975690242e+04 2.858202069804663381e+01 1.234716326628229090e-02 9.874294937879440903e-01 2.233429457734549311e-04
5.792214886855320219e+04 3.253046979693671403e+01 1.733947518776218083e-02 9.823204966066296784e-01 3.400282056081818790e-04
5.831815903825229907e+04 1.711321083625940886e+01 8.336649214826146251e-03 9.913793341545835691e-01 2.840166305900956021e-04
5.820922448049770173e+04 9.448072609370138153e+00 1.973129512390574530e-03 9.979746731373039248e-01 5.219735030550386499e-05
5.812134624599540257e+04 1.754074616829417010e+01 6.086873820111212904e-03 9.937690088566578650e-01 1.441173232309043116e-04
5.763300649296300253e+04 2.866407689506105783e+01 1.480532136899601406e-02 9.848753899857706218e-01 3.192886452333678574e-04
5.826406706221059721e+04 8.347886666627005070e+00 2.603730698643343545e-03 9.972798398755935434e-01 1.164294257632126966e-04
5.780132125148150226e+04 1.774518042207863999e+01 7.212973081343271656e-03 9.925892882976370402e-01 1.977386210196573665e-04
5.781429775741900085e+04 2.123128447189321477e+01 1.131175780867429634e-02 9.883485141662736728e-01 3.397280250520614154e-04
5.808928682432870119e+04 5.575419419289243450e+00 1.283976480182617667e-03 9.986525514344757326e-01 6.347208534169930202e-05
5.830805916629629792e+04 2.421893956063416908e+01 1.295749214710174325e-02 9.866999330797330270e-01 3.425747731652737239e-04
5.818626965681710135e+04 2.313933544984913837e+01 1.066361908315830234e-02 9.890822068725628746e-01 2.541740442787994545e-04
5.821819339841439796e+04 9.529385971315816661e+00 5.088128155752149814e-03 9.945706711040805947e-01 3.412007401673408289e-04
5.763301029209489934e+04 2.753457750222037603e+01 1.425103295809012661e-02 9.854283699548225250e-01 3.205970870874661383e-04
