5.793314970400000311e+04 8.523072878182583736e+02 5.079554422234897615e-01 7.032671426981410186e-03 4.850118863495289645e-01
5.792214939199999935e+04 8.771213946952117340e+02 5.126146543176823833e-01 2.098788569923855721e-02 4.663974599830790213e-01
5.780131989400000020e+04 6.937715145911844274e+02 4.413360729309652175e-01 6.078439832614039064e-03 5.525854872364206472e-01
5.779120172399999865e+04 7.257366608626980451e+02 4.491818672485309860e-01 2.772398816642308167e-02 5.230941445850458837e-01
5.776936095000000205e+04 6.924056413433195303e+02 4.390810490528788135e-01 1.180593046406078553e-02 5.491130204830605432e-01
5.775719153599999845e+04 6.738266259160056961e+02 3.914527464388652400e-01 1.477011671718038988e-01 4.608460863893307224e-01
5.774634026199999789e+04 7.887479896670708968e+02 4.816481729190864036e-01 9.165358021267321423e-03 5.091864690596462628e-01
5.773629007799999818e+04 7.389147403379873822e+02 4.623764151049896687e-01 2.940755941678287622e-03 5.346828289533321898e-01
5.772434731399999873e+04 8.001031218428653347e+02 4.862765813789254321e-01 9.331255144571764387e-03 5.043921634765028417e-01
5.763300889399999869e+04 9.163427237565678070e+02 5.235288445962591464e-01 3.075445289796697318e-02 4.457167025057739429e-01
5.762008153399999719e+04 8.870697753909565790e+02 5.200750453638358639e-01 1.056069363443568401e-02 4.693642610017283445e-01
5.761200198400000227e+04 9.272933475284852420e+02 5.258145534994974613e-01 3.512484595040381297e-02 4.390606005500987119e-01
5.791103369999999995e+04 8.696978040860728925e+02 5.075313807061979654e-01 2.743687135446552100e-02 4.650317479393366038e-01
5.761013453399999707e+04 7.070068883612029822e+02 4.460804021125113206e-01 1.032823511506241430e-02 5.435913627724262565e-01
5.759998646200000076e+04 9.567796221225961517e+02 5.469952057536505707e-01 6.694651607539007197e-03 4.463101426388105253e-01
5.758319485400000121e+04 8.509222086971105909e+02 4.832973544005889632e-01 7.620593583101696600e-02 4.404967097683941679e-01
5.756819116400000348e+04 9.438961237297719435e+02 5.418721927930630899e-01 8.100491468698541378e-03 4.500273157382382316e-01
5.755801660599999741e+04 9.774671781889459226e+02 5.564172155827581401e-01 1.106191745416165283e-03 4.424765926718256526e-01
5.754723535599999741e+04 9.617854662572424331e+02 5.449544422321646042e-01 1.665870137893479472e-02 4.383868563889006253e-01
5.753007706000000326e+04 1.008746095072750904e+03 5.645720336687053420e-01 7.699120048910934599e-03 4.277288462823836124e-01
5.790106133199999749e+04 8.563950857943875690e+02 5.108871953843840963e-01 3.158701554039757518e-03 4.859541030615761037e-01
5.788831707599999936e+04 8.842902594420338573e+02 5.042531998325707754e-01 5.172816885419512234e-02 4.440186313132342133e-01
5.787734674400000222e+04 9.646304312197605668e+02 5.494476623589581443e-01 7.531357403410756865e-03 4.430209802376311456e-01
5.786715477799999644e+04 6.480209337290633584e+02 4.171569326596671345e-01 1.697601167010678522e-02 5.658670556702262155e-01
5.785718170999999711e+04 2.685383173728610018e+02 1.915213823669596194e-01 1.139093562218618100e-01 6.945692614111785845e-01
5.782430970600000001e+04 7.085076057385775812e+02 4.449709073940901205e-01 1.642735280704019779e-02 5.386017397988696054e-01
5.781430015599999751e+04 6.742211284147969081e+02 4.330377550686539401e-01 3.661455667421007875e-03 5.633007892639250169e-01
5.785729748600000312e+04 6.040888511122316231e+02 3.972127657673214518e-01 1.239816979025206746e-02 5.903890644424264478e-01
