5.786715239743059647e+04 3.641228218522033444e+01 1.866269086931125407e-02 9.810229135430007519e-01 3.143955876880650158e-04
5.808928682432870119e+04 1.513350449622076965e+01 4.148566810900367052e-03 9.957614956761093872e-01 8.993751299025528538e-05
5.775718913462960336e+04 3.679387520229356312e+01 1.636079763693428640e-02 9.834025659350861259e-01 2.366364279794839944e-04
5.832915189348380227e+04 2.564596985274439689e+01 9.114034662818933444e-03 9.907348158026301199e-01 1.511495345508488154e-04
5.790106270711810066e+04 5.054218473204802820e+01 2.541922296354623759e-02 9.742780576485572386e-01 3.027193878965719724e-04
5.828426319100690307e+04 3.623841161496237362e+01 1.760823443564965216e-02 9.821092014319746655e-01 2.825641323756800387e-04
5.815634830284719646e+04 3.642463147644898669e+01 1.535986469459475236e-02 9.844273174002343696e-01 2.128179051708630875e-04
5.777932265245370218e+04 3.576909066716528685e+01 1.801126470923211306e-02 9.816852788665048068e-01 3.034564242630283714e-04
5.811034251591440261e+04 4.900508546269794863e+01 2.417156742584793822e-02 9.755372596136218100e-01 2.911729605302651588e-04
5.833911866302080307e+04 3.603967294138704602e+01 1.738945012701638079e-02 9.823319161142807232e-01 2.786337587028544756e-04
5.828426509484949929e+04 3.755310446735639829e+01 1.834198542532096410e-02 9.813725023458917951e-01 2.855122287872005832e-04
5.752032855259259668e+04 nan nan nan nan
5.782430731930559705e+04 2.590822336980614082e+01 9.772227576726412804e-03 9.900575034190166601e-01 1.702690042568820569e-04
5.823315209210650210e+04 3.569233856551431217e+01 1.575523229154889709e-02 9.840115705089518272e-01 2.331971994991840016e-04
5.820922822435179842e+04 1.830304907208911658e+01 4.149508494130793243e-03 9.957889780474468155e-01 6.151345842244226468e-05
5.788831468282410060e+04 4.159524080768570542e+01 1.683687546807293919e-02 9.829670327330436441e-01 1.960917988832924894e-04
5.827419074731480214e+04 4.207530000527896874e+01 2.067681935182727471e-02 9.790341547620321494e-01 2.890258861406413255e-04
5.824312269599540014e+04 4.315417615519715611e+01 2.031116204333044059e-02 9.794237148384804525e-01 2.651231181889534996e-04
5.750814405184030329e+04 5.379442088961202018e+01 2.728925304827396758e-02 9.724027598415861950e-01 3.079871101398626884e-04
5.756819252324070112e+04 5.133247466977749696e+01 2.506463915056200698e-02 9.746500211318199769e-01 2.853397176179987837e-04
5.753007844962959643e+04 4.034127025504439956e+01 1.387141582324949614e-02 9.859870810095835436e-01 1.415031671670935530e-04
5.814337675952549762e+04 4.620418094006723209e+01 2.187012612603146666e-02 9.778617325555273299e-01 2.681413184412500465e-04
5.822217782984949736e+04 4.217546094227589037e+01 2.157724904880328060e-02 9.781094972650777875e-01 3.132536861189932627e-04
5.828426696519680263e+04 3.611966041836528518e+01 1.773017708350325267e-02 9.819814446371275540e-01 2.883782793691804544e-04
5.827419451822919655e+04 4.052038731799527937e+01 1.991363597321653064e-02 9.797973109018908167e-01 2.890531248927505998e-04
5.780131750628470036e+04 2.906403558581043001e+01 1.141768085265216538e-02 9.883976188125445095e-01 1.847003348032485374e-04
5.832915001937500347e+04 2.638948432354818152e+01 9.458280675672820978e-03 9.903879795268153430e-01 1.537397975118283725e-04
5.782430919329859898e+04 2.628180630985564292e+01 9.890940609376364448e-03 9.899395520600421383e-01 1.695073305813858894e-04
5.758319436125000357e+04 3.571926988332613462e+01 1.342793202689035112e-02 9.864029316679538972e-01 1.691363051556848344e-04
5.826406895916670328e+04 1.561910076086457444e+01 4.179629984725176210e-03 9.957346687298092025e-01 8.570128546561362945e-05
5.826406513415509835e+04 2.287562227024401551e+01 7.275916406672896207e-03 9.926030089257925626e-01 1.210746675345438628e-04
5.758319246322919935e+04 2.676533056031908941e+01 9.022489001887300936e-03 9.908415134067013463e-01 1.359975914114908038e-04
5.826406706221059721e+04 1.629911188143405099e+01 4.961306557962041550e-03 9.949278045712611762e-01 1.108888707768111438e-04
5.763300839271990117e+04 4.841669710875336108e+01 2.209086501199419156e-02 9.776599861638048949e-01 2.491488242007657765e-04
5.815338254519680049e+04 2.989960613785504151e+01 9.608350053608299968e-03 9.902680579304837805e-01 1.235920159080208640e-04
5.819735718868060212e+04 4.269626821527095473e+01 2.125234743635133136e-02 9.784511300347171758e-01 2.965225289315029443e-04
5.761199958975690242e+04 4.784082659879020127e+01 2.076230083253968392e-02 9.790122870149640111e-01 2.254121524963391269e-04
5.785729699114579853e+04 2.006007194271432326e+01 6.224153880550054377e-03 9.936606283702258402e-01 1.152177492241014250e-04
5.781429775741900085e+04 3.407899712637319567e+01 1.705738588400981803e-02 9.826427841371038197e-01 2.998299788864230834e-04
5.755801421140049933e+04 4.339387385791649621e+01 1.672169399312821436e-02 9.831005896442551739e-01 1.777163626164628889e-04
5.762008101782410085e+04 3.467593404754479280e+01 1.294273852537817723e-02 9.868905291768090837e-01 1.667322978127013411e-04
5.813334673453700088e+04 5.018331095087546601e+01 2.466661016426931891e-02 9.750442392778427836e-01 2.891505578879156142e-04
5.822217972678240039e+04 4.170101144752264588e+01 2.100582489298727026e-02 9.786904994211117481e-01 3.036756859010988799e-04
5.831815903825229907e+04 3.226443301348125914e+01 1.360907818236275699e-02 9.861779936778753974e-01 2.129281397617709820e-04
5.818626965681710135e+04 4.031736783506172372e+01 1.783588112911379045e-02 9.819298964240396055e-01 2.342224468465004157e-04
5.817631041427080345e+04 4.367323067514532653e+01 2.080541602196061407e-02 9.789229738960844029e-01 2.716100819548902855e-04
5.763301029209489934e+04 4.888608949896391920e+01 2.245396644190032071e-02 9.772935464207191947e-01 2.524871373804820685e-04
5.825404555556709965e+04 4.246425196291317405e+01 2.052301795011383934e-02 9.791974322338290460e-01 2.795498160569431876e-04
5.763300649296300253e+04 4.922560746217595096e+01 2.242662020002362741e-02 9.773249697254571267e-01 2.484100745191478122e-04
5.755801800879630173e+04 4.435878557628575436e+01 1.756688442133786873e-02 9.822454200576171690e-01 1.876955210448679617e-04
5.787734813106479851e+04 5.124743508696073491e+01 2.214214379110397007e-02 9.776344378885343245e-01 2.234183203616162984e-04
5.812134434108799906e+04 4.001102612533860281e+01 1.675489233956772503e-02 9.830352389851332306e-01 2.098686752988756469e-04
5.834905695135419955e+04 3.015008225129389530e+01 1.176537191637217969e-02 9.880523820710492844e-01 1.822460125784594630e-04
5.820824059042819863e+04 1.739674092970901143e+01 3.570123667873111983e-03 9.963794735574215133e-01 5.040277470538456279e-05
5.758319623273149773e+04 3.369061963597695097e+01 1.222860191493459377e-02 9.876137243575979774e-01 1.576737274674300379e-04
5.791103319438659673e+04 3.889877850091269806e+01 1.330206283989390607e-02 9.865579817214896741e-01 1.399554386164053870e-04
5.756818854954859853e+04 5.264585126244814717e+01 2.590443698633470779e-02 9.738057994811838425e-01 2.897635324814701687e-04
5.830805729326389701e+04 4.368997919857665835e+01 2.234979869023831153e-02 9.773370117527292456e-01 3.131895570324213411e-04
5.823315021841439739e+04 2.899314213090474723e+01 1.310803701088987007e-02 9.866473336929255655e-01 2.446292961845621247e-04
5.819736103619210189e+04 4.407209870343289992e+01 2.219067108776088051e-02 9.775059138575078466e-01 3.034150547312885874e-04
5.825404368166669883e+04 4.299377995273106734e+01 2.095172991473680593e-02 9.787640516577006400e-01 2.842184275624641478e-04
5.834905882418980036e+04 2.984893346548686210e+01 1.154111032460337222e-02 9.882799686961910579e-01 1.789209792055382971e-04
5.815338441898149904e+04 nan nan nan nan
5.817630854277779872e+04 4.333933087851758614e+01 2.033564302632201448e-02 9.794008603028333537e-01 2.634966708446136370e-04
5.750814784447920101e+04 5.312881665854599333e+01 2.665396758410617378e-02 9.730448100872750583e-01 3.012223286187562001e-04
5.812134624599540257e+04 4.029745074070586242e+01 1.661924832262726484e-02 9.831771922010411613e-01 2.035594763314222430e-04
5.818626778427079989e+04 4.023826636096156761e+01 1.772821334907942817e-02 9.820394727839812932e-01 2.323138669393537707e-04
5.824312459526619932e+04 4.208933760245990641e+01 1.930449531507021782e-02 9.804437390562013022e-01 2.517656287283389087e-04
5.825404742700229690e+04 3.998004014844388365e+01 1.961328166458253461e-02 9.800986882881380646e-01 2.880300472794066727e-04
5.781429965668980003e+04 3.514337021347780876e+01 1.779915729472038299e-02 9.818938445372020762e-01 3.069981680775448331e-04
5.774634164041670010e+04 4.322545661409694162e+01 2.058149176589658610e-02 9.791471779703518896e-01 2.713302637514317930e-04
5.818626413548609708e+04 3.991256952392602386e+01 1.774278264004211167e-02 9.820207082872443038e-01 2.365090727134155923e-04
5.814337488581019716e+04 4.719799389830168934e+01 2.294164891902061854e-02 9.767755859222978509e-01 2.827651586814560304e-04
5.776936043849540147e+04 2.792431750910072807e+01 1.085990718625000871e-02 9.889590793789651002e-01 1.810134347848695350e-04
5.808928869571760151e+04 2.778566601349603005e+01 8.864197488467411359e-03 9.910139986824186842e-01 1.218038291139009747e-04
5.786715617920140357e+04 3.759194947044634461e+01 1.931613949932238852e-02 9.803678695199088411e-01 3.159909807687606817e-04
5.780132125148150226e+04 2.858490561232799365e+01 1.095624816790465722e-02 9.888679295496201060e-01 1.758222824751719813e-04
5.773629143378470326e+04 2.684001261084298662e+01 8.635468945825910958e-03 9.912406427981554913e-01 1.238882560187051817e-04
5.792215074342589651e+04 5.136400385481541520e+01 2.488268091445177202e-02 9.748364523426202854e-01 2.808667429278080357e-04
5.812134814739580179e+04 4.112616459444676309e+01 1.727112998746171968e-02 9.825177988976914190e-01 2.110711148466853698e-04
5.791103132280090358e+04 3.742627844522238689e+01 1.266543620887963795e-02 9.871975037896686400e-01 1.370600014517311428e-04
5.785729509346059785e+04 2.356834504571728317e+01 7.929267123512747165e-03 9.919352664610660009e-01 1.354664154212801869e-04
5.781430152931709745e+04 3.518930439966533896e+01 1.766723761507516324e-02 9.820310871544923881e-01 3.016752304324772996e-04
5.815634642906249792e+04 3.661572460988882227e+01 1.555766258858918942e-02 9.842262760304186786e-01 2.160613809920968972e-04
5.831815526644680358e+04 3.078289311790604899e+01 1.276728355479362850e-02 9.870268422776611317e-01 2.058741675451680481e-04
5.762008289043980039e+04 3.420302690039934390e+01 1.261210255119529257e-02 9.872251667010923937e-01 1.627307477122086994e-04
5.786715427152779739e+04 3.853020176930178309e+01 2.009289556648769653e-02 9.795816380003314894e-01 3.254664331808543635e-04
5.829398925767360197e+04 2.407529558939630832e+01 7.360331606332328434e-03 9.925278082884909647e-01 1.118601051767446224e-04
5.756819065248840343e+04 5.161237001211652142e+01 2.530703993292487269e-02 9.744052210116542767e-01 2.877390554208676199e-04
5.830806103812500078e+04 4.345012441739783782e+01 2.238910700821131888e-02 9.772931212954234503e-01 3.177716963652064963e-04
5.779120120866900106e+04 3.757675671565908004e+01 1.716074019088149882e-02 9.825896525775471568e-01 2.496072315711639344e-04
5.822217595601850189e+04 4.008398352491472849e+01 2.046715543866595155e-02 9.792208141362092055e-01 3.120304251248365713e-04
5.785717963824069739e+04 9.445615172254919756e+00 2.482555567152457815e-03 9.974347719125202794e-01 8.267252032723681999e-05
5.821819139609950071e+04 1.534202769650296716e+01 7.857474997096203922e-03 9.918286012283078490e-01 3.139237745959336419e-04
5.791103509098380164e+04 3.876004937750592916e+01 1.346122558688355245e-02 9.863944219235126765e-01 1.443524896038326448e-04
5.761200336034719658e+04 4.757860671843673828e+01 2.068298559568303163e-02 9.790908487070374422e-01 2.261656972795846716e-04
5.808928495172449766e+04 nan nan nan nan
5.820824248755790177e+04 1.721804770281502073e+01 3.530077481316579429e-03 9.964196159866901548e-01 5.030653199331443443e-05
5.773628956223379646e+04 2.722687051632738076e+01 8.924488677902244274e-03 9.909469249477822483e-01 1.285863743155828208e-04
5.833911491662039771e+04 3.580593450395662813e+01 1.711043593903216822e-02 9.826162664467884555e-01 2.732976141792337120e-04
5.790106083542820124e+04 5.118340054951841012e+01 2.588290177861249722e-02 9.738110489338964726e-01 3.060492874910590859e-04
5.788831655570599833e+04 4.259105743223162932e+01 1.711227012505604425e-02 9.826945320974953546e-01 1.931977774485129436e-04
5.811034438879630034e+04 4.922767907562707990e+01 2.416754563441918247e-02 9.755440046664526355e-01 2.884496991282257190e-04
5.779119933505789959e+04 3.761159366845183882e+01 1.701710547673194671e-02 9.827379026788620742e-01 2.449918444059012799e-04
5.814337862993060116e+04 4.397193940136413204e+01 2.025329939281145242e-02 9.794927998238238676e-01 2.539007833644705051e-04
5.815635017428240099e+04 3.689007508940758839e+01 1.571731376891335324e-02 9.840654354808169302e-01 2.172507502696815552e-04
5.772434866576390050e+04 4.141260349252893747e+01 1.948651970979828688e-02 9.802484916779323765e-01 2.649886122692617844e-04
5.793314919180559809e+04 5.120677022552132485e+01 2.596762942976457711e-02 9.737245954155954175e-01 3.077751546399932884e-04
5.830805916629629792e+04 4.314902705900671975e+01 2.222406420922911144e-02 9.774584468014899663e-01 3.174889892809279490e-04
5.761013403491899953e+04 3.542865947971453977e+01 1.390592302169502137e-02 9.859096969324712134e-01 1.843800458337877674e-04
5.811034628445599810e+04 4.889174967975134223e+01 2.399719136406910577e-02 9.757144895533023110e-01 2.883190826285860907e-04
5.761013213571759843e+04 3.646686851421397080e+01 1.447259833418968779e-02 9.853388980032257161e-01 1.885036625844621443e-04
5.772434491921299923e+04 3.946686717113520615e+01 1.843114536405080980e-02 9.813078410834095155e-01 2.610135525395241066e-04
5.761200148894680024e+04 4.844933631058935930e+01 2.116919922997956630e-02 9.786023161808578008e-01 2.284845891626104521e-04
5.817630666320599994e+04 4.102096685164171674e+01 1.807012161771480788e-02 9.816976399541601506e-01 2.322384281249984873e-04
5.754723669991899806e+04 5.359142064462310628e+01 2.686932231421822886e-02 9.728298300496963646e-01 3.008476360853736919e-04
5.772434679296299873e+04 3.941728688126348601e+01 1.814377628067930653e-02 9.816026491916938213e-01 2.535745276267308349e-04
5.773628768722219684e+04 2.637933039338689767e+01 8.536595973421479827e-03 9.913380709683460301e-01 1.253330582325592243e-04
5.776936233684029867e+04 2.802699159243245930e+01 1.072139837231484219e-02 9.891034663573337049e-01 1.751352703513838133e-04
5.829398738712960039e+04 2.467759605995448524e+01 7.826125167861771106e-03 9.920535066798630286e-01 1.203681522751590995e-04
5.775719103354169783e+04 3.688411222659360078e+01 1.632374711449357738e-02 9.834418382280510906e-01 2.344146574553355978e-04
5.780131938141200226e+04 2.893942239065233935e+01 1.137412086594528048e-02 9.884410034995504413e-01 1.848756345041970212e-04
5.782431106597220059e+04 2.616985333625908083e+01 9.746815008259579471e-03 9.900871702759375115e-01 1.660147158029257216e-04
5.833911679018520226e+04 3.609213103898720476e+01 1.745833438342773644e-02 9.822616357968472212e-01 2.800298197249955086e-04
5.792214886855320219e+04 5.268514365468942628e+01 2.573892575599616775e-02 9.739754281997000662e-01 2.856460443037920488e-04
5.820922448049770173e+04 1.578725549426890318e+01 3.163671227169310984e-03 9.967882677364588995e-01 4.806103637183928957e-05
5.813334483795140113e+04 5.085934237990385753e+01 2.553321225469206215e-02 9.741651448176563699e-01 3.016429276515725515e-04
5.832914814541670057e+04 2.614715623881494011e+01 9.272735476117672029e-03 9.905767457975479529e-01 1.505187263343539202e-04
5.821819527013890183e+04 9.052007885412630017e+00 4.638643076332761746e-03 9.950470776192752442e-01 3.142793043920255732e-04
5.827419264663189824e+04 4.118700872239759292e+01 2.001158304311091360e-02 9.797058859582895574e-01 2.825309985994582987e-04
5.775719293282410217e+04 3.704101922481383014e+01 1.636703912061546889e-02 9.833992934927255902e-01 2.336673866588561213e-04
5.831815716444439749e+04 3.065873796082770042e+01 1.266407050685341637e-02 9.871317266382642064e-01 2.042028548822642699e-04
5.792214699253469735e+04 5.101425980226570545e+01 2.477914709855713951e-02 9.749384863527907896e-01 2.823665486519067705e-04
5.752033229543980269e+04 nan nan nan nan
5.813334296329860081e+04 5.149497112958700029e+01 2.590310606534845100e-02 9.737940647224545554e-01 3.028292121969639495e-04
5.753007655275460274e+04 3.800965564743911074e+01 1.288221456570827483e-02 9.869803125945705302e-01 1.374728397212901976e-04
5.819735913929399976e+04 4.346756268483242280e+01 2.186894811858446086e-02 9.778281172480658423e-01 3.029346333497541901e-04
5.834905507653929817e+04 3.012233877001539284e+01 1.165055265137697818e-02 9.881704117495433426e-01 1.790355990795957145e-04
5.754723482777780009e+04 5.276302174279751966e+01 2.653379574830942375e-02 9.731635385834934704e-01 3.026656681971394143e-04
5.816432464210649778e+04 4.373600213295917172e+01 2.185508726350784622e-02 9.778460645376529925e-01 2.988481988392139156e-04
5.790105893496530189e+04 4.979189973670126790e+01 2.521797180928291374e-02 9.744750364906449303e-01 3.069917000721162736e-04
5.759998406383099791e+04 5.202640131869637941e+01 2.546550577025131351e-02 9.742477591980098772e-01 2.867350317388480253e-04
5.779120310692129715e+04 3.738763340991818751e+01 1.687940035552874460e-02 9.828766603328835672e-01 2.439393115875634866e-04
5.785729886380789685e+04 1.951276492466154977e+01 6.060390859547050424e-03 9.938241608886287937e-01 1.154482518242010825e-04
5.793315108984950348e+04 5.274889021881584483e+01 2.679728737095093613e-02 9.728938404938740625e-01 3.088721351749804415e-04
5.759998783212959825e+04 5.169351641333270209e+01 2.515643473727240814e-02 9.745601326969909328e-01 2.834325657366873344e-04
5.821819339841439796e+04 1.741060767175000024e+01 9.084585162824945423e-03 9.905895735898927468e-01 3.258412472823385940e-04
5.824312646829860023e+04 4.330841425187900029e+01 2.037559933399044759e-02 9.793594896997588339e-01 2.649109662506193212e-04
5.787734435098380345e+04 4.948651165090671356e+01 2.098524242590062844e-02 9.787995398590829677e-01 2.152177150163572079e-04
5.777932645429400145e+04 3.722369390070100081e+01 1.939574327205620050e-02 9.802793208740914199e-01 3.249358538524553118e-04
5.785718151214120007e+04 7.052048038979303435e+00 1.917673126370949676e-03 9.979938270597518146e-01 8.849981387733998753e-05
5.759998593644679931e+04 5.124795809403732250e+01 2.490758790985733370e-02 9.748097068046031044e-01 2.827052855394659981e-04
5.816432651253470249e+04 4.313789359584580296e+01 2.149333459483402861e-02 9.782095580205081298e-01 2.971073846579567589e-04
5.750814597651619988e+04 5.618031022067491165e+01 2.856608968247646707e-02 9.711244841475894507e-01 3.094261699340511667e-04
5.816432274166669959e+04 4.450740719766464792e+01 2.262313493871750958e-02 9.770676471096372273e-01 3.092179516452060826e-04
5.829398551293979835e+04 2.515562543569717491e+01 8.175188995488759033e-03 9.916984104203350192e-01 1.264005841763133709e-04
5.793314732129630283e+04 5.056073782154483354e+01 2.588419119132523427e-02 9.738021437738173525e-01 3.136650348574760360e-04
5.788831842739580316e+04 4.267320081421039646e+01 1.721453835339891228e-02 9.825906997301583345e-01 1.947619164427014582e-04
5.818627152878470224e+04 3.982140711956412105e+01 1.743931235566612697e-02 9.823311524812567974e-01 2.295351630770392352e-04
5.754723295498840162e+04 5.306742680073983109e+01 2.654207943770657552e-02 9.731585303851445490e-01 2.993901771489650035e-04
5.774633784363429731e+04 4.336435963365660484e+01 2.074760042995445197e-02 9.789784355104127478e-01 2.739640596327560032e-04
5.755801611182869965e+04 4.362772810833596537e+01 1.709230577102921825e-02 9.827239981745913289e-01 1.836960543794583043e-04
5.823315396350689844e+04 3.905189199294208890e+01 1.786369092251519075e-02 9.818858816167149728e-01 2.504274607697832829e-04
5.753007467814820120e+04 3.635102487350628309e+01 1.191850059037274749e-02 9.879528423439389861e-01 1.286570656882987250e-04
5.752033042518520233e+04 nan nan nan nan
5.777932455837960151e+04 3.722776375396798443e+01 1.935945482162259451e-02 9.803168948405576177e-01 3.236503378198984991e-04
5.787734625126160245e+04 5.038566987312873380e+01 2.140152911670587660e-02 9.783825477110640323e-01 2.159231722301434763e-04
5.776935856103010155e+04 2.818891926750187693e+01 1.107626712488034640e-02 9.887389534092244636e-01 1.847794658951677554e-04
5.762007914293980139e+04 3.589208610248113729e+01 1.360061956493493519e-02 9.862275327442698858e-01 1.718476907951835980e-04
5.774633974197920179e+04 4.338588255475305999e+01 2.058987489833862677e-02 9.791405782520629097e-01 2.695468495983397708e-04
5.820922635410880321e+04 1.638392281234343528e+01 3.436695885507380123e-03 9.965106454141203773e-01 5.265870037221351540e-05
