5.754723482777780009e+04 1.603321300657283288e+01 8.530161366256311384e-03 9.911310747633734763e-01 3.387638703702918527e-04
5.823315209210650210e+04 1.149724471765001432e+01 6.012673198985072839e-03 9.936600076879642529e-01 3.273191130507414177e-04
5.776936233684029867e+04 1.019116934689040121e+01 5.046597366545135278e-03 9.946599263613250530e-01 2.934762721298640872e-04
5.814337862993060116e+04 1.414164580980162178e+01 7.456121273633991783e-03 9.922111810773923679e-01 3.326976489736587373e-04
5.781429965668980003e+04 1.029589961585363689e+01 5.496505437352971167e-03 9.941624049909437710e-01 3.410895717032058128e-04
5.834905695135419955e+04 1.090531947085789177e+01 5.258007989252498800e-03 9.944637713261843537e-01 2.782206845630100949e-04
5.750814784447920101e+04 1.552030490235874893e+01 8.247883987946638684e-03 9.914141225445709527e-01 3.379934674825340484e-04
5.830806103812500078e+04 1.294764336740384003e+01 6.987008827438842551e-03 9.926644734690095451e-01 3.485177035516313524e-04
5.777932645429400145e+04 1.083845243539686365e+01 5.903750059396318736e-03 9.937411545042403871e-01 3.550954363633468109e-04
5.793314732129630283e+04 1.432824420939777532e+01 7.674024839795340683e-03 9.919826669669096209e-01 3.433081932950493055e-04
5.820824248755790177e+04 7.459599191977956956e+00 2.635126328142295242e-03 9.972155269787045251e-01 1.493466931531640062e-04
5.785729699114579853e+04 8.438624021080112669e+00 3.818760540637881288e-03 9.959361496270684455e-01 2.450898322936567752e-04
5.813334483795140113e+04 1.533822396484263528e+01 8.146194319217148205e-03 9.915162207142508288e-01 3.375849665321067222e-04
5.780131938141200226e+04 9.832453315630964141e+00 4.841930829861910458e-03 9.948678426511770034e-01 2.902265189611227011e-04
5.820922448049770173e+04 7.180424699734188287e+00 2.518791280534531194e-03 9.973339409140176137e-01 1.472678054478616710e-04
5.826406513415509835e+04 8.748130079381594371e+00 3.941993341178934469e-03 9.958149961663904648e-01 2.430104924304287556e-04
5.758319246322919935e+04 1.022958279290440942e+01 4.739289449492078803e-03 9.950038281556872199e-01 2.568823948206520815e-04
5.815634830284719646e+04 1.226329403800544782e+01 6.170865791869828594e-03 9.935260930365081844e-01 3.030411716220709258e-04
5.815338441898149904e+04 nan nan nan nan
5.786715239743059647e+04 1.023738975016055797e+01 5.450461731352407649e-03 9.942102945375723699e-01 3.392437310751498310e-04
5.815338254519680049e+04 1.136658843164408417e+01 5.271404586651002450e-03 9.944711909062121657e-01 2.574045071368415583e-04
5.787734813106479851e+04 1.539108761921392876e+01 7.378594732948701336e-03 9.923463421178522204e-01 2.750631491990597694e-04
5.754723669991899806e+04 1.570951081173738828e+01 8.245560873898764853e-03 9.914247240552830354e-01 3.297150708181881837e-04
5.781430152931709745e+04 1.039537172893840022e+01 5.531459448010220790e-03 9.941296783451071262e-01 3.388622068827164659e-04
5.818627152878470224e+04 1.305017739608912919e+01 6.637384803301000016e-03 9.930530266540196216e-01 3.095885426794534219e-04
5.811034438879630034e+04 1.534933354574856068e+01 8.123362336013356319e-03 9.915414281626545590e-01 3.352095013321383416e-04
5.823315396350689844e+04 1.206611033036024416e+01 6.379155459199419009e-03 9.932863296116543061e-01 3.345149291462688789e-04
5.758319436125000357e+04 1.269734359426461445e+01 6.036339312822608036e-03 9.936931743943608897e-01 2.704862928163377037e-04
5.752032855259259668e+04 nan nan nan nan
5.774634164041670010e+04 1.276798256574608281e+01 6.775570530016864455e-03 9.928873976575491866e-01 3.370318124340446870e-04
5.756819252324070112e+04 1.522723151692436794e+01 7.865671129347093227e-03 9.918149888244841561e-01 3.193400461688234186e-04
5.773629143378470326e+04 1.012611735211680930e+01 4.606073914454268843e-03 9.951462981651012507e-01 2.476279204443812424e-04
5.759998406383099791e+04 1.522801412251034670e+01 8.004719940080848653e-03 9.916645836660841207e-01 3.306963938350274222e-04
5.793314919180559809e+04 1.489001684035718220e+01 8.047854662848557411e-03 9.916025274943796042e-01 3.496178427718979877e-04
5.831815526644680358e+04 1.081295777227726873e+01 5.247899664490578327e-03 9.944701934073018057e-01 2.819069282074314429e-04
5.793315108984950348e+04 1.497791208864658152e+01 8.035495298979788981e-03 9.916200386190557881e-01 3.444660819644539736e-04
5.825404742700229690e+04 1.214193866315566694e+01 6.431330464325854535e-03 9.932328938078008873e-01 3.357757278732549037e-04
5.788831468282410060e+04 1.405683126085719081e+01 6.696865708389886443e-03 9.930314953471461870e-01 2.716389444639827604e-04
5.754723295498840162e+04 1.578741501114670598e+01 8.383827511429272142e-03 9.912786627295077091e-01 3.375097590630103065e-04
5.772434866576390050e+04 1.389438304175243211e+01 7.280153772421706602e-03 9.923912774533650838e-01 3.285687742132474966e-04
5.788831655570599833e+04 1.395700125014564819e+01 6.671681346919114582e-03 9.930548484123711273e-01 2.734702407097467270e-04
5.815635017428240099e+04 1.238360992070275302e+01 6.281058200771306652e-03 9.934110523367524204e-01 3.078894624763799928e-04
5.832915001937500347e+04 1.000388914895268755e+01 4.603957894780745692e-03 9.951425592082775440e-01 2.534828969416926003e-04
5.816432464210649778e+04 1.326676683645885291e+01 6.979160603156136025e-03 9.926896320904027293e-01 3.312073064411160555e-04
5.833911491662039771e+04 1.142735726107387961e+01 5.797228896190106257e-03 9.938947552978232292e-01 3.080158059866689780e-04
5.775718913462960336e+04 1.079172162999473272e+01 5.143916619596148807e-03 9.945841703068005746e-01 2.719130736031634779e-04
5.830805729326389701e+04 1.295375721969040406e+01 6.927176070862082861e-03 9.927305729782414101e-01 3.422509508965283450e-04
5.785729509346059785e+04 9.250523208403997444e+00 4.284929252107909890e-03 9.954582805545005852e-01 2.567901933914476715e-04
5.817630666320599994e+04 1.321202312659612055e+01 6.972412533970245505e-03 9.926942752611874754e-01 3.333122048422989354e-04
5.759998783212959825e+04 1.579976832176802759e+01 8.372791286914848738e-03 9.912911131258903552e-01 3.360955871948444109e-04
5.752033042518520233e+04 nan nan nan nan
5.821819527013890183e+04 2.879791238004837606e+00 1.539843084664923667e-03 9.981179769019223880e-01 3.421800134127433893e-04
5.822217782984949736e+04 1.240859528529009737e+01 6.608038185397284436e-03 9.930525526498856781e-01 3.394091647171243692e-04
5.833911866302080307e+04 1.148211945237893872e+01 5.898359378283236053e-03 9.937858188572494811e-01 3.158217644673462889e-04
5.762007914293980139e+04 1.303104522877892890e+01 6.369705801761680296e-03 9.933443350724515675e-01 2.859591257867470301e-04
5.821819139609950071e+04 4.849439926005242540e+00 2.591945648315057034e-03 9.970661596817408379e-01 3.418946699442088088e-04
5.821819339841439796e+04 5.360935618833697625e+00 2.843464075256779949e-03 9.968198398719443354e-01 3.366960527990204622e-04
5.753007844962959643e+04 1.528409280793920644e+01 7.165353486867722527e-03 9.925716078278494781e-01 2.630386852827916108e-04
5.819736103619210189e+04 1.358556707269409003e+01 7.257661604156462158e-03 9.924007826426862744e-01 3.415557531572717431e-04
5.825404368166669883e+04 1.230602511205706584e+01 6.273631679163635920e-03 9.934153212191465521e-01 3.110471016898246435e-04
5.763301029209489934e+04 1.476292893888311220e+01 7.384275008606328364e-03 9.923162956304061311e-01 2.994293609875832863e-04
5.826406706221059721e+04 6.100792494376116260e+00 2.744536065267444338e-03 9.970132555942916586e-01 2.422083404408129873e-04
5.785717963824069739e+04 nan nan nan nan
5.782431106597220059e+04 9.648955683870147126e+00 4.752056873658701969e-03 9.949576569512688096e-01 2.902861750725891352e-04
5.824312459526619932e+04 1.281237088189602424e+01 6.679320060774886735e-03 9.929954210139957382e-01 3.252589252294234940e-04
5.823315021841439739e+04 8.286029295557623797e+00 4.262104343273682115e-03 9.954212460567916088e-01 3.166495999348083851e-04
5.761200336034719658e+04 1.459302994892526328e+01 7.289010175900545278e-03 9.924124035203882865e-01 2.985863037112824591e-04
5.811034628445599810e+04 1.547939100401606183e+01 8.125601153780220853e-03 9.915446168228861934e-01 3.297820233335541995e-04
5.775719103354169783e+04 1.032286174962878178e+01 4.834033131991366354e-03 9.949035191865974737e-01 2.624476814111717537e-04
5.775719293282410217e+04 1.077720353390932573e+01 5.134664610614922062e-03 9.945936691255790052e-01 2.716662638061018522e-04
5.761013403491899953e+04 1.224413592186814803e+01 5.765203261224753628e-03 9.939694604318103366e-01 2.653363069649102186e-04
5.790106270711810066e+04 1.495025281778643667e+01 7.856776852823399784e-03 9.918126896487419186e-01 3.305334984346892349e-04
5.774633974197920179e+04 1.300808321054302219e+01 6.882459769834328722e-03 9.927825096362228319e-01 3.350305939428309485e-04
5.813334673453700088e+04 1.571211011546370528e+01 8.326671454389462587e-03 9.913372060751962644e-01 3.361224704142844622e-04
5.811034251591440261e+04 1.555913296263614320e+01 8.219332100727203688e-03 9.914466836472166644e-01 3.339842520562297354e-04
5.773628956223379646e+04 1.028915839544005095e+01 4.719268345680735326e-03 9.950289562183719516e-01 2.517754359472445386e-04
5.779120120866900106e+04 1.259109963748910666e+01 6.550321351134823049e-03 9.931257706979466082e-01 3.239079509185900868e-04
5.787734435098380345e+04 1.492572316307861335e+01 7.050947099221578120e-03 9.926819689048396178e-01 2.670839959386028459e-04
5.758319623273149773e+04 1.186954678068227942e+01 5.509739815317766035e-03 9.942323802059552795e-01 2.578799787269519432e-04
5.776935856103010155e+04 9.882858978208426848e+00 4.946834884672241493e-03 9.947533086965432148e-01 2.998564187844978942e-04
5.782430919329859898e+04 9.883632109417078482e+00 4.831969292340383866e-03 9.948819827146172523e-01 2.860479930423257184e-04
5.773628768722219684e+04 1.002447716485274043e+01 4.546729921216401127e-03 9.952070641139155738e-01 2.462059648680185904e-04
5.829398551293979835e+04 9.557314871939894374e+00 4.318389270454443297e-03 9.954372702034525178e-01 2.443405260929951313e-04
5.818626778427079989e+04 1.327500785725746546e+01 6.751502721286085050e-03 9.929389300085348369e-01 3.095672701790988871e-04
5.790105893496530189e+04 1.485837220663909086e+01 7.902546348713269941e-03 9.917589094700930419e-01 3.385441811936445913e-04
5.820824059042819863e+04 7.504438525596588860e+00 2.653915803037499525e-03 9.971964049500553484e-01 1.496792469071130561e-04
5.816432274166669959e+04 1.324750135700379872e+01 7.027672081645153744e-03 9.926355227486080013e-01 3.368051697468090280e-04
5.791103509098380164e+04 1.380894721353932475e+01 6.399629995879240613e-03 9.933433231407432507e-01 2.570468633774206416e-04
5.785718151214120007e+04 nan nan nan nan
5.780131750628470036e+04 9.857961278367001867e+00 4.801263640592872209e-03 9.949148394862622480e-01 2.838968731448413213e-04
5.779119933505789959e+04 1.229814887690011638e+01 6.358327940225728427e-03 9.933217603979628274e-01 3.199116618114820616e-04
5.786715617920140357e+04 1.118093882029868169e+01 6.049075142428944618e-03 9.936006208275598439e-01 3.503040300112834557e-04
5.788831842739580316e+04 1.447064874120126099e+01 7.014068185665741501e-03 9.927047497075028870e-01 2.811821068312109705e-04
5.792214699253469735e+04 1.487578102377982070e+01 7.795660317121012872e-03 9.918756621806835705e-01 3.286775021953664932e-04
5.762008101782410085e+04 1.328420292479070497e+01 6.392994528516070252e-03 9.933298257970675227e-01 2.771796744162962570e-04
5.825404555556709965e+04 1.240488286812991703e+01 6.366289812687437981e-03 9.933184920549218422e-01 3.152181323906501765e-04
5.830805916629629792e+04 1.271215821490420694e+01 6.773363179944870763e-03 9.928868599093653158e-01 3.397769106899085423e-04
5.826406895916670328e+04 6.071112012757497567e+00 2.510051610932504795e-03 9.972853734038933382e-01 2.045749851740717533e-04
5.772434679296299873e+04 1.348601048520801449e+01 6.897383293031470602e-03 9.927895582412052944e-01 3.130584657632503524e-04
5.785729886380789685e+04 8.165775068960693162e+00 3.714938809081449068e-03 9.960373576467335122e-01 2.477035441849307837e-04
5.820922635410880321e+04 7.354297117794608596e+00 2.627461278255821368e-03 9.972197771836064373e-01 1.527615381377554770e-04
5.750814405184030329e+04 1.558877932716221615e+01 8.412564213632917759e-03 9.912388928521727038e-01 3.485429341944173780e-04
5.829398925767360197e+04 9.713342741072453990e+00 4.327627344352647648e-03 9.954348057161570562e-01 2.375669394903027012e-04
5.763300839271990117e+04 1.469799628057077356e+01 7.362468425645932180e-03 9.923372322594928852e-01 3.002993148612399105e-04
5.780132125148150226e+04 9.572093359277094038e+00 4.579224546686196974e-03 9.951468743726721300e-01 2.739010806416295558e-04
5.814337675952549762e+04 1.465901651840891695e+01 7.757770984979376477e-03 9.919070414040330741e-01 3.351876109875956693e-04
5.808928869571760151e+04 1.222917077036888855e+01 5.579815626077366288e-03 9.941710294953037819e-01 2.491548786188277787e-04
5.777932455837960151e+04 1.087607143862431336e+01 5.975797016977779999e-03 9.936629002154907520e-01 3.613027675314890263e-04
5.777932265245370218e+04 1.072512055260649610e+01 5.861716321128101863e-03 9.937807895236127065e-01 3.574941552592403359e-04
5.822217595601850189e+04 1.194486914651959353e+01 6.387386153646368303e-03 9.932703923632939524e-01 3.422214830598002515e-04
5.820922822435179842e+04 8.381859148514916313e+00 3.161099497933105452e-03 9.966686770743203860e-01 1.702234277464259257e-04
5.819735913929399976e+04 1.372214362987621250e+01 7.321746131877839882e-03 9.923375248448228492e-01 3.407290232994381269e-04
5.817630854277779872e+04 1.303146257619826720e+01 6.926308208830336648e-03 9.927355950219808323e-01 3.380967691887706980e-04
5.828426319100690307e+04 1.130763111025860113e+01 5.824633135326807987e-03 9.938578128512262078e-01 3.175540134471075250e-04
5.814337488581019716e+04 1.464299636070151678e+01 7.659425418788003495e-03 9.920131161389043051e-01 3.274584423077757270e-04
5.759998593644679931e+04 1.487867156353678411e+01 7.657393648055362163e-03 9.920256077475847478e-01 3.169986043598585208e-04
5.816432651253470249e+04 1.355950527098696057e+01 7.259413545861206213e-03 9.923975509249540750e-01 3.430355291847519516e-04
5.782430731930559705e+04 9.623237666031881687e+00 4.726365452102556514e-03 9.949849417883946945e-01 2.886927595027365882e-04
5.819735718868060212e+04 1.325298340428252786e+01 6.966163369991750821e-03 9.927031750631591933e-01 3.306615668491787586e-04
5.756818854954859853e+04 1.532302725120818288e+01 7.895668899041590957e-03 9.917865614438393651e-01 3.177696571190429084e-04
5.817631041427080345e+04 1.303230244296839579e+01 6.812271929690863308e-03 9.928607148066737054e-01 3.270132636354566402e-04
5.792214886855320219e+04 1.524535538768433085e+01 7.892885796281156122e-03 9.917863246262965671e-01 3.207895774223729719e-04
5.792215074342589651e+04 1.507109963690993304e+01 7.792371488253764002e-03 9.918876851290249208e-01 3.199433827213360101e-04
5.827419264663189824e+04 1.300902101901910513e+01 6.910948994126931040e-03 9.927512897259969105e-01 3.377612798761981793e-04
5.824312269599540014e+04 1.314520133781633149e+01 6.887564421293879656e-03 9.927838711223636592e-01 3.285644563424888016e-04
5.761013213571759843e+04 1.262705029592284234e+01 6.004712075517425370e-03 9.937246402672161860e-01 2.706476572663599352e-04
5.824312646829860023e+04 1.296226670698824890e+01 6.884353522112321433e-03 9.927780575932969587e-01 3.375888845907586014e-04
5.790106083542820124e+04 1.511132978991419229e+01 8.030411093128910285e-03 9.916316066465140633e-01 3.379822603570247484e-04
5.786715427152779739e+04 1.092789446992614621e+01 5.815407885685520452e-03 9.938456612693911119e-01 3.389308449233764719e-04
5.755801421140049933e+04 1.515707311569478044e+01 7.372777904936831696e-03 9.923440468213552412e-01 2.831752737078822445e-04
5.750814597651619988e+04 1.633264166125328387e+01 8.720399310845427729e-03 9.909384206667368744e-01 3.411800224177747318e-04
5.834905507653929817e+04 1.083614453321569648e+01 5.278870243490110629e-03 9.944371050544313917e-01 2.840247020783108153e-04
5.832915189348380227e+04 9.896414242559526286e+00 4.574308737668415954e-03 9.951699982069899253e-01 2.556930553415832919e-04
5.829398738712960039e+04 9.404728992102397100e+00 4.184542571904104231e-03 9.955785235694034618e-01 2.369338586924328767e-04
5.763300649296300253e+04 1.505180356945912123e+01 7.511685474668667803e-03 9.921902423595333476e-01 2.980721657980083266e-04
5.812134434108799906e+04 1.339187951991502068e+01 6.803125779335734112e-03 9.928880170768840108e-01 3.088571437802528955e-04
5.779120310692129715e+04 1.259727588298923706e+01 6.495667259323540180e-03 9.931861196981961459e-01 3.182130424803961241e-04
5.761199958975690242e+04 1.473266753739856938e+01 7.477976821274227338e-03 9.922136836747984523e-01 3.083395039273003095e-04
5.812134624599540257e+04 1.346402621967021851e+01 6.882922434004821316e-03 9.928043115411860908e-01 3.127660248091758931e-04
5.755801611182869965e+04 1.520671264100266029e+01 7.567819513985689014e-03 9.921357693126802157e-01 2.964111733340480206e-04
5.791103319438659673e+04 1.344031602762496647e+01 6.203308997112406790e-03 9.935417430171293862e-01 2.549479857580544992e-04
5.772434491921299923e+04 1.352382793914178905e+01 6.988803867069679106e-03 9.926915789282161340e-01 3.196172047142236132e-04
5.808928682432870119e+04 6.867886247774314334e+00 2.850543725671077135e-03 9.969432827263070562e-01 2.061735480218930354e-04
5.808928495172449766e+04 nan nan nan nan
5.828426696519680263e+04 1.131101117231886732e+01 5.820193683821026261e-03 9.938629256598524586e-01 3.168806563265526917e-04
5.827419074731480214e+04 1.268809990808590094e+01 6.629028489162347264e-03 9.930442856724026601e-01 3.266858384349956464e-04
5.776936043849540147e+04 9.857084176621437877e+00 4.877775051143774972e-03 9.948291556519222034e-01 2.930692969340756033e-04
5.791103132280090358e+04 1.391444944006244633e+01 6.464603570540786680e-03 9.932770660639642646e-01 2.583303654948597753e-04
5.762008289043980039e+04 1.307058427613156759e+01 6.357170091690581004e-03 9.933597158881444233e-01 2.831140201648805078e-04
5.781429775741900085e+04 1.006859394864000024e+01 5.298320666477300024e-03 9.943702716737291558e-01 3.314076597934959142e-04
5.822217972678240039e+04 1.241838002260563201e+01 6.551442010982101716e-03 9.931154633615550953e-01 3.330946274628818703e-04
5.828426509484949929e+04 1.162772006705946204e+01 6.017188280432874542e-03 9.936623163321895991e-01 3.204953873775838002e-04
5.813334296329860081e+04 1.534021821227447369e+01 8.105567504754981889e-03 9.915602932431286654e-01 3.341392521163109625e-04
5.812134814739580179e+04 1.333595320417196639e+01 6.702826902863487368e-03 9.929948358882364490e-01 3.023372089001005758e-04
5.787734625126160245e+04 1.567626401006128489e+01 7.508348813097094621e-03 9.922170973864864463e-01 2.745538004164460393e-04
5.827419451822919655e+04 1.237057777193494879e+01 6.572513955648912748e-03 9.930896493780221324e-01 3.378366663290822383e-04
5.753007655275460274e+04 1.461403020124018859e+01 6.819129292858104249e-03 9.929202904155317588e-01 2.605802916099392145e-04
5.831815716444439749e+04 1.044570127730946218e+01 4.989584146342206615e-03 9.947373438257252065e-01 2.730720279325290285e-04
5.818626965681710135e+04 1.331040211933768980e+01 6.765500350499842504e-03 9.929252984239806956e-01 3.092012255195547956e-04
5.761200148894680024e+04 1.530825598203776039e+01 7.747888108599941190e-03 9.919455353179845725e-01 3.065765734155859287e-04
5.818626413548609708e+04 1.312493871073552576e+01 6.828570879974149924e-03 9.928474710579752172e-01 3.239580620506276069e-04
5.755801800879630173e+04 1.516162166678109635e+01 7.510016520145029045e-03 9.921963441724557242e-01 2.936393073993368865e-04
5.756819065248840343e+04 1.532627354834329836e+01 8.086114111421112069e-03 9.915807431870452548e-01 3.331427015336496699e-04
5.831815903825229907e+04 1.076230329770951322e+01 5.208135927972327474e-03 9.945115932521353397e-01 2.802708198922238274e-04
5.832914814541670057e+04 1.038181425426069282e+01 4.727731539916521855e-03 9.950240792920639343e-01 2.481891680195146476e-04
5.834905882418980036e+04 1.085636298710538838e+01 5.211008820016953258e-03 9.945132519096071544e-01 2.757392703758357582e-04
5.774633784363429731e+04 1.285789714716977450e+01 6.805020327413645841e-03 9.928597498279174705e-01 3.352298446688674956e-04
5.833911679018520226e+04 1.173345966069071444e+01 6.081837794587615850e-03 9.935966176101076464e-01 3.215445953048339618e-04
5.815634642906249792e+04 1.211833330433907285e+01 6.090287327448782283e-03 9.936074298316797115e-01 3.022828408715410339e-04
5.752033229543980269e+04 nan nan nan nan
5.753007467814820120e+04 1.376817486228898701e+01 6.234450319251849670e-03 9.935201537776683356e-01 2.453959030798045994e-04
