5.750814405184030329e+04 3.593057671968645650e+02 6.972431451556283521e-01 2.935593978184340425e-01 9.197457025937617534e-03
5.750814597651619988e+04 3.588000953588214657e+02 6.866146927374415787e-01 3.044409585524126549e-01 8.944348710145723011e-03
5.750814784447920101e+04 3.446345663382626867e+02 6.461511495193423826e-01 3.452631010293376046e-01 8.585749451320089098e-03
5.752032855259259668e+04 nan nan nan nan
5.752033042518520233e+04 nan nan nan nan
5.752033229543980269e+04 nan nan nan nan
5.753007467814820120e+04 2.181871419668496515e+02 2.562408471723570669e-01 7.403904240001287773e-01 3.368728827514334487e-03
5.753007655275460274e+04 2.235977886939185169e+02 2.690993654599829754e-01 7.273629591862575960e-01 3.537675353759493595e-03
5.753007844962959643e+04 2.660207392280376553e+02 3.719150760911784648e-01 6.233109041519419025e-01 4.774019756879664851e-03
5.754723295498840162e+04 3.408959310550604869e+02 6.913946987927016563e-01 2.985583083710973695e-01 1.004699283620108172e-02
5.754723482777780009e+04 3.415236199437276241e+02 6.942802217838660583e-01 2.956259540775311168e-01 1.009382413860270000e-02
5.754723669991899806e+04 3.520834103507094710e+02 7.346104851201749053e-01 2.547566386634297908e-01 1.063287621639525879e-02
5.755801421140049933e+04 3.065287036556876501e+02 5.045067743667420723e-01 4.888768623286364745e-01 6.616363304621388115e-03
5.755801611182869965e+04 2.952680510036829560e+02 4.676581744814057862e-01 5.262147704693141970e-01 6.127055049279949220e-03
5.755801800879630173e+04 2.815742438165031558e+02 4.285043206615509748e-01 5.658391219875820166e-01 5.656557350867006881e-03
5.756818854954859853e+04 3.587604184705548960e+02 7.917140843314218746e-01 1.963911652172508071e-01 1.189475045132735651e-02
5.756819065248840343e+04 3.746479549713713482e+02 8.723259908630881521e-01 1.144324681485896222e-01 1.324154098832227948e-02
5.756819252324070112e+04 3.400630786893954678e+02 7.155845350469843824e-01 2.736003643217510550e-01 1.081510063126458164e-02
5.758319246322919935e+04 2.369215438572055348e+02 4.631552113272706661e-01 5.275107060880502852e-01 9.334082584679019232e-03
5.758319436125000357e+04 2.565852440637729046e+02 4.633971209858762097e-01 5.286363169186716338e-01 7.966562095452212056e-03
5.758319623273149773e+04 2.413165355368668656e+02 4.147942529616489571e-01 5.779893746751626482e-01 7.216372363188426793e-03
5.759998406383099791e+04 3.451033083421186234e+02 6.686175266819560647e-01 3.222142558728013362e-01 9.168217445242545297e-03
5.759998593644679931e+04 3.589933147354821017e+02 7.245393211053537952e-01 2.655116925582797771e-01 9.948986336366361788e-03
5.759998783212959825e+04 3.556691501732726124e+02 7.130466938448719594e-01 2.771364781142617306e-01 9.816828040866381125e-03
5.761013213571759843e+04 2.331706644645365714e+02 4.032528000506842014e-01 5.894419580777205958e-01 7.305241871595170682e-03
5.761013403491899953e+04 2.355444581460236861e+02 4.254385938690302127e-01 5.665932905550438159e-01 7.968115575926004376e-03
5.761199958975690242e+04 3.693663453789805544e+02 7.766572572716495815e-01 2.125440346331576302e-01 1.079870809519276921e-02
5.761200148894680024e+04 3.892729233569606890e+02 8.626758281363545722e-01 1.253287782670813866e-01 1.199539359656401696e-02
5.761200336034719658e+04 3.352853760598574127e+02 6.447163194531028152e-01 3.462526826531209800e-01 9.030997893776216909e-03
5.762007914293980139e+04 2.607301850525597615e+02 4.822688366388433456e-01 5.093746827433507374e-01 8.356480617805899652e-03
5.762008101782410085e+04 2.397224658272807289e+02 4.102947016637712441e-01 5.825504244702949252e-01 7.154873865933857567e-03
5.785717963824069739e+04 nan nan nan nan
5.785718151214120007e+04 nan nan nan nan
5.785729509346059785e+04 1.799677743150862170e+02 2.912916648327829039e-01 7.023095981567123447e-01 6.398737010504897994e-03
5.785729699114579853e+04 1.564987808513315031e+02 2.414266884576789507e-01 7.527606334210327210e-01 5.812678121288427160e-03
5.785729886380789685e+04 1.660562636284609255e+02 2.774582727663538195e-01 7.157228563017422607e-01 6.818870931903890306e-03
5.786715239743059647e+04 2.553933413228540417e+02 5.650730345004745248e-01 4.229700912139774394e-01 1.195687428554805323e-02
5.786715427152779739e+04 2.367683611592902082e+02 4.766210034514763438e-01 5.134814704837958876e-01 9.897526064727806688e-03
5.786715617920140357e+04 2.521385716365967937e+02 5.453500880720232313e-01 4.432237641729227517e-01 1.142614775505389028e-02
5.787734435098380345e+04 3.948529924088074949e+02 8.823935761231329611e-01 1.054086256481462786e-01 1.219779822872066322e-02
5.787734625126160245e+04 4.089941577516837015e+02 9.421300182032616988e-01 4.490968010393438931e-02 1.296030169280382519e-02
5.787734813106479851e+04 4.014228997390650306e+02 9.087575552078310803e-01 7.872489238274081591e-02 1.251755240942815754e-02
5.788831468282410060e+04 3.881378697468270502e+02 9.438860272694771236e-01 4.166973208510924703e-02 1.444424064541366751e-02
5.788831655570599833e+04 3.540692963729283633e+02 7.686340964838410672e-01 2.198555041365139462e-01 1.151039937964502650e-02
5.788831842739580316e+04 3.669518427499124869e+02 8.327895242532558084e-01 1.546304943736466764e-01 1.257998137309747876e-02
5.790105893496530189e+04 3.641443042797834551e+02 7.881722477611126099e-01 2.003852008361904358e-01 1.144255140269689712e-02
5.790106083542820124e+04 3.572677140322371656e+02 7.525836527945626298e-01 2.365783344993168114e-01 1.083801270612055716e-02
5.790106270711810066e+04 3.596629944086164414e+02 7.593299119790068996e-01 2.297833657975145993e-01 1.088672222347849758e-02
5.791103132280090358e+04 1.893056110746796037e+02 2.038323092466811925e-01 7.933359941958108008e-01 2.831696557508042202e-03
5.791103319438659673e+04 2.135683843247289531e+02 2.615877184616490769e-01 7.347480035589546432e-01 3.664277979396366163e-03
5.791103509098380164e+04 2.071130222627160720e+02 2.472659965667379500e-01 7.492527020755356260e-01 3.481301357726486034e-03
5.792214699253469735e+04 3.610608568225372892e+02 7.515484235112560585e-01 2.378692597455372981e-01 1.058231674320666248e-02
5.792214886855320219e+04 3.516770711589782650e+02 7.115928715661898885e-01 2.784070661029119376e-01 1.000006233089806990e-02
5.792215074342589651e+04 3.657780014642853530e+02 7.726763517013949256e-01 2.164246216927638577e-01 1.089902660584114377e-02
5.793314732129630283e+04 3.275306255007304230e+02 6.775034996766445827e-01 3.120457639229216040e-01 1.045073640043393121e-02
5.793314919180559809e+04 3.311947438373031787e+02 6.914098383670952419e-01 2.979454996420904944e-01 1.064466199081431572e-02
5.793315108984950348e+04 3.216654504064348430e+02 6.418416570682252686e-01 3.484336789306572979e-01 9.724664001117464679e-03
5.808928495172449766e+04 nan nan nan nan
5.808928682432870119e+04 nan nan nan nan
5.808928869571760151e+04 1.597599293132378762e+02 1.968153802996023272e-01 7.994777272569998372e-01 3.706892443398048572e-03
5.776936233684029867e+04 1.726017196071008755e+02 2.463123337535770008e-01 7.487136211463176760e-01 4.974045100105370897e-03
5.777932265245370218e+04 2.502335232511226479e+02 5.145905268342784167e-01 4.750804267408905712e-01 1.032904642483097220e-02
5.777932455837960151e+04 2.278226737006347946e+02 4.257649203614424782e-01 5.657045990202058672e-01 8.530480618351635527e-03
5.777932645429400145e+04 2.532932482850535507e+02 5.243945409388289791e-01 4.651366631372375049e-01 1.046879592393357671e-02
5.779119933505789959e+04 2.198570926314355347e+02 3.898087387187293418e-01 6.025132310534428992e-01 7.678030227827797177e-03
5.779120120866900106e+04 2.231075391840797408e+02 4.031052983531093203e-01 5.889214373952660342e-01 7.973264251624610777e-03
5.779120310692129715e+04 2.325476180140759936e+02 4.344989787526310487e-01 5.569743137268339250e-01 8.526707520534927351e-03
5.780131750628470036e+04 1.958130277869052236e+02 3.136941500394365701e-01 6.800374411703870026e-01 6.268408790176329369e-03
5.780131938141200226e+04 1.744011030599081380e+02 2.520400929787873778e-01 7.428587529077704810e-01 5.101154113442142937e-03
5.780132125148150226e+04 1.737034059954317513e+02 2.466675925378410961e-01 7.484070794462748255e-01 4.925328015884056741e-03
5.781429775741900085e+04 2.730783151721709032e+02 6.475104063517511666e-01 3.387571851913532828e-01 1.373240845689556629e-02
5.781429965668980003e+04 2.741400551898475442e+02 6.517482935880620776e-01 3.344465144217612096e-01 1.380519199017673712e-02
5.781430152931709745e+04 2.574290667806216675e+02 5.709142197046066514e-01 4.170727051833245103e-01 1.201307511206883144e-02
5.782430731930559705e+04 2.175708951627573242e+02 3.978338359530027013e-01 5.939997861211991914e-01 8.166377925798039630e-03
5.782430919329859898e+04 2.031361781818619363e+02 3.384064971721744697e-01 6.548150517258007897e-01 6.778451102024830865e-03
5.763300649296300253e+04 2.998225756524379904e+02 5.286753464474295283e-01 4.637305398949326807e-01 7.594113657637848250e-03
5.763300839271990117e+04 3.018945596778775666e+02 5.411461710696211513e-01 4.510060593510023530e-01 7.847769579376648319e-03
5.763301029209489934e+04 2.889311710461490748e+02 4.961875404668009137e-01 4.966091753172046097e-01 7.203284215994490425e-03
5.772434491921299923e+04 2.974859394110890776e+02 6.298822138170148133e-01 3.591678033088450128e-01 1.094998287414005074e-02
5.772434679296299873e+04 2.843215971750375388e+02 5.722215659470915039e-01 4.178852433704751679e-01 9.893190682433274444e-03
5.772434866576390050e+04 2.808581288116088786e+02 5.523675405309748099e-01 4.381851108825282060e-01 9.447348586496959882e-03
5.773628768722219684e+04 1.186380968986895112e+02 1.148018844292966467e-01 8.829110567840020574e-01 2.287058786701179694e-03
5.773628956223379646e+04 1.218651122166328378e+02 1.189683573781527420e-01 8.787039170268754473e-01 2.327725594971815845e-03
5.773629143378470326e+04 1.214157798928256682e+02 1.165563569810914857e-01 8.811927787907872789e-01 2.250864228121280970e-03
5.774633784363429731e+04 2.788504250021265420e+02 5.380475755536789917e-01 4.528590228156342823e-01 9.093401630686686124e-03
5.774633974197920179e+04 2.665129433181076593e+02 4.880983723176315903e-01 5.037093296260090058e-01 8.192298056359237357e-03
5.774634164041670010e+04 2.755152655282616934e+02 5.252118703650224818e-01 4.659123733359624153e-01 8.875756299014991857e-03
5.775718913462960336e+04 2.541480323286799887e+02 5.524805757573456599e-01 4.359772357894844963e-01 1.154218845316974836e-02
5.775719103354169783e+04 2.438976215975622779e+02 5.032371218994818873e-01 4.863646857665134826e-01 1.039819233400465608e-02
5.775719293282410217e+04 2.547057359088238400e+02 5.406250992071292005e-01 4.483711031441092176e-01 1.100379764876160266e-02
5.776935856103010155e+04 1.773121001751339634e+02 2.587457975346129646e-01 7.360530749790744620e-01 5.201127486312621083e-03
5.762008289043980039e+04 2.476038660250997054e+02 4.390648192724290744e-01 5.532550241489612164e-01 7.680156578609751740e-03
5.776936043849540147e+04 1.793131211869382469e+02 2.639291527755906475e-01 7.307793542467196923e-01 5.291492977689707909e-03
5.782431106597220059e+04 2.145019509745566495e+02 3.796190942976891969e-01 6.127309091191849300e-01 7.649996583125844539e-03
