5.750814405184030329e+04 2.145880333465028400e+02 5.165133667227264080e-01 4.693358731934904049e-01 1.415076008378322175e-02
5.750814597651619988e+04 2.245120506922079642e+02 5.585374710625929939e-01 4.263459696355859641e-01 1.511655930182095528e-02
5.750814784447920101e+04 2.236092570987550516e+02 5.664149369424931191e-01 4.179133137903681128e-01 1.567174926713886876e-02
5.752032855259259668e+04 nan nan nan nan
5.752033042518520233e+04 nan nan nan nan
5.752033229543980269e+04 nan nan nan nan
5.753007467814820120e+04 1.592624913030309131e+02 3.008368091916233666e-01 6.904482874713396834e-01 8.714903337036884051e-03
5.753007655275460274e+04 2.724074799445961617e+02 8.508852079822529779e-01 1.252843812960153236e-01 2.383041072173175054e-02
5.753007844962959643e+04 2.713705932304119983e+02 8.101587772416000144e-01 1.680720286459371215e-01 2.176919411246280509e-02
5.754723295498840162e+04 1.923469279196950197e+02 4.902827674574660177e-01 4.938482023644634733e-01 1.586903017807049163e-02
5.754723482777780009e+04 1.906508717639154895e+02 4.843317967586401873e-01 4.999053072629514594e-01 1.576289597840836026e-02
5.754723669991899806e+04 1.838380313439076872e+02 4.469681212972915763e-01 5.385937797301000307e-01 1.443809897260844334e-02
5.755801421140049933e+04 1.475753654830363928e+02 2.597375669136225973e-01 7.326963790615029781e-01 7.566054024874351719e-03
5.755801611182869965e+04 1.358241092959551963e+02 2.196090582815098669e-01 7.740057431908604624e-01 6.385198527629705467e-03
5.755801800879630173e+04 1.450192007881027791e+02 2.507151219716962087e-01 7.419846289016024388e-01 7.300249126701338631e-03
5.756818854954859853e+04 1.938199319739659643e+02 5.178946382907096968e-01 4.646666823270660385e-01 1.743867938222418146e-02
5.756819065248840343e+04 1.892354939629183264e+02 4.988918406534828542e-01 4.841321641786865415e-01 1.697599516783057996e-02
5.756819252324070112e+04 1.831680856219764166e+02 4.710194082158157824e-01 5.128293607650841190e-01 1.615123101910004993e-02
5.758319246322919935e+04 nan nan nan nan
5.758319436125000357e+04 7.461719943630873786e+01 1.002690803212779452e-01 8.953204604639047881e-01 4.410459214817337784e-03
5.758319623273149773e+04 7.629273141707044203e+01 1.041773240961952479e-01 8.912685219756637522e-01 4.554153928141092648e-03
5.759998406383099791e+04 2.074882841127609936e+02 5.160946577480612918e-01 4.687941334762382173e-01 1.511120877570043888e-02
5.759998593644679931e+04 1.897329845387753835e+02 4.312576826380093986e-01 5.561235872981508122e-01 1.261873006383975281e-02
5.759998783212959825e+04 2.126324926462264955e+02 5.419042363079302760e-01 4.422317356646248698e-01 1.586402802744485072e-02
5.761013213571759843e+04 1.186148482831629849e+02 2.839169025813934599e-01 7.020894148437492044e-01 1.399368257485732354e-02
5.761013403491899953e+04 1.160366295205729585e+02 2.793856439304497341e-01 7.064549316788041322e-01 1.415942439074613715e-02
5.761199958975690242e+04 2.379956843718274229e+02 6.938293542159463811e-01 2.854122010229594997e-01 2.075844476109412265e-02
5.761200148894680024e+04 2.294630786462410867e+02 6.387743927573111824e-01 3.422979440050532562e-01 1.892766323763558564e-02
5.761200336034719658e+04 2.808805466415160481e+02 9.651116457963360151e-01 6.052061443492732194e-03 2.883629276017135243e-02
5.762007914293980139e+04 nan nan nan nan
5.762008101782410085e+04 nan nan nan nan
5.785717963824069739e+04 nan nan nan nan
5.785718151214120007e+04 nan nan nan nan
5.785729509346059785e+04 5.143347872206443583e+01 5.835069213795169435e-02 9.385057036442521206e-01 3.143604217796241041e-03
5.785729699114579853e+04 nan nan nan nan
5.785729886380789685e+04 4.288355023792123433e+01 4.454137448149022432e-02 9.528236693140520464e-01 2.634956204457693327e-03
5.786715239743059647e+04 1.738680292888334122e+02 5.784062747186641262e-01 3.945632199361748804e-01 2.703050534516093784e-02
5.786715427152779739e+04 1.899696861133483026e+02 6.828932055417927804e-01 2.855447875790716461e-01 3.156200687913553876e-02
5.786715617920140357e+04 2.110968889186052593e+02 8.496245111409128636e-01 1.108098632296191377e-01 3.956562562946792233e-02
5.787734435098380345e+04 2.350431081695068940e+02 7.364454123579141642e-01 2.395765456645060354e-01 2.397804197757982814e-02
5.787734625126160245e+04 2.109145705820830585e+02 5.908714433790852594e-01 3.899595117848534409e-01 1.916904483606128584e-02
5.787734813106479851e+04 2.134052814946582259e+02 6.055351495537023565e-01 3.747997564947493365e-01 1.966509395154832432e-02
5.788831468282410060e+04 1.332916265894369587e+02 2.899070477938588963e-01 6.985387637138721351e-01 1.155418849226888360e-02
5.788831655570599833e+04 1.303008129733406690e+02 2.654630802349928764e-01 7.243991681847272712e-01 1.013775158027991133e-02
5.788831842739580316e+04 1.166970048023836455e+02 2.145715810219714637e-01 7.771708421954058865e-01 8.257576782622634212e-03
5.790105893496530189e+04 1.966868239968389105e+02 5.300806065973994174e-01 4.521790945029212083e-01 1.774029889967938811e-02
5.790106083542820124e+04 2.073768271973619051e+02 5.745028801650911010e-01 4.067518538873373113e-01 1.874526594757161546e-02
5.790106270711810066e+04 2.120331689243849951e+02 6.002576135143457003e-01 3.801676743861405194e-01 1.957471209951382879e-02
5.791103132280090358e+04 1.465475115484424009e+02 2.689738727108675898e-01 7.227981907673804995e-01 8.227936521751988766e-03
5.791103319438659673e+04 2.245624055941812856e+02 6.469223186377293100e-01 3.328074921831489785e-01 2.027018917912174964e-02
5.791103509098380164e+04 2.328807212585302864e+02 6.806049927607094041e-01 2.985332530764950865e-01 2.086175416279558575e-02
5.792214699253469735e+04 2.119014048929844591e+02 5.912163183966229196e-01 3.897705878265586010e-01 1.901309377681842036e-02
5.792214886855320219e+04 2.164668765896073523e+02 6.186984762709474284e-01 3.613487706343654904e-01 1.995275309468703615e-02
5.792215074342589651e+04 2.199716251100423392e+02 6.397581071066509306e-01 3.395821027169497741e-01 2.065979017639932303e-02
5.793314732129630283e+04 2.095189227666621434e+02 6.665043961857747279e-01 3.087790926338305209e-01 2.471651118039469922e-02
5.793314919180559809e+04 2.202325594486525517e+02 7.215551300022965409e-01 2.522266246989565142e-01 2.621824529874693804e-02
5.793315108984950348e+04 2.062228150614399738e+02 6.213004704600715300e-01 3.565299436933261346e-01 2.216958584660234238e-02
5.808928495172449766e+04 nan nan nan nan
5.808928682432870119e+04 nan nan nan nan
5.808928869571760151e+04 nan nan nan nan
5.776936233684029867e+04 1.285339403829580078e+02 2.979246556597894280e-01 6.889531977254873540e-01 1.312214661472328910e-02
5.777932265245370218e+04 1.576261736130251450e+02 4.680157468391817899e-01 5.104518797910958527e-01 2.153237336972242330e-02
5.777932455837960151e+04 1.960261496393201242e+02 7.270007780105577355e-01 2.394046301355441109e-01 3.359459185389803565e-02
5.777932645429400145e+04 2.036285676407896972e+02 7.783182522147452653e-01 1.859984770914567542e-01 3.568327069379798044e-02
5.779119933505789959e+04 2.027409836395606817e+02 7.659721974256947785e-01 1.991643373614806478e-01 3.486346521282464306e-02
5.779120120866900106e+04 2.226538012779025735e+02 8.919917344953083305e-01 6.880799453979427605e-02 3.920027096489741431e-02
5.779120310692129715e+04 1.582793720300415430e+02 4.492814345922063191e-01 5.310389799654938736e-01 1.967958544229986631e-02
5.780131750628470036e+04 1.780002077124575237e+02 5.805059709615413288e-01 3.935163706690714691e-01 2.597765836938722289e-02
5.780131938141200226e+04 1.641680022233914826e+02 4.846121513325190033e-01 4.941045367597526883e-01 2.128331190772830839e-02
5.780132125148150226e+04 1.336924766217782974e+02 3.245662485568623912e-01 6.610384616704699789e-01 1.439528977266766978e-02
5.781429775741900085e+04 1.649520053863514022e+02 5.367090710955021438e-01 4.374332041409046412e-01 2.585772476359321503e-02
5.781429965668980003e+04 1.920932783204140435e+02 7.224814077818476621e-01 2.429679080841888328e-01 3.455068413396362309e-02
5.781430152931709745e+04 1.821854852806330314e+02 6.516868367362157466e-01 3.170611509173056897e-01 3.125201234647857762e-02
5.782430731930559705e+04 6.924999481007203883e+01 9.317748281994901738e-02 9.024006051918419535e-01 4.421911988209246795e-03
5.782430919329859898e+04 7.476906880611777240e+01 1.069213677374200727e-01 8.880838943506010885e-01 4.994737911978812742e-03
5.763300649296300253e+04 1.788823803583439087e+02 4.447540440319781019e-01 5.401475076148311016e-01 1.509844835319067158e-02
5.763300839271990117e+04 1.804566260328745386e+02 4.615184462170000002e-01 5.225058463611346182e-01 1.597570742186538856e-02
5.763301029209489934e+04 2.090586349228175891e+02 6.186687395229480968e-01 3.599414093953617888e-01 2.138985108169019420e-02
5.772434491921299923e+04 1.649545904920245221e+02 4.512121102600448186e-01 5.305127662722152193e-01 1.827512346774002108e-02
5.772434679296299873e+04 1.625277465981437786e+02 4.406736276366611249e-01 5.413704908753054212e-01 1.795588148803356834e-02
5.772434866576390050e+04 1.410940450666552977e+02 3.301254657862563446e-01 6.565033977295998691e-01 1.337113648414369783e-02
5.773628768722219684e+04 nan nan nan nan
5.773628956223379646e+04 nan nan nan nan
5.773629143378470326e+04 nan nan nan nan
5.774633784363429731e+04 1.878877592716931133e+02 5.590293670803646586e-01 4.193484314976295702e-01 2.162220142200571918e-02
5.774633974197920179e+04 2.276896282871971380e+02 8.241262267023705679e-01 1.438753476463817405e-01 3.199842565124773330e-02
5.774634164041670010e+04 2.378697792991336541e+02 8.936057038332310132e-01 7.192432166598500265e-02 3.446997450078397029e-02
5.775718913462960336e+04 1.962696790836429557e+02 8.176754668323208408e-01 1.399326072643231333e-01 4.239192590335608829e-02
5.775719103354169783e+04 1.524044124349735227e+02 4.783812865065969477e-01 4.975539875612373653e-01 2.406472593216568701e-02
5.775719293282410217e+04 1.888502336069286685e+02 7.200702684987125846e-01 2.444204125371502445e-01 3.550931896413719174e-02
5.776935856103010155e+04 1.322297745742492623e+02 3.213358026875173246e-01 6.642401427980295647e-01 1.442405451445312632e-02
5.762008289043980039e+04 nan nan nan nan
5.776936043849540147e+04 1.446802384285290941e+02 3.869744942214786709e-01 5.955522478393865393e-01 1.747325793913469608e-02
5.782431106597220059e+04 6.775664030830215268e+01 8.850583545430286414e-02 9.073267402245592805e-01 4.167424321137969817e-03
