5.793315163600000233e+04 8.949164706675966272e+02 5.220598819329892448e-01 1.324384446248241115e-02 4.646962736045283648e-01
5.792215129200000229e+04 9.185853082358854635e+02 5.333008274179509289e-01 6.443578752546969338e-03 4.602555938295021520e-01
5.779120363799999905e+04 7.315907301729140499e+02 4.362595235562110596e-01 7.817589086849476010e-02 4.855645855752940832e-01
5.776936286999999720e+04 7.018499524565967249e+02 4.178229027575980914e-01 9.823936515248166135e-02 4.839377320899203583e-01
5.775719346799999767e+04 7.084189108781033610e+02 4.279474117083861273e-01 7.374893995397110991e-02 4.983036483376426795e-01
5.774634216400000150e+04 8.101172348891789170e+02 4.725846027187814435e-01 6.273222787045330817e-02 4.646831694107652622e-01
5.773629197600000043e+04 7.362966062677179480e+02 4.398493539073697334e-01 7.285125360082578272e-02 4.872993924918044284e-01
5.772434921400000167e+04 7.943085615317265820e+02 4.497380047096867783e-01 1.125038447013607945e-01 4.377581505889523439e-01
5.763301081600000180e+04 9.452220042890086233e+02 5.366001629972977360e-01 2.332401918378083916e-02 4.400758178189213554e-01
5.762008343199999945e+04 9.038361166597670717e+02 5.170101508992767103e-01 3.619073032521921002e-02 4.467991187755041005e-01
5.761200390599999810e+04 nan nan nan nan
5.759998837400000048e+04 1.008169302906942676e+03 5.444372140612174782e-01 5.734356613295357730e-02 3.982192198058288612e-01
5.791103562399999646e+04 9.315787968512230464e+02 5.372363163842566181e-01 8.628567105421858924e-03 4.541351165103215681e-01
5.758319678399999975e+04 8.969246609329593412e+02 5.221614078952814264e-01 1.504092420668605434e-02 4.627976678980323944e-01
5.756819307000000117e+04 9.589841515580519626e+02 5.297557030510066101e-01 5.354576317902030175e-02 4.166985337699731784e-01
5.755801853600000322e+04 1.046253366863673136e+03 5.670312894865591202e-01 3.188607276131192464e-02 4.010826377521288233e-01
5.754723724599999696e+04 1.008216747059282625e+03 5.541986278354374962e-01 3.321333757167655581e-02 4.125880345928860660e-01
5.753007897999999841e+04 1.083245825596703980e+03 5.801418135811630128e-01 2.819943147640014205e-02 3.916587549424368486e-01
5.790106326799999806e+04 9.173074080025121475e+02 5.302559838477359788e-01 1.346036784270498998e-02 4.562836483095590312e-01
5.788831897999999637e+04 9.046516904177782408e+02 5.151481098056560626e-01 4.206477586160975446e-02 4.427871143327342107e-01
5.787734868399999687e+04 9.757594133633401725e+02 5.425606385584827995e-01 3.525259276843065864e-02 4.221867686730865765e-01
5.786715670400000090e+04 6.863704096899193701e+02 4.300086295738497766e-01 3.403333235099580828e-02 5.359580380751544082e-01
5.782431162000000040e+04 7.202541035677211312e+02 4.351180160622940551e-01 6.652999105044879458e-02 4.983519928872570115e-01
5.781430206999999791e+04 6.953431786283761085e+02 4.273871631628488044e-01 5.674541626314109910e-02 5.158674205740100271e-01
5.780132178800000111e+04 7.074193598432542558e+02 4.252897334884606639e-01 8.118491472151034838e-02 4.935253517900290432e-01
5.785729941400000098e+04 5.727015136760596761e+02 3.614478805883787893e-01 9.464060372880926664e-02 5.439115156828120412e-01
