5.769015580527779821e+04 8.716830219569528992e+01 3.605085679023969369e-01 5.977140094263095893e-01 4.177742267129341824e-02
5.769015787849540357e+04 1.164665028811175347e+02 6.183959114158932291e-01 3.127453939091834889e-01 6.885869467492324036e-02
5.769015995009260223e+04 1.234275810219763088e+02 7.178518942905212086e-01 1.995304432212699208e-01 8.261766248820877345e-02
5.770204151489579817e+04 nan nan nan nan
5.770204356266200193e+04 nan nan nan nan
5.770204560733799735e+04 nan nan nan nan
5.771409263277779974e+04 nan nan nan nan
5.771409468028940319e+04 nan nan nan nan
5.771409672578699974e+04 nan nan nan nan
5.772705777135420067e+04 1.376428057789552213e+02 8.625606999860314650e-01 4.152133924457476755e-02 9.591796076939378135e-02
5.772705981797449931e+04 1.095499971278474050e+02 5.137206115193466704e-01 4.325691751077236358e-01 5.371021337292960357e-02
5.772706186339120177e+04 1.006609334512099707e+02 4.476372825189189886e-01 5.040614829070019232e-01 4.830123457407907439e-02
5.778533669387730333e+04 8.200828958827872839e+01 3.911648330612280677e-01 5.532662751553801828e-01 5.556889178339188828e-02
5.778533876707180025e+04 1.101256186524474714e+02 6.587899972504880353e-01 2.538032658022899013e-01 8.740673694722200793e-02
5.778534083769680001e+04 8.258640243531253589e+01 3.753927080896205526e-01 5.741432298949131763e-01 5.046406201546618786e-02
5.779933654268520331e+04 nan nan nan nan
5.791326535005790356e+04 nan nan nan nan
5.792512302671300131e+04 1.265489387387585936e+02 7.900420310935917234e-01 1.147636533168922834e-01 9.519431558951599315e-02
5.792512507353010005e+04 9.407206732569080998e+01 4.692388536064973081e-01 4.699904531163898169e-01 6.077069327711286106e-02
5.792512714874999801e+04 1.153382657386941759e+02 6.068189468301175005e-01 3.255729007341431891e-01 6.760815243573937983e-02
5.793718679256940231e+04 1.231298677524620189e+02 6.397814218929231966e-01 2.942762827021082050e-01 6.594229540496863995e-02
5.793718886465280229e+04 1.455190387651797437e+02 8.844616906910441889e-01 2.530932764530652301e-02 9.022898166364926031e-02
5.793719091001160268e+04 1.300018987230791367e+02 6.797633395276757584e-01 2.534570742238107521e-01 6.677958624851344782e-02
5.794916242523150140e+04 nan nan nan nan
5.794916447268520278e+04 nan nan nan nan
5.794916652253470238e+04 nan nan nan nan
5.796212665806709992e+04 1.122517196709555947e+02 7.880515973479129688e-01 9.156934526930043949e-02 1.203790573827864946e-01
5.796212870331019803e+04 nan nan nan nan
5.796213077392359992e+04 nan nan nan nan
5.797409376334489934e+04 1.368401463667240989e+02 8.014679916445659469e-01 1.147457219383788279e-01 8.378628641705526681e-02
5.797409583733799809e+04 9.199546988315141505e+01 3.548561453737665294e-01 6.088026420177787834e-01 3.634121260845470797e-02
5.798704772202549793e+04 9.466817970396071757e+01 3.993175847947351698e-01 5.572257440799537331e-01 4.345667112531099996e-02
5.798704976877309673e+04 1.113936269318585062e+02 5.299357135428415244e-01 4.147861587509659165e-01 5.527812770619254523e-02
5.798705181398150307e+04 1.092096500206161522e+02 5.146194211401633467e-01 4.311457904412610564e-01 5.423478841857562460e-02
5.800030331545139779e+04 7.956019032154854642e+01 3.061142279855685322e-01 6.577278851252276182e-01 3.615788688920389821e-02
5.800030539009260247e+04 nan nan nan nan
5.800030743467590219e+04 8.902425422384867204e+01 3.707033042541673096e-01 5.869456768816179171e-01 4.235101886421468315e-02
5.801823252953700285e+04 1.169640856754219271e+02 5.999146359574990539e-01 3.358311683846343376e-01 6.425419565786656684e-02
5.801823457716440316e+04 1.211380538385039927e+02 6.495963973453952045e-01 2.801685895203910315e-01 7.023501313421366687e-02
5.801823664649309649e+04 1.334979806909529714e+02 8.053820225694122703e-01 1.057220006380626548e-01 8.889597679252500551e-02
5.804720796659719781e+04 nan nan nan nan
5.804721003952549654e+04 nan nan nan nan
5.804721211013889842e+04 nan nan nan nan
5.805913640646990098e+04 nan nan nan nan
5.805913845634260360e+04 nan nan nan nan
5.805914052584490128e+04 nan nan nan nan
5.807204974729169771e+04 1.013404220636715678e+02 5.109324971278043082e-01 4.269821331022374267e-01 6.208536976995812640e-02
5.807205179364579817e+04 1.181579976218990566e+02 7.052638960559300951e-01 2.077189858555568702e-01 8.701711808851309016e-02
5.807205383950230316e+04 nan nan nan nan
5.808405507223380118e+04 nan nan nan nan
5.808405711846060149e+04 nan nan nan nan
5.808405916406249889e+04 nan nan nan nan
5.779934067106479779e+04 nan nan nan nan
5.784721799662039848e+04 8.888017199596737328e+01 4.783293031392212846e-01 4.509295919735581970e-01 7.074110488722050449e-02
5.784722006856479857e+04 9.903883546157614148e+01 5.946672225871023620e-01 3.172756346757812373e-01 8.805714273711640061e-02
5.784722211534719827e+04 1.135473419593768085e+02 7.888646580305153089e-01 9.324487395245725785e-02 1.178904680170272945e-01
5.787038074950229930e+04 nan nan nan nan
5.787234670826390357e+04 1.346623783981244173e+02 6.600632094073118905e-01 2.812546254695327264e-01 5.868216512315539701e-02
5.787234878104169911e+04 1.243713540323903857e+02 5.721156531943450974e-01 3.762005306994039566e-01 5.168381610625098765e-02
5.787235082739579957e+04 1.521402099672739610e+02 8.482405339261572808e-01 7.583571476489466001e-02 7.592375130894805924e-02
5.788733406096060207e+04 1.018607358581191704e+02 4.461313337600545381e-01 5.070154431484577007e-01 4.685322309148763631e-02
5.788733610844909708e+04 1.249512763109115525e+02 7.158035839519231169e-01 2.040407954589119055e-01 8.015562058916490817e-02
5.788733815651619807e+04 1.171923479898425171e+02 6.231995351372062730e-01 3.077314332095438809e-01 6.906903165324997096e-02
5.790129417131940136e+04 1.180727890122463890e+02 7.116977300163641607e-01 1.995623251302720280e-01 8.873994485336381133e-02
5.790129621952550224e+04 1.166974990602679725e+02 7.325584902319436376e-01 1.711940775860097130e-01 9.624743218204663553e-02
5.790129829028929817e+04 1.206430056986636430e+02 8.034924167266258577e-01 8.816806398581640558e-02 1.083395192875577090e-01
5.791326125848379888e+04 nan nan nan nan
5.779933861689810146e+04 nan nan nan nan
5.791326330600689835e+04 nan nan nan nan
5.797409790790510306e+04 1.081554719676715024e+02 4.898566820095678898e-01 4.600397428100088115e-01 5.010357518042329872e-02
