5.792512778999999864e+04 5.789579463699468533e+02 3.491039203384326273e-01 1.544078419334458108e-01 4.964882377281216730e-01
5.792512778999999864e+04 5.789579463699468533e+02 3.491039203384326273e-01 1.544078419334458108e-01 4.964882377281216730e-01
5.792512778999999864e+04 5.789579463699468533e+02 3.491039203384326273e-01 1.544078419334458108e-01 4.964882377281216730e-01
5.807205449599999702e+04 5.446885000587395780e+02 3.285492544395504089e-01 1.746318439248967791e-01 4.968189016355528120e-01
5.804721275800000149e+04 5.841731374207494127e+02 3.819867301120571379e-01 3.415566961591370160e-02 5.838576002720290425e-01
5.791326602399999683e+04 7.701797476540513117e+02 4.756151285483517510e-01 3.645178564098449595e-03 5.207396928875497322e-01
5.790129893399999855e+04 6.005361097213308312e+02 3.905372964348346465e-01 3.197820754677710431e-02 5.774844960183882492e-01
5.788733880199999840e+04 6.835272244156013812e+02 4.144990704721050467e-01 8.335604959069287112e-02 5.021448799372021377e-01
5.787235149999999703e+04 8.308233440691606120e+02 4.935482337284333165e-01 2.457568103632650977e-02 4.818760852352400592e-01
5.784722276799999963e+04 5.430476160001386461e+02 3.590805213819928121e-01 4.388223724119563740e-02 5.970372413768114672e-01
5.783534901800000080e+04 5.374965796108043605e+02 3.524374395182224284e-01 6.047048871135272952e-02 5.870920717704246616e-01
5.779934133599999768e+04 4.782849643712813190e+02 2.817694583450507939e-01 2.443073864883710256e-01 4.739231551665781805e-01
5.778534149199999956e+04 5.351033815683119883e+02 3.255432433350018417e-01 1.690564144656739320e-01 5.054003421993242817e-01
5.772706253399999696e+04 5.585674323048311862e+02 3.376936120282768017e-01 1.632058695303341966e-01 4.991005184413889739e-01
5.771409744499999942e+04 5.088238200333256600e+02 3.393152335802029351e-01 5.343773846042475933e-02 6.072470279593722431e-01
5.801823729399999866e+04 6.288288898168357264e+02 3.907496713512141895e-01 8.198911909178463464e-02 5.272612095570011759e-01
5.770204628000000230e+04 6.063952876330333766e+02 3.800913027495517182e-01 8.342345514707460996e-02 5.364852421033737828e-01
5.769016059600000153e+04 6.185800399732469259e+02 3.742979768014118580e-01 1.257403586371913240e-01 4.999616645613968458e-01
5.800030809600000066e+04 6.920430985047676131e+02 4.363158776317659360e-01 2.089729243479552384e-02 5.427868299334385194e-01
5.798705247200000304e+04 6.957715881227785530e+02 4.098530228272294074e-01 1.163236313897351992e-01 4.738233457830354212e-01
5.797409855999999854e+04 7.384613607091200720e+02 4.404336946992622459e-01 7.383167051018796334e-02 4.857346347905497908e-01
5.796213143799999671e+04 4.488025415907399065e+02 2.991199666734475349e-01 9.432006721098254443e-02 6.065599661155699485e-01
5.794916718599999876e+04 6.225344505024688715e+02 4.013891399553565220e-01 3.093816293962928926e-02 5.676726971050141124e-01
5.793719157399999676e+04 7.718512650575711405e+02 4.607118886929589263e-01 5.278553006478479970e-02 4.865025812422561491e-01
5.792512778999999864e+04 5.789579463699468533e+02 3.491039203384326273e-01 1.544078419334458108e-01 4.964882377281216730e-01
