5.788733472400000028e+04 2.470957247241408936e+02 1.883183630081207982e-01 1.854423787043491673e-02 7.931373991214443198e-01
5.791326190599999973e+04 2.646760512201890947e+02 1.962685907509244820e-01 5.285948551330182932e-02 7.508719237357736054e-01
5.769015644400000019e+04 2.247721234146821985e+02 1.715903584194062859e-01 3.262708227530593946e-02 7.957825593052878510e-01
5.779933720400000311e+04 1.827635116815293657e+02 1.420863205564029119e-01 3.259989583012319614e-02 8.253137836134738503e-01
5.807205036400000245e+04 2.004937713169347546e+02 1.515169593025583461e-01 6.862730100263669808e-02 7.798557396948050391e-01
5.825034088599999814e+04 2.046789885027994274e+02 1.567103235768017577e-01 4.282487199869845079e-02 8.004648044244997429e-01
5.816632643600000301e+04 1.925092875629443085e+02 1.512451029953685855e-01 5.899987032423035377e-03 8.428549099722083549e-01
5.772705840599999647e+04 2.113606622375894517e+02 1.610989016250677086e-01 4.561400681880538321e-02 7.932870915561268665e-01
5.792512367400000221e+04 2.151169263478080609e+02 1.638127219159977166e-01 4.434326760733835887e-02 7.918440104766639731e-01
5.800030396599999949e+04 2.424353499405958985e+02 1.827708415117349772e-01 4.113309119639753375e-02 7.760960672918675307e-01
5.815128781400000298e+04 2.904333801156397143e+01 2.415103879352835381e-02 3.163129192106124699e-02 9.442176692854103992e-01
5.794916307000000234e+04 1.900935803217884654e+02 1.438434854658319495e-01 7.427842077158776368e-02 7.818780937625802174e-01
5.778533735000000161e+04 1.916411934173590339e+02 1.467172964836264415e-01 5.293546862270110537e-02 8.003472348936724323e-01
5.798704838600000221e+04 2.382137416250607771e+02 1.773800558406093686e-01 6.549160162888843784e-02 7.571283425305022075e-01
5.787234735999999975e+04 2.828409263502421709e+02 2.049991982345837904e-01 7.768008500839590491e-02 7.173207167570203602e-01
5.822231519000000117e+04 1.999040626898782023e+02 1.546428066750593078e-01 2.819219478747053698e-02 8.171649985374701552e-01
5.784721859799999947e+04 1.801155699741985075e+02 1.407160089965718286e-01 2.583686102920104005e-02 8.334471299742270967e-01
5.771409287999999651e+04 1.358572880444862392e+02 1.078617805051338141e-01 3.141634829866146034e-02 8.607218711962046909e-01
5.808405570199999784e+04 2.085414790847652853e+02 1.568177051834815094e-01 7.103733619333305049e-02 7.721449586231854401e-01
5.783534524799999781e+04 1.763449257550824711e+02 1.373843862387600923e-01 3.382968048848822989e-02 8.287859332727516293e-01
5.787038100999999733e+04 2.406654361863582210e+02 1.730035310934318615e-01 1.213680870609616241e-01 7.056283818456065005e-01
5.801823316000000341e+04 2.242659285299807834e+02 1.673899791055911968e-01 7.188821799184148820e-02 7.607218029025673012e-01
5.770204215200000181e+04 2.161030662814772541e+02 1.596880656124293751e-01 9.469354157572171249e-02 7.456183928118489401e-01
5.797409441199999856e+04 2.507009160795313676e+02 1.858570380960253843e-01 6.366190881249267353e-02 7.504810530914819422e-01
5.804720856600000116e+04 1.976344374033193674e+02 1.493102350363928188e-01 7.131298026000897072e-02 7.793767847035982799e-01
5.812735369399999763e+04 3.558868015383418992e+01 2.974145891508575557e-02 1.659688082122874608e-02 9.536616602636854845e-01
5.790129479800000263e+04 2.116318375556309377e+02 1.601315527066439759e-01 5.808697352239394762e-02 7.817814737709620765e-01
5.818332326800000010e+04 1.938421091160340950e+02 1.497378356581630654e-01 3.544456554755142513e-02 8.148175987942855025e-01
5.823737495250000211e+04 4.832895380952264475e+01 3.949982372070048875e-02 4.834426338347849739e-02 9.121559128958209861e-01
5.823637795599999663e+04 1.640621926293533193e+02 1.256753116580643925e-01 7.305914070936170290e-02 8.012655476325739601e-01
5.796212728400000196e+04 1.567077838598536914e+02 1.233533173319916604e-01 3.056151889860714982e-02 8.460851637694011274e-01
5.793718743199999881e+04 2.699791818133908237e+02 2.048903214101324699e-01 8.651044969820517391e-03 7.864586336200470873e-01
