5.769015580527779821e+04 1.521786192159264886e+02 2.434249982731551687e-01 7.503254234832054115e-01 6.249578243639344367e-03
5.769015787849540357e+04 1.505918790997229451e+02 2.379127930675987712e-01 7.559909940663467331e-01 6.096212866054456607e-03
5.769015995009260223e+04 1.504285388729392992e+02 2.359181510190020703e-01 7.580744030004008538e-01 6.007445980596989171e-03
5.770204151489579817e+04 1.314831526697709592e+02 1.736285474906586190e-01 8.221122363316784032e-01 4.259216177663087931e-03
5.770204356266200193e+04 1.082162315441099025e+02 1.218292264779208961e-01 8.750751666788337824e-01 3.095606843245399167e-03
5.770204560733799735e+04 1.290082005226449837e+02 1.616580426535218773e-01 8.345067607244877061e-01 3.835196621990587425e-03
5.771409263277779974e+04 1.099446955889441426e+02 2.756717329137444716e-01 7.089727817617996752e-01 1.535548532445586180e-02
5.771409468028940319e+04 8.439427787286547300e+01 2.320524176713166520e-01 7.494815398966161446e-01 1.846604243206720689e-02
5.771409672578699974e+04 1.322453184492096909e+02 4.189489842435099032e-01 5.565384197797579313e-01 2.451259597673214469e-02
5.772705777135420067e+04 2.953200406060216778e+02 8.198176796993317250e-01 1.613598613920835534e-01 1.882245890858473894e-02
5.772705981797449931e+04 2.535103862212073693e+02 6.088152881542694406e-01 3.770980781208571053e-01 1.408663372487339166e-02
5.772706186339120177e+04 2.677805704332068331e+02 6.849824987059448533e-01 2.990355993008210200e-01 1.598190199323406419e-02
5.778533669387730333e+04 1.427967916206472125e+02 2.488194873470899182e-01 7.437646868555568558e-01 7.415825797353218195e-03
5.778533876707180025e+04 1.508978270608906200e+02 2.750997753874290241e-01 7.167823537812725299e-01 8.117870831298359263e-03
5.778534083769680001e+04 1.310660145756098416e+02 2.100375889154467435e-01 7.836898991244135582e-01 6.272511960139699229e-03
5.779933654268520331e+04 1.108888835334756067e+02 1.535761852087486057e-01 8.417389251333566857e-01 4.684889657894720713e-03
5.791326535005790356e+04 8.197092380876591733e+01 5.708691243517523273e-02 9.417284620369180681e-01 1.184625527906663610e-03
5.792512302671300131e+04 2.522539777223328201e+02 6.403705240354971018e-01 3.438891305978701296e-01 1.574034536663286576e-02
5.792512507353010005e+04 2.422050938747945281e+02 6.394462169383525740e-01 3.435294880542554830e-01 1.702429500739189791e-02
5.792512714874999801e+04 2.773452525349255779e+02 7.155824367232002103e-01 2.681581260410041412e-01 1.625943723579561379e-02
5.793718679256940231e+04 1.952872944246073530e+02 3.216187001854741712e-01 6.717566603933060598e-01 6.624639421219768141e-03
5.793718886465280229e+04 1.913328621279636934e+02 3.146572611407650322e-01 6.787369602093283882e-01 6.605778649906574387e-03
5.793719091001160268e+04 1.930503108892129092e+02 3.226641789889869161e-01 6.705126204855174077e-01 6.823200525495651085e-03
5.794916242523150140e+04 2.061985963237984834e+02 5.110045304766053231e-01 4.739949697417026320e-01 1.500049978169199286e-02
5.794916447268520278e+04 2.093417770743478741e+02 7.446206743225360913e-01 2.244773672197076242e-01 3.090195845775632610e-02
5.794916652253470238e+04 2.459511844565014371e+02 7.658063450278721485e-01 2.105144170665522729e-01 2.367923790557553698e-02
5.796212665806709992e+04 1.794850430641282912e+02 4.788478339428934305e-01 5.037675075415800618e-01 1.738465851552636193e-02
5.796212870331019803e+04 8.235077772169350396e+01 2.359523558829088596e-01 7.439964213089490519e-01 2.005122280814211622e-02
5.796213077392359992e+04 1.395695664829133307e+02 3.288192583415840420e-01 6.576238330351659167e-01 1.355690862325015060e-02
5.797409376334489934e+04 1.279849369451843728e+02 1.454867018940000645e-01 8.513571562346242683e-01 3.156141871375731881e-03
5.797409583733799809e+04 1.229355145847437569e+02 1.356326630548767009e-01 8.613942919094532691e-01 2.973045035670107607e-03
5.798704772202549793e+04 2.053954111794369055e+02 3.810710869815031598e-01 6.105215817239445508e-01 8.407331294552379541e-03
5.798704976877309673e+04 1.851761999639877558e+02 3.084579813820228500e-01 6.847648338503358190e-01 6.777184767641351859e-03
5.798705181398150307e+04 2.205608001852403106e+02 4.411620044413908648e-01 5.490663617785068729e-01 9.771633780102305725e-03
5.800030331545139779e+04 2.087874437855610950e+02 4.295030438349746738e-01 5.601609829655316286e-01 1.033597319949371499e-02
5.800030539009260247e+04 1.964138390104415919e+02 3.845131456019821314e-01 6.061262077324184316e-01 9.360646665599464677e-03
5.800030743467590219e+04 1.716393764736768901e+02 2.928559199914170241e-01 7.000335529110414123e-01 7.110527097541512360e-03
5.801823252953700285e+04 1.345446377250791272e+02 1.975724276205478580e-01 7.971607639492213071e-01 5.266808430230805402e-03
5.801823457716440316e+04 1.392388288305499202e+02 2.170267065713576971e-01 7.770394883829530031e-01 5.933805045689212292e-03
5.801823664649309649e+04 1.323613442040415009e+02 1.967525012165491083e-01 7.978505807395587235e-01 5.396918043892202053e-03
5.804720796659719781e+04 1.480693126858463131e+02 2.697218840230727888e-01 7.221735477014880056e-01 8.104568275439049535e-03
5.804721003952549654e+04 1.511334186565870823e+02 2.805806831382552935e-01 7.110010602318964645e-01 8.418256629848195130e-03
5.804721211013889842e+04 1.309363179128141326e+02 2.109232351479053136e-01 7.827387064436031050e-01 6.338058408491535449e-03
5.805913640646990098e+04 nan nan nan nan
5.805913845634260360e+04 nan nan nan nan
5.805914052584490128e+04 nan nan nan nan
5.807204974729169771e+04 1.607702701967634766e+02 2.726486646790460822e-01 7.203267142227581799e-01 7.024621098195828195e-03
5.807205179364579817e+04 1.616487334792396950e+02 2.765212272256836190e-01 7.163315062766614227e-01 7.147266497654880188e-03
5.807205383950230316e+04 1.692529721598061769e+02 3.013369347841187706e-01 6.909209476497893965e-01 7.742117566091848493e-03
5.808405507223380118e+04 1.245223893873389045e+02 1.751899838324472158e-01 8.199755192121224168e-01 4.834496955430341372e-03
5.808405711846060149e+04 1.361022940560218046e+02 2.092848374391349797e-01 7.849398927801252146e-01 5.775269780739823895e-03
5.808405916406249889e+04 1.654733751388044993e+02 3.129439516851285630e-01 6.783202115345556837e-01 8.735836780315723790e-03
5.779934067106479779e+04 1.126945554874075839e+02 1.572135708125956544e-01 8.380330568847417227e-01 4.753372302662649783e-03
5.784721799662039848e+04 1.768601920619097427e+02 4.078652889292709860e-01 5.791449565001413058e-01 1.298975457058766832e-02
5.784722006856479857e+04 9.961226248364511093e+01 1.286185754680949644e-01 8.673094090664439371e-01 4.072015465461276303e-03
5.784722211534719827e+04 1.003585812775737622e+02 1.284544648695779279e-01 8.675440885911569477e-01 4.001446539265152147e-03
5.787038074950229930e+04 1.707024681547307239e+02 3.250937107331227094e-01 6.660476876496985721e-01 8.858601617178650869e-03
5.787234670826390357e+04 2.688213838371801216e+02 5.740114064315429143e-01 4.148522900969695559e-01 1.113630347148740832e-02
5.787234878104169911e+04 2.240394916305402546e+02 3.962396225467429423e-01 5.961203612004032371e-01 7.640016252853754769e-03
5.787235082739579957e+04 2.442220584912342076e+02 4.628201059945343254e-01 5.284082237574894148e-01 8.771670247976270235e-03
5.788733406096060207e+04 1.194025157523256837e+02 1.288627361599791465e-01 8.682924399947151706e-01 2.844823845305738830e-03
5.788733610844909708e+04 1.209410110920708092e+02 1.341281477552800638e-01 8.628677113222323891e-01 3.004140922487526233e-03
5.788733815651619807e+04 1.065335167356037829e+02 1.028247074145142853e-01 8.948999328182437596e-01 2.275359767241794205e-03
5.790129417131940136e+04 2.362244330117895288e+02 5.736024257354281897e-01 4.119963317129308744e-01 1.440124255164098449e-02
5.790129621952550224e+04 2.086876868358029071e+02 4.797201095673282456e-01 5.073733503358831554e-01 1.290654009678860077e-02
5.790129829028929817e+04 2.241832206563302918e+02 5.539520151541742488e-01 4.311349606632646214e-01 1.491302418256115411e-02
5.791326125848379888e+04 1.574183231150935853e+02 2.108078707784498684e-01 7.848119617369742063e-01 4.380167484575929644e-03
5.779933861689810146e+04 1.103503291055458106e+02 1.522560292671768789e-01 8.430942232225583366e-01 4.649747510264909400e-03
5.791326330600689835e+04 1.253320131201141550e+02 1.321351988090460616e-01 8.651499836226262952e-01 2.714817568327725170e-03
5.797409790790510306e+04 1.284624297839741587e+02 1.469368561705774734e-01 8.498676582665277701e-01 3.195485562894826749e-03
