5.769015580527779821e+04 7.032019961248886375e+01 6.275424677144568475e-02 9.353006005765593933e-01 1.945152651994788576e-03
5.769015787849540357e+04 6.954360768573386054e+01 6.240644311158367874e-02 9.356267031545490998e-01 1.966853733867168167e-03
5.769015995009260223e+04 7.447760270341696298e+01 7.060515565005391625e-02 9.271997707405109646e-01 2.195073609435107490e-03
5.770204151489579817e+04 1.825078480402108312e+02 4.342517386341095409e-01 5.519206335943023234e-01 1.382762777158813919e-02
5.770204356266200193e+04 1.218970258816369068e+02 1.998261263728615400e-01 7.936102154279167653e-01 6.563658199221693822e-03
5.770204560733799735e+04 1.281352641889636459e+02 2.124345798109630590e-01 7.808520480214181658e-01 6.713372167618684994e-03
5.771409263277779974e+04 1.319965168059558778e+02 4.857223828779676511e-01 4.812042106081558246e-01 3.307340651387651737e-02
5.771409468028940319e+04 1.348048996263802621e+02 7.370716287522987020e-01 1.899094064326337372e-01 7.301896481506767178e-02
5.771409672578699974e+04 9.378400584691593167e+01 2.580337710357231695e-01 7.234768136520429715e-01 1.848941531223390403e-02
5.772705777135420067e+04 1.765292276020441022e+02 3.949293050878353584e-01 5.928461382706230465e-01 1.222455664154164894e-02
5.772705981797449931e+04 1.862611766688556543e+02 4.365827337210825831e-01 5.499983926041813742e-01 1.341887367473596979e-02
5.772706186339120177e+04 2.100991509437228331e+02 5.635495554875494806e-01 4.188775514800444633e-01 1.757289303240593820e-02
5.778533669387730333e+04 1.441606042008127133e+02 3.181576894479126727e-01 6.699458081298617085e-01 1.189650242222570382e-02
5.778533876707180025e+04 1.319221587925911763e+02 2.641206843510074398e-01 7.260889938779224728e-01 9.790321771070071774e-03
5.778534083769680001e+04 2.437304029933028744e+02 9.083215254373843139e-01 5.775600696267173956e-02 3.392246759994384936e-02
5.779933654268520331e+04 1.075003954898648288e+02 1.991191358259035149e-01 7.925010669324081825e-01 8.379797241688306114e-03
5.791326535005790356e+04 7.850347216128878358e+01 6.942495728672258559e-02 9.286648325652061553e-01 1.910210148071329363e-03
5.792512302671300131e+04 2.136420085392846886e+02 5.931150514368451754e-01 3.880600682855789296e-01 1.882488027757595397e-02
5.792512507353010005e+04 2.041552721816011626e+02 5.832206683678036185e-01 3.968463507632459253e-01 1.993298086895049434e-02
5.792512714874999801e+04 1.864655163866597150e+02 4.144695792975619519e-01 5.734629597810342316e-01 1.206746092140379562e-02
5.793718679256940231e+04 1.702009876231983867e+02 3.341177469249193566e-01 6.564698054282163131e-01 9.412447646864262676e-03
5.793718886465280229e+04 1.971437934003945998e+02 4.437728022786161519e-01 5.438511269840309303e-01 1.237607073735281366e-02
5.793719091001160268e+04 1.944999121345501578e+02 4.378511391049385026e-01 5.497711086410345116e-01 1.237775225402695800e-02
5.794916242523150140e+04 1.574329329789653116e+02 3.903422471337810729e-01 5.946426753011744282e-01 1.501507756504451459e-02
5.794916447268520278e+04 9.190235560133746162e+01 1.795431719856825648e-01 8.111347627780767233e-01 9.322065236240710193e-03
5.794916652253470238e+04 1.504861973498659893e+02 3.724860152672042068e-01 6.125497592013148251e-01 1.496422553148085352e-02
5.796212665806709992e+04 6.984927578264499459e+01 8.802084187023573314e-02 9.081005593374562590e-01 3.878598792308000920e-03
5.796212870331019803e+04 2.727895541681374070e+01 3.190296348072838017e-02 9.647563615854054531e-01 3.340674933866162426e-03
5.796213077392359992e+04 5.696045751936581780e+01 6.721728640141585998e-02 9.293814315216102351e-01 3.401282076974017701e-03
5.797409376334489934e+04 1.297366386237420386e+02 1.889569710810686531e-01 8.058618547525837617e-01 5.181174166347494135e-03
5.797409583733799809e+04 1.289843554919231678e+02 1.898179886239804159e-01 8.048923448308759054e-01 5.289666545143677755e-03
5.798704772202549793e+04 1.407999405144371394e+02 2.452589371069786583e-01 7.473301385787897155e-01 7.410924314231607038e-03
5.798704976877309673e+04 1.736808617789853031e+02 3.722256701014169944e-01 6.165557897338901361e-01 1.121854016469284177e-02
5.798705181398150307e+04 1.274225790650633314e+02 1.999388436964158466e-01 7.940476301082094457e-01 6.013526195374648692e-03
5.800030331545139779e+04 7.206748678549635656e+01 6.644379367982271301e-02 9.314800611149844922e-01 2.076145205192813856e-03
5.800030539009260247e+04 7.267254946631723556e+01 6.735590143683156672e-02 9.305459407522082005e-01 2.098157810960049347e-03
5.800030743467590219e+04 7.276893116670396466e+01 6.866077429339720317e-02 9.291647576191989222e-01 2.174468087403860772e-03
5.801823252953700285e+04 1.006893088578788706e+02 1.395576661563027454e-01 8.557502224555071368e-01 4.692111388190207955e-03
5.801823457716440316e+04 9.315213286383298907e+01 1.209984430873168038e-01 8.748805665869959780e-01 4.120990325687443750e-03
5.801823664649309649e+04 1.059997450505580616e+02 1.623220361427341329e-01 8.319503601811707449e-01 5.727603676095053588e-03
5.804720796659719781e+04 1.589156782016159184e+02 3.598114299635338798e-01 6.276674247107312254e-01 1.252114532573491389e-02
5.804721003952549654e+04 1.397355528746955713e+02 2.773928618266344182e-01 7.129820578137165965e-01 9.625080359649025238e-03
5.804721211013889842e+04 1.748746941564294559e+02 4.261628230963798725e-01 5.593319401207995645e-01 1.450523678282065500e-02
5.805913640646990098e+04 nan nan nan nan
5.805913845634260360e+04 nan nan nan nan
5.805914052584490128e+04 nan nan nan nan
5.807204974729169771e+04 9.598860111718491339e+01 1.292304089612340834e-01 8.663425071728493299e-01 4.427083865916726403e-03
5.807205179364579817e+04 9.308797691029921850e+01 1.199054336800188247e-01 8.760421114997872793e-01 4.052454820194037292e-03
5.807205383950230316e+04 9.041620149104639381e+01 1.137535590847537775e-01 8.823804119044101890e-01 3.866029010836078122e-03
5.808405507223380118e+04 1.767762864494967232e+02 4.221852334576862709e-01 5.638836571495059458e-01 1.393110939280779205e-02
5.808405711846060149e+04 2.390468396369410584e+02 7.464311051332891411e-01 2.297544160089145249e-01 2.381447885779632012e-02
5.808405916406249889e+04 2.507872145118968206e+02 8.322373912750246072e-01 1.408651467797842338e-01 2.689746194519125611e-02
5.779934067106479779e+04 1.158131913288514312e+02 2.349584181905206293e-01 7.549886300577287601e-01 1.005295175175064705e-02
5.784721799662039848e+04 1.615015940048910466e+02 4.278659652812528691e-01 5.549909293582035996e-01 1.714310536054360762e-02
5.784722006856479857e+04 1.612331556732993931e+02 4.352246685960659001e-01 5.469783668580208147e-01 1.779696454591317770e-02
5.784722211534719827e+04 1.585432675268598928e+02 4.192148563640814563e-01 5.637083882375474309e-01 1.707675539837099493e-02
5.787038074950229930e+04 9.925608907664343405e+01 1.336936471487400468e-01 8.618750150156390122e-01 4.431337835621111838e-03
5.787234670826390357e+04 1.134893719702770909e+02 1.261274995711602898e-01 8.708557677781759709e-01 3.016732650663823435e-03
5.787234878104169911e+04 1.142545468436337472e+02 1.268425399641658347e-01 8.701471549476227363e-01 3.010305088211452911e-03
5.787235082739579957e+04 1.083893278118587489e+02 1.153733240972440455e-01 8.818593175410011087e-01 2.767358361754913062e-03
5.788733406096060207e+04 6.114425124914006915e+01 4.214369996693730080e-02 9.566959695612207160e-01 1.160330471841947890e-03
5.788733610844909708e+04 5.508965135650922917e+01 3.486538553273366842e-02 9.641563043766402386e-01 9.783100906260529164e-04
5.788733815651619807e+04 5.320777940267709738e+01 3.271320838940183773e-02 9.663635324001649263e-01 9.232592104332227722e-04
5.790129417131940136e+04 1.910284649082817054e+02 5.033789685470464459e-01 4.796611973968296083e-01 1.695983405612395620e-02
5.790129621952550224e+04 1.861990991661248245e+02 5.024440930139959516e-01 4.797711483509503050e-01 1.778475863505376425e-02
5.790129829028929817e+04 1.971027698601850489e+02 5.582731375432659071e-01 4.221322966273740596e-01 1.959456582936004720e-02
5.791326125848379888e+04 7.338803507749588562e+01 6.084991072764240477e-02 9.374709102189233700e-01 1.679179053434205239e-03
5.779933861689810146e+04 1.423919768100063834e+02 3.446669007999892398e-01 6.410225679469265803e-01 1.431053125308421464e-02
5.791326330600689835e+04 7.710759620014228233e+01 6.619444112097809529e-02 9.320055429522873247e-01 1.800015926734570238e-03
5.797409790790510306e+04 1.394272580076713268e+02 2.199485391273043322e-01 7.739732686930081984e-01 6.078192179687490204e-03
