5.807205449599999702e+04 5.164650444834783229e+02 2.953833008385459147e-01 2.579500118958730215e-01 4.466666872655810083e-01
5.804721275800000149e+04 5.302581582350206872e+02 3.147312228678268431e-01 2.042096145262250195e-01 4.810591626059481651e-01
5.791326602399999683e+04 7.589977706482047779e+02 4.619047965669261790e-01 3.236662696477002332e-02 5.057285764683038254e-01
5.790129893399999855e+04 5.821277287006026881e+02 3.669617821356995768e-01 9.041465348469616969e-02 5.426235643796041286e-01
5.788733880199999840e+04 6.694715195247392785e+02 3.976272497938533879e-01 1.206672366567947824e-01 4.817055135493519824e-01
5.787235149999999703e+04 8.014324558994027257e+02 4.592467306116576609e-01 9.236747529390926248e-02 4.483857940944330767e-01
5.784722276799999963e+04 4.717010438255859412e+02 2.709253847289442851e-01 2.786114609485004223e-01 4.504631543225552370e-01
5.783534901800000080e+04 5.000066855955403184e+02 3.049876475867278058e-01 1.869623843654755202e-01 5.080499680477966740e-01
5.779934133599999768e+04 5.235369337937733007e+02 3.376098512991645428e-01 9.454604351366402426e-02 5.678441051871714329e-01
5.778534149199999956e+04 4.659851925052882962e+02 2.468752358521317247e-01 3.698551640726172596e-01 3.832696000752509602e-01
5.772706253399999696e+04 5.019989907089943699e+02 2.727578841629925699e-01 3.241145571690431937e-01 4.031275586679641809e-01
5.771409744499999942e+04 4.824457889980718051e+02 3.050461369682754831e-01 1.490356674058608000e-01 5.459181956258637447e-01
5.801823729399999866e+04 6.418198171812852024e+02 4.070613742608388819e-01 4.366708876122444433e-02 5.492715369779366252e-01
5.770204628000000230e+04 5.647553053665620837e+02 3.296832901287380935e-01 2.049805697315451869e-01 4.653361401397166364e-01
5.769016059600000153e+04 5.788485110761403121e+02 3.277596718105709739e-01 2.344413518368214100e-01 4.377989763526076161e-01
5.800030809600000066e+04 6.634041912838273447e+02 4.009508656538233184e-01 1.002571799745803766e-01 4.987919543715962356e-01
5.798705247200000304e+04 6.787776135517883631e+02 3.900764963136034158e-01 1.589634270236264801e-01 4.509600766627701596e-01
5.797409855999999854e+04 6.898305582161873417e+02 3.843349169117409314e-01 1.917992827415047896e-01 4.238658003467541957e-01
5.796213143799999671e+04 3.766210579941910623e+02 2.106415231412566980e-01 3.622164289372916679e-01 4.271420479214516064e-01
5.794916718599999876e+04 5.867382994546276223e+02 3.565559710683372519e-01 1.391775463163816007e-01 5.042664826152810642e-01
5.793719157399999676e+04 7.291184886076955536e+02 4.111103406958305784e-01 1.547653251322789469e-01 4.341243341718904469e-01
5.792512778999999864e+04 5.703163878762636614e+02 3.387602071552623939e-01 1.794621659997557017e-01 4.817776268449817656e-01
