5.769015580527779821e+04 1.233244346310450510e+02 3.439734358738273379e-01 6.370254450469226004e-01 1.900111907925003743e-02
5.769015787849540357e+04 1.266256046987116406e+02 3.645729834129154967e-01 6.151803497378119934e-01 2.024666684927249605e-02
5.769015995009260223e+04 1.377865949736655580e+02 4.388259330483423870e-01 5.363999449975290768e-01 2.477412195412855359e-02
5.770204151489579817e+04 7.194638912516911944e+01 1.102076587187836437e-01 8.840613046428908994e-01 5.731036638325465518e-03
5.770204356266200193e+04 6.464391740154478327e+01 8.685383804517249340e-02 9.087370580578355561e-01 4.409103896992071052e-03
5.770204560733799735e+04 5.956474242587029266e+01 7.045570840409148827e-02 9.261270044530197643e-01 3.417287142888795169e-03
5.771409263277779974e+04 7.175237069185294558e+01 2.533195251811834470e-01 7.162371235877112996e-01 3.044335123110532282e-02
5.771409468028940319e+04 6.396041174199544344e+01 2.950466752592131314e-01 6.529792716610633985e-01 5.197405307972342153e-02
5.771409672578699974e+04 7.876068023409595753e+01 3.423341127995520594e-01 6.115225420141938706e-01 4.614334518625408388e-02
5.772705777135420067e+04 1.132838068545364223e+02 2.820953101160831866e-01 7.027591869572022976e-01 1.514550292671459908e-02
5.772705981797449931e+04 8.673493692231564012e+01 1.681726062775787955e-01 8.226451247003728762e-01 9.182269022048324819e-03
5.772706186339120177e+04 7.608437091415552800e+01 1.329622997015392216e-01 8.595784743123366933e-01 7.459225986124026070e-03
5.778533669387730333e+04 5.995806648508656878e+01 9.974210377511258385e-02 8.934987872789000862e-01 6.759108945987301297e-03
5.778533876707180025e+04 5.798380551367655755e+01 9.273293830442960739e-02 9.010199071648148372e-01 6.247154530755488593e-03
5.778534083769680001e+04 7.509866688480617825e+01 1.643116411695853263e-01 8.239960615591399584e-01 1.169229727127461295e-02
5.779933654268520331e+04 1.471266360106294826e+02 5.956676589890896878e-01 3.642961208019748764e-01 4.003622020893539413e-02
5.791326535005790356e+04 4.890728703594826499e+01 4.199781796055787608e-02 9.562010981332187409e-01 1.801083906223376703e-03
5.792512302671300131e+04 1.311086976799404908e+02 3.566692826093368907e-01 6.252549790287784681e-01 1.807573836188476613e-02
5.792512507353010005e+04 1.062460626227303067e+02 2.595277237757201427e-01 7.258985883672368633e-01 1.457368785704290896e-02
5.792512714874999801e+04 1.171762563134771824e+02 2.707773054833712001e-01 7.161798317610066356e-01 1.304286275562204465e-02
5.793718679256940231e+04 1.072215718039549444e+02 2.156105278063804587e-01 7.745129686575269456e-01 9.876503536092574864e-03
5.793718886465280229e+04 1.296953528201758274e+02 3.130339310034664924e-01 6.727374864695900847e-01 1.422858252694342816e-02
5.793719091001160268e+04 2.259620525990043802e+02 9.510276622809984426e-01 5.706719531530094966e-03 4.326561818747141908e-02
5.794916242523150140e+04 8.311441858413351724e+01 1.796978689793222728e-01 8.088849010626030234e-01 1.141722995807469519e-02
5.794916447268520278e+04 5.788395150621430929e+01 1.201535647447092708e-01 8.693223437597642489e-01 1.052409149552649241e-02
5.794916652253470238e+04 8.770491809204403921e+01 2.116431890334067034e-01 7.741339050873801142e-01 1.422290587921320668e-02
5.796212665806709992e+04 9.196995337416304039e+01 2.552495491933207683e-01 7.259371208746927540e-01 1.881332993198646039e-02
5.796212870331019803e+04 nan nan nan nan
5.796213077392359992e+04 9.235952023383066489e+01 2.944726568126879163e-01 6.806986278216839992e-01 2.482871536562804987e-02
5.797409376334489934e+04 4.527876467887007550e+01 3.578729638192752749e-02 9.626869083006377448e-01 1.525795317434668107e-03
5.797409583733799809e+04 5.108225688844999723e+01 4.527555708428815384e-02 9.528057075128134601e-01 1.918735402898394957e-03
5.798704772202549793e+04 1.345339518930977079e+02 3.536650266337256765e-01 6.294559207024511549e-01 1.687905266382322064e-02
5.798704976877309673e+04 1.217579098557456803e+02 2.888300632180796357e-01 6.974257813108096782e-01 1.374415547111073645e-02
5.798705181398150307e+04 1.310524970047341924e+02 3.323908261383819451e-01 6.518970427502559506e-01 1.571213111136203489e-02
5.800030331545139779e+04 nan nan nan nan
5.800030539009260247e+04 nan nan nan nan
5.800030743467590219e+04 nan nan nan nan
5.801823252953700285e+04 1.850799811893827496e+02 8.742332201549998238e-01 7.127093946350687714e-02 5.449584038149330595e-02
5.801823457716440316e+04 1.405273592499034692e+02 5.268688105862709969e-01 4.387982610925502125e-01 3.433292832117890159e-02
5.801823664649309649e+04 1.683683590722493761e+02 7.476955384645102010e-01 2.041367229871283717e-01 4.816773854836153834e-02
5.804720796659719781e+04 1.102644274401951776e+02 3.542840013507299046e-01 6.205009467904439857e-01 2.521505185882618599e-02
5.804721003952549654e+04 1.045528269155942525e+02 3.131435582145254970e-01 6.649464082878348004e-01 2.191003349763973387e-02
5.804721211013889842e+04 5.948380596222928318e+01 1.046815159549923657e-01 8.877541596187280559e-01 7.564324426279632994e-03
5.805913640646990098e+04 nan nan nan nan
5.805913845634260360e+04 nan nan nan nan
5.805914052584490128e+04 nan nan nan nan
5.807204974729169771e+04 1.079771322113129486e+02 2.783615238197179598e-01 7.054060861252212655e-01 1.623239005506075389e-02
5.807205179364579817e+04 1.146368887610054372e+02 3.158295313032478679e-01 6.656315531097802829e-01 1.853891558697179712e-02
5.807205383950230316e+04 1.143948292588330560e+02 3.040783018029876716e-01 6.786638871164727416e-01 1.725781108053959373e-02
5.808405507223380118e+04 5.141491811530370626e+01 7.010895237336360608e-02 9.253495792421003729e-01 4.541468384536150212e-03
5.808405711846060149e+04 4.444881998374379606e+01 5.354183875389022240e-02 9.429141611190413608e-01 3.544000127068542595e-03
5.808405916406249889e+04 4.336099019428439760e+01 5.170948446684321687e-02 9.448169965995352193e-01 3.473518933621618475e-03
5.779934067106479779e+04 1.515576899399191007e+02 6.121664328465257210e-01 3.479851837816805848e-01 3.984838337179364559e-02
5.784721799662039848e+04 1.144279705947353136e+02 3.578390556863291772e-01 6.182752030403345644e-01 2.388574127333628269e-02
5.784722006856479857e+04 9.683570874952445706e+01 2.552858432630836782e-01 7.277391470913044946e-01 1.697500964561174386e-02
5.784722211534719827e+04 1.120491053964758521e+02 3.449766820021821223e-01 6.318712210853132394e-01 2.315209691250465565e-02
5.787038074950229930e+04 8.934942864761376313e+01 1.905735501225566675e-01 7.983150359539983310e-01 1.111141392344501717e-02
5.787234670826390357e+04 1.153272657544923305e+02 2.066089725147557399e-01 7.855520033504270749e-01 7.839024134817188655e-03
5.787234878104169911e+04 1.507955716163771740e+02 3.580517487065880133e-01 6.281779938569292954e-01 1.377025743648269823e-02
5.787235082739579957e+04 1.443607928666652924e+02 3.247684161910819878e-01 6.628699266542282809e-01 1.236165715468977647e-02
5.788733406096060207e+04 5.442081736419724791e+01 5.702632963707668368e-02 9.402917346914607677e-01 2.681935671462672231e-03
5.788733610844909708e+04 5.404044190425662464e+01 5.657438835628087609e-02 9.407487274194341609e-01 2.676884224285069284e-03
5.788733815651619807e+04 4.628839918639991424e+01 4.285212086503417672e-02 9.550545960885601371e-01 2.093283046405611594e-03
5.790129417131940136e+04 1.435726735923594219e+02 4.400004995409226849e-01 5.370596596164433079e-01 2.293984084263408704e-02
5.790129621952550224e+04 1.451971792412696516e+02 4.779831431114281992e-01 4.955479235759932544e-01 2.646893331257844928e-02
5.790129829028929817e+04 1.382510982622695508e+02 4.317559698380581956e-01 5.444226368684618178e-01 2.382139329347994841e-02
5.791326125848379888e+04 5.537930285612048920e+01 5.359438122074161592e-02 9.441180656444330133e-01 2.287553134825421122e-03
5.779933861689810146e+04 1.613798421103798546e+02 7.134256474169863305e-01 2.388404985653097556e-01 4.773385401770378900e-02
5.791326330600689835e+04 5.339369073979472802e+01 4.975757634832254223e-02 9.481212990079433967e-01 2.121124643734002575e-03
5.797409790790510306e+04 4.742523233153133333e+01 3.943018677664980598e-02 9.588814481039819038e-01 1.688365119368272259e-03
