5.828924293930560088e+04 3.090794802641080707e+01 1.570492810238605791e-02 9.839860741771814245e-01 3.089977204324715287e-04
5.816632990957180300e+04 3.377456647362757991e+01 1.663705015730284134e-02 9.830725497153214310e-01 2.904001273757531314e-04
5.778533876707180025e+04 3.378629557957854246e+01 1.664157610357756140e-02 9.830680674493775806e-01 2.903564470449656850e-04
5.787234670826390357e+04 4.739963923773872523e+01 2.263221972178595942e-02 9.770949277727337678e-01 2.728525054801404066e-04
5.805913640646990098e+04 nan nan nan nan
5.788733815651619807e+04 2.741923822254009835e+01 8.731868046878974929e-03 9.911467575028880539e-01 1.213744502330250230e-04
5.834408077023149963e+04 2.738003747220626849e+01 1.369005497230218159e-02 9.860107419718644461e-01 2.992030558333995914e-04
5.818332672513889702e+04 2.701079800053041424e+01 9.952511793308442198e-03 9.898850028273546986e-01 1.624853793367210791e-04
5.778534083769680001e+04 3.311737340054869350e+01 1.632637890461898292e-02 9.833827559447466671e-01 2.908651506343735873e-04
5.794916242523150140e+04 2.888341973076641978e+01 1.318016834150067748e-02 9.865706199694281864e-01 2.492116890710524384e-04
5.779933861689810146e+04 2.425342043419395566e+01 8.850291100000705347e-03 9.909903439402242276e-01 1.593649597750158387e-04
5.807205179364579817e+04 3.577294044775077708e+01 1.652144352246454409e-02 9.832232802236148261e-01 2.552762539204846549e-04
5.826330863219909952e+04 3.061567383331423642e+01 1.401646387007984308e-02 9.857326867707436602e-01 2.508493591764591741e-04
5.808405916406249889e+04 2.718191847322560761e+01 1.041313628654565518e-02 9.894112224264125510e-01 1.756412870417096094e-04
5.798705181398150307e+04 4.343024123459186114e+01 2.142993395998363595e-02 9.782786718427814998e-01 2.913941972348835859e-04
5.788733406096060207e+04 2.850713369739269609e+01 9.545685613883882897e-03 9.903201210760352868e-01 1.341933100808326816e-04
5.771409263277779974e+04 1.643473651342380748e+01 7.885498603200138609e-03 9.918389792308748287e-01 2.755221659248695970e-04
5.827636488775460020e+04 2.284315508575840070e+01 9.818622939774276567e-03 9.899602648605032584e-01 2.211121997223254631e-04
5.815129126613429980e+04 nan nan nan nan
5.779933654268520331e+04 2.395929134796831761e+01 8.707232559932786414e-03 9.911347023118397548e-01 1.580651282274977509e-04
5.798704772202549793e+04 4.324474688754127527e+01 2.126021606142040193e-02 9.784505212985181721e-01 2.892626400615354938e-04
5.796212665806709992e+04 2.613701235537865486e+01 1.298509811603952915e-02 9.867195074540805466e-01 2.953944298800321088e-04
5.792512714874999801e+04 4.191769763060070630e+01 2.063069720595677933e-02 9.790793971397410145e-01 2.899056543022965034e-04
5.800030331545139779e+04 2.336753201161271321e+01 6.517485133431711805e-03 9.933894130568694525e-01 9.310180969889572937e-05
5.769015995009260223e+04 3.618264026646551912e+01 1.674079994532767790e-02 9.830030021217666114e-01 2.561979329055919159e-04
5.832012579648150131e+04 2.667886418851618657e+01 1.160651941113225068e-02 9.881669676323180385e-01 2.265129565496705021e-04
5.793718886465280229e+04 4.052270796319007928e+01 1.765679858329675597e-02 9.821159792360993901e-01 2.272221806038321424e-04
5.823737859165509872e+04 nan nan nan nan
5.796213077392359992e+04 2.299193886554102662e+01 1.140955830654003834e-02 9.882957212994343266e-01 2.947203940256762334e-04
5.832012167383100314e+04 2.572681653875365271e+01 1.114274984088454643e-02 9.886327398028222913e-01 2.245103562930454179e-04
5.794916652253470238e+04 2.594498440975111819e+01 1.132338951702958549e-02 9.884486446383645708e-01 2.279658446058435467e-04
5.771409672578699974e+04 1.535264145887752640e+01 7.268841563102267783e-03 9.924628786780708145e-01 2.682797588267692265e-04
5.808405507223380118e+04 2.707911820751909104e+01 1.036664090689603038e-02 9.894579586075891164e-01 1.754004855147258974e-04
5.800030743467590219e+04 2.258202648596505213e+01 6.165279742628015577e-03 9.937455123265250823e-01 8.920793084703355599e-05
5.812735512291669875e+04 4.986052430829268189e+00 2.033646538809006157e-03 9.977672581745120617e-01 1.990952866788907132e-04
5.778533669387730333e+04 3.362802641546921478e+01 1.666713575815107623e-02 9.830388672390193427e-01 2.939970028295693671e-04
5.834408286868059804e+04 2.803962841020926078e+01 1.399827654790845692e-02 9.857034405585306525e-01 2.982828935609289456e-04
5.771409468028940319e+04 1.144394569285068464e+01 5.435327625672267682e-03 9.942946973462196691e-01 2.699750281079250479e-04
5.823737447606479691e+04 3.526213047740797357e+00 6.553289356226532983e-04 9.993033353631393112e-01 4.133570123808308642e-05
5.787038074950229930e+04 2.450109895404833438e+01 1.222221713131496808e-02 9.874799637473189451e-01 2.978191213660874299e-04
5.772705777135420067e+04 3.808914104599792694e+01 1.633099620967237015e-02 9.834489916149329325e-01 2.200121753947036508e-04
5.828924501094909647e+04 3.015324612280693373e+01 1.505439643865318436e-02 9.846472836311644938e-01 2.983199301823974306e-04
5.804721003952549654e+04 2.822869250476368919e+01 1.237427417216298287e-02 9.873957502812927833e-01 2.299755465442436932e-04
5.812735719687499659e+04 6.265637886693541603e+00 2.571660153846071651e-03 9.972267260323725013e-01 2.016138137813674428e-04
5.788733610844909708e+04 2.706711139466104044e+01 8.651157135798982767e-03 9.912265817646449539e-01 1.222610995561718194e-04
5.823637937519679690e+04 2.350870495096472368e+01 9.302938603505369122e-03 9.905096454175021936e-01 1.874159789924074255e-04
5.769015787849540357e+04 3.636539508788113295e+01 1.695427107277860251e-02 9.827855900019826230e-01 2.601389252387507770e-04
5.833211501591440174e+04 2.844390128330881495e+01 1.360973589865053721e-02 9.861162677453965131e-01 2.739963559528578300e-04
5.791326125848379888e+04 2.321765944038575213e+01 5.592478875321804307e-03 9.943380833893107340e-01 6.943773536740343775e-05
5.815128715056709916e+04 nan nan nan nan
5.832012372127320123e+04 2.665176872383588247e+01 1.161500853418614629e-02 9.881576855641793777e-01 2.273059016343447608e-04
5.833211913988430024e+04 2.885527558306880991e+01 1.371516679341744371e-02 9.860144526540041143e-01 2.703805525782169311e-04
5.796212870331019803e+04 1.106090034440262215e+01 5.457619746291143825e-03 9.942510072541446142e-01 2.913729995643414279e-04
5.801823457716440316e+04 3.253696720527621977e+01 1.520593295336085914e-02 9.845326729829988466e-01 2.613940636402528692e-04
5.793719091001160268e+04 3.945886415338599562e+01 1.692392699259011660e-02 9.828559138045764865e-01 2.201592028333739751e-04
5.822231662861110090e+04 3.483529911050165850e+01 1.708969030387190099e-02 9.826222695554455155e-01 2.880401406826446653e-04
5.827636901283560292e+04 1.718806994400529220e+01 7.000019865354837820e-03 9.928014766946124947e-01 1.985034400326415296e-04
5.830718434385419823e+04 3.311576625813258801e+01 1.707511927337114488e-02 9.826066943420375122e-01 3.181863845914489441e-04
5.787235082739579957e+04 4.851242452467525368e+01 2.298958521509920569e-02 9.767416452571533458e-01 2.687695277473788123e-04
5.794916447268520278e+04 1.813571883812423735e+01 7.271728903926535925e-03 9.925358602594668289e-01 1.924108366066189788e-04
5.784722211534719827e+04 3.117887645294441512e+01 1.557018276594428555e-02 9.841313544294369997e-01 2.984628046187132264e-04
5.815128922206020070e+04 nan nan nan nan
5.784721799662039848e+04 3.097200383826559644e+01 1.564997180451160527e-02 9.840444571310079658e-01 3.055710644805083136e-04
5.828924089284719958e+04 3.066518495098152286e+01 1.546360747199966579e-02 9.842320559350964393e-01 3.043365929039335178e-04
5.823737654778939759e+04 nan nan nan nan
5.822231867385419901e+04 3.449695493242543876e+01 1.684159972864410909e-02 9.828731481538032222e-01 2.852521175525914122e-04
5.770204560733799735e+04 2.816379058266704050e+01 9.190576056787962134e-03 9.906819777196633758e-01 1.274462235488417906e-04
5.804720796659719781e+04 2.823766504439338831e+01 1.240991919757811375e-02 9.873589253936257970e-01 2.311554087960243262e-04
5.805914052584490128e+04 nan nan nan nan
5.801823252953700285e+04 3.331066180239392338e+01 1.525746471902282748e-02 9.844914496016304861e-01 2.510856793465033807e-04
5.825034235892359720e+04 3.073881813356499748e+01 1.474612535628910294e-02 9.849784484571099119e-01 2.754261866007964485e-04
5.790129417131940136e+04 3.833286945142628355e+01 1.864077998494298102e-02 9.810762051689142504e-01 2.830148461425774972e-04
5.801823664649309649e+04 3.148715235417332892e+01 1.438789474564372908e-02 9.853622137738251574e-01 2.498914805310017322e-04
5.812735307304400339e+04 3.909261086886635539e+00 1.628335622435916246e-03 9.981640190267396795e-01 2.076453508243168982e-04
5.791326535005790356e+04 2.243197936585129071e+01 5.231043578922518755e-03 9.947038737753354232e-01 6.508264574209774442e-05
5.797409376334489934e+04 3.052943949806276080e+01 1.004095336087786582e-02 9.898295865341844024e-01 1.294601049378487181e-04
5.818332468002309906e+04 2.736515958477363242e+01 9.918195912897161820e-03 9.899245894013570801e-01 1.572146857457040118e-04
5.825034023524310032e+04 3.068585461046412632e+01 1.483559858552286996e-02 9.848846595798698145e-01 2.797418346072932873e-04
5.823638142131939821e+04 1.248640762080129640e+01 5.670154795937280660e-03 9.940830489686016680e-01 2.467962354610277100e-04
5.833211709222220088e+04 2.839821560556794466e+01 1.341729596562604883e-02 9.863155439251645173e-01 2.671601092092640924e-04
5.825034440655090293e+04 3.051164274812429156e+01 1.440256056548881204e-02 9.853307707883933730e-01 2.666686461177040601e-04
5.792512302671300131e+04 3.877713830528595196e+01 1.908224081225224147e-02 9.806279374539672578e-01 2.898217337805630606e-04
5.808405711846060149e+04 2.740157425872441266e+01 1.052302093916221946e-02 9.893004754650264188e-01 1.765035958111980138e-04
5.779934067106479779e+04 2.456974765179143461e+01 9.065213338389641745e-03 9.907718651678577571e-01 1.629214937525304871e-04
5.827636696190969815e+04 1.495163662165472651e+01 6.074560990890438827e-03 9.937278894596012213e-01 1.975495495082309531e-04
5.804721211013889842e+04 2.897768386774243865e+01 1.290304291592217142e-02 9.868596664153894693e-01 2.372906686881702651e-04
5.790129621952550224e+04 3.609758467055444697e+01 1.777456060724652218e-02 9.819352609292397727e-01 2.901784635137631642e-04
5.823637733025460329e+04 2.025486941049211964e+01 7.545449284033204154e-03 9.922884639491631464e-01 1.660867668036315184e-04
5.830718638787040254e+04 3.286709375179597714e+01 1.696090305186493535e-02 9.827203844801948307e-01 3.187124679402929261e-04
5.770204151489579817e+04 2.727692298507277968e+01 8.854938348040875332e-03 9.910189358195246045e-01 1.261258324346709882e-04
5.772706186339120177e+04 3.794406894738084901e+01 1.635535447448809715e-02 9.834222859492496305e-01 2.223595762622662480e-04
5.816632786436339666e+04 3.429635030856650957e+01 1.694723531049567924e-02 9.827605341342000589e-01 2.922305553042225121e-04
5.791326330600689835e+04 2.308636781402310234e+01 5.463354953957617020e-03 9.944696208935852599e-01 6.702415245705770758e-05
5.797409583733799809e+04 3.015252385528183865e+01 9.880124572618279727e-03 9.899913759923172352e-01 1.284994350644789811e-04
5.797409790790510306e+04 3.112461021401469097e+01 1.043849911172938481e-02 9.894268863420265792e-01 1.346145462441029515e-04
5.807205383950230316e+04 3.598499723993729305e+01 1.672734991615521319e-02 9.830140461938099428e-01 2.586038900347470111e-04
5.787234878104169911e+04 4.715624742363655741e+01 2.243355840835085935e-02 9.772955836491472592e-01 2.708579425018167166e-04
5.790129829028929817e+04 3.617025102096086187e+01 1.768101711816329191e-02 9.820330032118044228e-01 2.859796700323430385e-04
5.770204356266200193e+04 2.606388958077544871e+01 8.404053138560862307e-03 9.914715175085865306e-01 1.244293528527091119e-04
5.772705981797449931e+04 3.790128355224080536e+01 1.630343569933052558e-02 9.834751150825888910e-01 2.214492180805767093e-04
5.798704976877309673e+04 4.425726640543476265e+01 2.204190267292467642e-02 9.776612366276945520e-01 2.968606993808789755e-04
5.826330454050929984e+04 2.920721904464559415e+01 1.289599240751397070e-02 9.868706871243737577e-01 2.333204681120893971e-04
5.805913845634260360e+04 nan nan nan nan
5.792512507353010005e+04 3.611922369022925494e+01 1.786342092187500133e-02 9.818438430569541575e-01 2.927360211708553627e-04
5.816632579141199676e+04 3.404597238937250836e+01 1.681978966615780419e-02 9.828881091258733216e-01 2.921012079689888868e-04
5.807204974729169771e+04 3.485157146638256620e+01 1.594046713650001945e-02 9.838091635636022625e-01 2.503692998977384392e-04
5.822231458113429835e+04 3.333308580512876063e+01 1.643231695746250748e-02 9.832768322288732987e-01 2.908508136641593735e-04
5.826330658587960352e+04 3.003895214925887558e+01 1.355416395623233912e-02 9.862021674099545887e-01 2.436686338130698436e-04
5.830718226863430027e+04 3.269963280712046583e+01 1.681951184773569988e-02 9.828638489085778085e-01 3.166392436864422970e-04
5.769015580527779821e+04 3.669037665876514609e+01 1.729131346159602789e-02 9.824428740724752140e-01 2.658124659287000092e-04
5.800030539009260247e+04 2.279782382414071407e+01 6.322912734062119226e-03 9.935850271947395118e-01 9.206007119839251470e-05
5.793718679256940231e+04 4.064568430658623299e+01 1.729374882956305481e-02 9.824895939676159262e-01 2.166572028209413664e-04
5.834408494111109758e+04 2.832582915065885842e+01 1.423858378541050310e-02 9.854590090719793638e-01 3.024071426102468876e-04
5.818332260702549684e+04 2.670606242730084645e+01 9.697706756512713966e-03 9.901444804917796105e-01 1.578127517076357666e-04
5.784722006856479857e+04 3.049803058249637644e+01 1.513573342910719613e-02 9.845694940018324681e-01 2.947725690603827486e-04
