5.825034023524310032e+04 1.594786621981874042e+01 8.421447013497514178e-03 9.912448254902653799e-01 3.337274962371835317e-04
5.832012167383100314e+04 1.162101241227578363e+01 5.173683247209993029e-03 9.945891054061734016e-01 2.372113466165127029e-04
5.807205179364579817e+04 1.714637893626857590e+01 8.684849536365642567e-03 9.910081044384365656e-01 3.070460251978081962e-04
5.784722006856479857e+04 1.532430262507876506e+01 8.041101256016109505e-03 9.916293699725978739e-01 3.295287713859413898e-04
5.808405711846060149e+04 1.242266520177289379e+01 5.116268168390377367e-03 9.946807296267059506e-01 2.030022049035576685e-04
5.827636901283560292e+04 8.858434433174158684e+00 4.029692827647833597e-03 9.957226484365895303e-01 2.476587357625152511e-04
5.818332260702549684e+04 1.144076801967086432e+01 4.232444208320258749e-03 9.956037626015012965e-01 1.637931901784122658e-04
5.826330863219909952e+04 1.557784836187510003e+01 7.723541844971607874e-03 9.919822587563873473e-01 2.941993986411172205e-04
5.823638142131939821e+04 6.183399627626694262e+00 2.986239036620648261e-03 9.967346234388365644e-01 2.791375245427400210e-04
5.796212665806709992e+04 1.386348033570257954e+01 7.309575854116306774e-03 9.923577159264179715e-01 3.327082194657190084e-04
5.771409468028940319e+04 5.739603629124396811e+00 2.965365844871710541e-03 9.967151741634092676e-01 3.194599917190414336e-04
5.815128715056709916e+04 nan nan nan nan
5.825034440655090293e+04 1.631610085000993138e+01 8.649766042264955129e-03 9.910138775723565940e-01 3.363563853785465148e-04
5.804721003952549654e+04 1.393884184376863722e+01 7.121750054821066565e-03 9.925658263746861554e-01 3.124235704928560132e-04
5.808405507223380118e+04 1.263675480783503069e+01 5.210157369874325595e-03 9.945863942288615256e-01 2.034484012640481738e-04
5.788733815651619807e+04 1.326913607943162532e+01 4.334101566585197088e-03 9.955382144009004008e-01 1.276840325145086697e-04
5.778533876707180025e+04 1.566959749636876076e+01 8.225572009791711284e-03 9.914446358868407305e-01 3.297921033675858967e-04
5.816632990957180300e+04 1.547384620227780694e+01 8.024499676484506475e-03 9.916536432243299171e-01 3.218570991856627129e-04
5.798704976877309673e+04 2.173529691694677268e+01 1.151259212346810931e-02 9.881516402665747600e-01 3.357676099571799784e-04
5.794916242523150140e+04 1.449900086473452099e+01 6.949524328359367800e-03 9.927755231388019075e-01 2.749525328386112524e-04
5.792512714874999801e+04 2.139788907719056610e+01 1.121755005014426175e-02 9.884535393383860891e-01 3.289106114697370607e-04
5.818332468002309906e+04 1.162027484345654216e+01 4.349815076354672516e-03 9.954824851389085794e-01 1.676997847367261432e-04
5.788733610844909708e+04 1.378494847555127478e+01 4.578294260450302064e-03 9.952896914849315158e-01 1.320142546182607340e-04
5.826330454050929984e+04 1.497216683144202243e+01 7.239348657190756292e-03 9.924808476845475846e-01 2.798036582615705411e-04
5.832012579648150131e+04 1.229211794751559950e+01 5.531529553821395301e-03 9.942261105523685361e-01 2.423598938099392173e-04
5.823637733025460329e+04 1.009822495051147406e+01 4.063422482365752937e-03 9.957427936616026765e-01 1.937838560315171806e-04
5.778533669387730333e+04 1.550789277581478309e+01 8.098368483025156217e-03 9.915752592821933664e-01 3.263722347815356420e-04
5.830718434385419823e+04 1.586438923182701188e+01 8.496870906892155240e-03 9.911598123027289819e-01 3.433167903788830874e-04
5.833211913988430024e+04 1.349633963586036778e+01 6.695186428083196167e-03 9.930102920279612055e-01 2.945215439555652235e-04
5.787234878104169911e+04 2.640965530663125094e+01 1.390165956934041012e-02 9.857667274292899462e-01 3.316130013695780870e-04
5.771409263277779974e+04 8.366705228419251128e+00 4.376969985947654768e-03 9.952954918447498578e-01 3.275381693024374602e-04
5.790129417131940136e+04 1.968369688517260130e+01 1.022537439975196132e-02 9.894516506671273692e-01 3.229749331207074537e-04
5.833211501591440174e+04 1.348967668782750806e+01 6.804899293791531571e-03 9.928905468939965839e-01 3.045538122118729494e-04
5.770204356266200193e+04 1.420566349658518490e+01 5.032425722870974977e-03 9.948173792968062479e-01 1.501949803226840924e-04
5.828924089284719958e+04 1.485574786803753433e+01 7.777982199213429731e-03 9.918939462534908102e-01 3.280715472957205538e-04
5.772705777135420067e+04 1.717079306897932511e+01 7.831137349700260236e-03 9.919199237937557090e-01 2.489388565440159252e-04
5.812735307304400339e+04 nan nan nan nan
5.834408494111109758e+04 1.345910389439789334e+01 7.243951931328720083e-03 9.924093570863540270e-01 3.466909823171975035e-04
5.801823252953700285e+04 1.621564288926272113e+01 8.402400512556822479e-03 9.912762614536589911e-01 3.213380337842831566e-04
5.800030331545139779e+04 1.016785183038195761e+01 2.725715341476366363e-03 9.971882791443889005e-01 8.600551413476785478e-05
5.796213077392359992e+04 1.214449955303501127e+01 6.390512271518374726e-03 9.932781004618684850e-01 3.313872666131678938e-04
5.769015787849540357e+04 1.844397366979180930e+01 9.514906289545623647e-03 9.901665832054679095e-01 3.185105049865092448e-04
5.787235082739579957e+04 2.673116852474069205e+01 1.386966919370937606e-02 9.858081348875801231e-01 3.221959187106346410e-04
5.828924501094909647e+04 1.498378572534458542e+01 8.035409263917407327e-03 9.916204020327493707e-01 3.441887033332163663e-04
5.794916447268520278e+04 9.754222718409041093e+00 4.271228494126669446e-03 9.954992919545894159e-01 2.294795512838425941e-04
5.823637937519679690e+04 1.173125694673029251e+01 4.987670192871392072e-03 9.947959931676144674e-01 2.163366395142046642e-04
5.822231662861110090e+04 1.742749935609067435e+01 9.368646073913310807e-03 9.902854884355586362e-01 3.458654905281142175e-04
5.834408077023149963e+04 1.324151593924441705e+01 7.091946705331524103e-03 9.925647490063637113e-01 3.433042883047613628e-04
5.791326330600689835e+04 1.160803778060099489e+01 2.903296961271288352e-03 9.970218362836170689e-01 7.486675511168349275e-05
5.784721799662039848e+04 1.562018207915247281e+01 8.346326703750357734e-03 9.913119754086275881e-01 3.416978876221269138e-04
5.784722211534719827e+04 1.522204041754911863e+01 8.004677340933652810e-03 9.916643701812548617e-01 3.309524778115334204e-04
5.797409790790510306e+04 1.451820266253083958e+01 4.502800517711476498e-03 9.953820761312400789e-01 1.151233510483854448e-04
5.830718226863430027e+04 1.561876749629959527e+01 8.319114885292319336e-03 9.913413501992497379e-01 3.395349154579326641e-04
5.830718638787040254e+04 1.570221205261698216e+01 8.367742423431561577e-03 9.912923830251434421e-01 3.398745514249289852e-04
5.804720796659719781e+04 1.429939163014499570e+01 7.530290037592443295e-03 9.921378063316301787e-01 3.319036307773658699e-04
5.823737859165509872e+04 nan nan nan nan
5.798704772202549793e+04 2.092379431701898795e+01 1.069559562186693687e-02 9.889916864484840087e-01 3.127179296490084442e-04
5.791326125848379888e+04 1.183968428143959528e+01 2.987011586473582725e-03 9.969368125671518310e-01 7.617584637452861707e-05
5.822231867385419901e+04 1.710112371811556642e+01 8.969470892608829085e-03 9.907012925371040390e-01 3.292365702871361487e-04
5.833211709222220088e+04 1.383813533171584709e+01 6.960451380680031212e-03 9.927367573291657754e-01 3.027912901541693087e-04
5.815128922206020070e+04 nan nan nan nan
5.801823457716440316e+04 1.565367876498795141e+01 8.316236496335640410e-03 9.913459752485948018e-01 3.377882550695616081e-04
5.797409583733799809e+04 1.471702473161778357e+01 4.629216659967258160e-03 9.952523705286157041e-01 1.184128114171825535e-04
5.816632579141199676e+04 1.559851990429354984e+01 8.175455645872757929e-03 9.914957829190089722e-01 3.287614351183038063e-04
5.832012372127320123e+04 1.194236462358940898e+01 5.369956078840636658e-03 9.943880611029156658e-01 2.419828182437335265e-04
5.769015995009260223e+04 1.804966657656106221e+01 9.272227344280807929e-03 9.904119425741921834e-01 3.158300815269974638e-04
5.792512302671300131e+04 2.019475936122994497e+01 1.061379566655071272e-02 9.890556157915937341e-01 3.305885418556017154e-04
5.800030539009260247e+04 1.004099632150859911e+01 2.649579328264012323e-03 9.972670863404712316e-01 8.333433126480727755e-05
5.827636696190969815e+04 7.398342338723930212e+00 3.353591093987058538e-03 9.964004995311666057e-01 2.459093748462069101e-04
5.815129126613429980e+04 nan nan nan nan
5.790129829028929817e+04 1.876225171155269678e+01 9.815532252530609347e-03 9.898569148015632368e-01 3.275529459062285586e-04
5.816632786436339666e+04 1.588336523192990768e+01 8.345919561298256392e-03 9.913236446630860899e-01 3.304357756156688216e-04
5.797409376334489934e+04 1.436897385927875703e+01 4.449375777279652305e-03 9.954358695496717813e-01 1.147546730486562292e-04
5.788733406096060207e+04 1.376467971375802790e+01 4.587145619451730300e-03 9.952799385986498271e-01 1.329157818985488883e-04
5.801823664649309649e+04 1.553992617147606481e+01 8.116013567447621924e-03 9.915575404386348657e-01 3.264459939175774956e-04
5.807205383950230316e+04 1.737692047063274359e+01 8.880367647449481303e-03 9.908070676142043398e-01 3.125647383463045991e-04
5.812735512291669875e+04 nan nan nan nan
5.798705181398150307e+04 2.170231210263023058e+01 1.143313664213235249e-02 9.882347070569463821e-01 3.321563009212449629e-04
5.826330658587960352e+04 1.522907986091512278e+01 7.555520881172141795e-03 9.921498977952544207e-01 2.945813235734128324e-04
5.771409672578699974e+04 7.529287272339014514e+00 3.944610485953587570e-03 9.957268979418701926e-01 3.284915721762548179e-04
5.787234670826390357e+04 2.576259571539094750e+01 1.300135178829060073e-02 9.866938436240021426e-01 3.048045877072560073e-04
5.805913845634260360e+04 nan nan nan nan
5.808405916406249889e+04 1.240635674345168660e+01 5.117650461941695463e-03 9.946787032835441300e-01 2.036462545142128818e-04
5.770204560733799735e+04 1.496434548333453662e+01 5.323344160246268331e-03 9.945252030233081575e-01 1.514528164456091714e-04
5.793718886465280229e+04 1.873200175055734107e+01 8.197386267744971242e-03 9.915734182053778101e-01 2.291955268772132893e-04
5.791326535005790356e+04 1.135327812611880560e+01 2.759128818193640458e-03 9.971701865309039459e-01 7.068465090243321943e-05
5.818332672513889702e+04 1.114929685763171463e+01 4.108816528091671465e-03 9.957286427227456382e-01 1.625407491627349932e-04
5.805914052584490128e+04 nan nan nan nan
5.792512507353010005e+04 1.833628818882762701e+01 9.592514749384798908e-03 9.900799441408661972e-01 3.275411097491061655e-04
5.794916652253470238e+04 1.344417638600722142e+01 6.295622664273319360e-03 9.934419357253940763e-01 2.624416103326536421e-04
5.805913640646990098e+04 nan nan nan nan
5.825034235892359720e+04 1.609717511176107507e+01 8.493982584475484252e-03 9.911727850988448774e-01 3.332323166796986695e-04
5.834408286868059804e+04 1.335371439388127435e+01 7.080862835524847493e-03 9.925826318607773313e-01 3.365053036979247366e-04
5.800030743467590219e+04 1.011857309192167342e+01 2.640409481662840500e-03 9.972780961237215358e-01 8.149439461558939419e-05
5.796212870331019803e+04 5.782627862359036364e+00 3.054001809683386075e-03 9.966121786088553147e-01 3.338195814613821458e-04
5.778534083769680001e+04 1.486208152047841935e+01 7.739668379465000983e-03 9.919357610457588681e-01 3.245705747762311585e-04
5.823737654778939759e+04 nan nan nan nan
5.769015580527779821e+04 1.854365174114944992e+01 9.559134572026747531e-03 9.901228337773168020e-01 3.180316506565360603e-04
5.772706186339120177e+04 1.720012836714903770e+01 7.979951583866329301e-03 9.917624395218247457e-01 2.576088943088372619e-04
5.787038074950229930e+04 1.330215165953909562e+01 6.987510297740060633e-03 9.926822533724676267e-01 3.302363297923883588e-04
5.812735719687499659e+04 2.599532833874059978e+00 1.131158800706274234e-03 9.986422305787217013e-01 2.266106205719373168e-04
5.779934067106479779e+04 1.136782731387845757e+01 4.209921502262551143e-03 9.956259376100340397e-01 1.641408877033557665e-04
5.772705981797449931e+04 1.786329807597830666e+01 8.507671847863419734e-03 9.912208581244513761e-01 2.714700276852559987e-04
5.793718679256940231e+04 1.862556090292619615e+01 7.959497596596341179e-03 9.918219395718894660e-01 2.185628315141606936e-04
5.779933861689810146e+04 1.119607792168753413e+01 4.148369780945991743e-03 9.956873267185646359e-01 1.643035004893488873e-04
5.770204151489579817e+04 1.415621241303449729e+01 4.997350431934031306e-03 9.948535044008320893e-01 1.491451672338837465e-04
5.827636488775460020e+04 1.125514461417818346e+01 5.241377667160724424e-03 9.944990774529750555e-01 2.595448798641966453e-04
5.804721211013889842e+04 1.351753556167927783e+01 6.802754986782105946e-03 9.928941363604916193e-01 3.031086527263949192e-04
5.828924293930560088e+04 1.561290718659842724e+01 8.550062164608393522e-03 9.910910202761414878e-01 3.589175592501719892e-04
5.790129621952550224e+04 1.873141696615977736e+01 9.826191497409719061e-03 9.898444621172552971e-01 3.293463853350162289e-04
5.807204974729169771e+04 1.761573153025700833e+01 9.104779084718772272e-03 9.905755072667555838e-01 3.197136485257136610e-04
5.822231458113429835e+04 1.639458057179198391e+01 8.543809688231436550e-03 9.911311582310194934e-01 3.250320807491318830e-04
5.793719091001160268e+04 1.819446510778231385e+01 7.777213271180232618e-03 9.920041147428018125e-01 2.186719860178278866e-04
5.779933654268520331e+04 1.095591277899791471e+01 4.039676024357116008e-03 9.957976119475467902e-01 1.627120280960044150e-04
5.823737447606479691e+04 nan nan nan nan
