5.792512569400000211e+04 6.069179808277715438e+02 3.989037688012150307e-01 1.120787855950595990e-02 5.898883526392790788e-01
5.807205243000000337e+04 5.231761057236550414e+02 3.533704450324375301e-01 2.367237477802189988e-02 6.229571801895407157e-01
5.804721065600000293e+04 5.380693081554882156e+02 3.633402320194844548e-01 1.400963032404108771e-02 6.226501376564742563e-01
5.791326392399999895e+04 6.677639841901886939e+02 4.256048343538689216e-01 1.969196469188802187e-02 5.547032009542430808e-01
5.790129685400000017e+04 4.970337988191699310e+02 3.360711112256148381e-01 3.964220669359488219e-02 6.242866820807903006e-01
5.788733673399999680e+04 6.387461040807731933e+02 4.167320178536089159e-01 2.034317963218009589e-03 5.812336641831730155e-01
5.787234939199999644e+04 7.298654628107542521e+02 4.523667626073087367e-01 2.308032849188798238e-02 5.245529089008033052e-01
5.784722068199999921e+04 4.966962530795030943e+02 3.438036903448845605e-01 1.962700126668825984e-03 6.542336095284466690e-01
5.783534709399999701e+04 4.867405532877212977e+02 3.372488165823240847e-01 7.210942223332106847e-03 6.555402411943437313e-01
5.779933922799999709e+04 4.834691998156822024e+02 3.254089473574599545e-01 5.598394311707932669e-02 6.186071095254607188e-01
5.778533938399999897e+04 5.346061178925722288e+02 3.640961062262327297e-01 2.533482626137795787e-03 6.333704111476294862e-01
5.772706043800000043e+04 5.496746534949735405e+02 3.655583782592962683e-01 3.049909445987711992e-02 6.039425272808266465e-01
5.771409532000000036e+04 nan nan nan nan
5.801823519200000010e+04 5.931778523465673061e+02 3.907055730897550649e-01 1.688370741245039108e-02 5.924107194977945579e-01
5.770204419400000188e+04 4.905781617752688817e+02 3.404384689067472824e-01 1.972765737533494802e-03 6.575887653557191959e-01
5.769015849799999705e+04 5.741850577185762177e+02 3.697538006453642279e-01 6.398725988954223620e-02 5.662589394650934249e-01
5.800030600199999753e+04 6.170338486573518821e+02 4.021820552133310023e-01 1.769378654960567301e-02 5.801241582370632033e-01
5.798705039799999940e+04 6.324977184997885615e+02 4.056771650269145879e-01 3.258102497962094002e-02 5.617418099934643472e-01
5.797409644200000184e+04 6.592349001614587678e+02 4.216226988370816442e-01 1.982848407207235195e-02 5.585488170908459171e-01
5.796212933399999747e+04 3.025819655276312119e+02 2.227324543708960325e-01 3.736507612139145645e-02 7.399024695077125457e-01
5.794916496500000358e+04 3.378332886310262779e+02 2.418850215136007509e-01 5.810114762749632455e-02 7.000138308589028968e-01
5.793718947599999956e+04 6.923216333446338240e+02 4.414584832762545874e-01 3.331261333781125426e-03 5.552102553899643800e-01
5.792512569400000211e+04 6.069179808277715438e+02 3.989037688012150307e-01 1.120787855950595990e-02 5.898883526392790788e-01
