5.769015580527779821e+04 7.027301932688224895e+01 6.271350574720289950e-02 9.353412570471928422e-01 1.945237205604210574e-03
5.769015787849540357e+04 6.949200933333136732e+01 6.236163047240205620e-02 9.356714217872116324e-01 1.966947740386359132e-03
5.769015995009260223e+04 7.445337630377581206e+01 7.058302908453575886e-02 9.272218450468194817e-01 2.195125868644776362e-03
5.770204151489579817e+04 1.823852787908608377e+02 4.340409413820647266e-01 5.521262786856856453e-01 1.383277993224969055e-02
5.770204356266200193e+04 1.219877482176049881e+02 1.999583275804668325e-01 7.934790986390469758e-01 6.562573780486160441e-03
5.770204560733799735e+04 1.279938685686961009e+02 2.122279906517030024e-01 7.810568761715274144e-01 6.715133176769615304e-03
5.771409263277779974e+04 1.319602665921942162e+02 4.856317673287040559e-01 4.812889986339233817e-01 3.307923403737257628e-02
5.771409468028940319e+04 1.393436960273748753e+02 7.471474277503056260e-01 1.826318007563586809e-01 7.022077149333577628e-02
5.771409672578699974e+04 9.377362932057478417e+01 2.580094500142469105e-01 7.235005286062222707e-01 1.849002137953096106e-02
5.772705777135420067e+04 1.763851913237919575e+02 3.946863004851629553e-01 5.930842333254450205e-01 1.222946618939201209e-02
5.772705981797449931e+04 1.862181709408783661e+02 4.365100750128483309e-01 5.500693208045213112e-01 1.342060418263042385e-02
5.772706186339120177e+04 2.100415244167736546e+02 5.634556133474448725e-01 4.189677112086518940e-01 1.757667544390316763e-02
5.778533669387730333e+04 1.440939540855651728e+02 3.180384096264544658e-01 6.700630068063645473e-01 1.189858356718098177e-02
5.778533876707180025e+04 1.319420028793517758e+02 2.641543682338910459e-01 7.260557581338097366e-01 9.789873632299330233e-03
5.778534083769680001e+04 2.436023578067573681e+02 9.082413272312334085e-01 5.780653057985611631e-02 3.395214218891044050e-02
5.779933654268520331e+04 1.074660031995047547e+02 1.990624736593114841e-01 7.925571362299623779e-01 8.380390110726082531e-03
5.791326535005790356e+04 7.826765852520338740e+01 6.922389151924354667e-02 9.288654856009312955e-01 1.910622879825179350e-03
5.792512302671300131e+04 2.136159166824942872e+02 5.930731501471557809e-01 3.881000309762497880e-01 1.882681887659433048e-02
5.792512507353010005e+04 2.040613182404136410e+02 5.830627180587816261e-01 3.969967469057125165e-01 1.994053503550585055e-02
5.792512714874999801e+04 1.864900269262913071e+02 4.145098171701901424e-01 5.734235511888982062e-01 1.206663164091155427e-02
5.793718679256940231e+04 1.700565346386279373e+02 3.338910067568427453e-01 6.566933405552340952e-01 9.415652687923107417e-03
5.793718886465280229e+04 1.970229188766072070e+02 4.435782625414707026e-01 5.440413382065729664e-01 1.238039925195620096e-02
5.793719091001160268e+04 1.942548149227800707e+02 4.374538750608598092e-01 5.501596254719477441e-01 1.238649946719254553e-02
5.794916242523150140e+04 1.573023238321646886e+02 3.900968869525473504e-01 5.948819925802466546e-01 1.502112046720605748e-02
5.794916447268520278e+04 9.158574275679630716e+01 1.789854330461482790e-01 8.116861646641529981e-01 9.328402289698738484e-03
5.794916652253470238e+04 1.504710903530702808e+02 3.724571795181951250e-01 6.125779073088337690e-01 1.496491317297098632e-02
5.796212665806709992e+04 6.981357987721065683e+01 8.797792933029707774e-02 9.081432893726478772e-01 3.878781297055063689e-03
5.796212870331019803e+04 2.726685986699078512e+01 3.188904683950139624e-02 9.647702302035803257e-01 3.340722956918353113e-03
5.796213077392359992e+04 5.691075702379047385e+01 6.716067432479054522e-02 9.294378371689794305e-01 3.401488506230004785e-03
5.797409376334489934e+04 1.296920859836296529e+02 1.888988497948081435e-01 8.059196047434923349e-01 5.181545461699467794e-03
5.797409583733799809e+04 1.289086155839164007e+02 1.897182086024356285e-01 8.049914733901141206e-01 5.290318007450206701e-03
5.798704772202549793e+04 1.408264709571120932e+02 2.452986900755724231e-01 7.472907759510108994e-01 7.410533973416726095e-03
5.798704976877309673e+04 1.737423610146665283e+02 3.723273240473221057e-01 6.164559523784710615e-01 1.121672357420686397e-02
5.798705181398150307e+04 1.274195709895894595e+02 1.999346479750763461e-01 7.940517942931095696e-01 6.013557731814063445e-03
5.800030331545139779e+04 7.204797524400088093e+01 6.642642269660291310e-02 9.314973934666967992e-01 2.076183836700243920e-03
5.800030539009260247e+04 7.268033243583516878e+01 6.736286358071010005e-02 9.305389942709780815e-01 2.098142148311690509e-03
5.800030743467590219e+04 7.281493426155613236e+01 6.870263621361070994e-02 9.291229934371747490e-01 2.174370349214521138e-03
5.801823252953700285e+04 1.006828493966892921e+02 1.395493847450560709e-01 8.557584587070695692e-01 4.692156547874352067e-03
5.801823457716440316e+04 9.311638798074963574e+01 1.209550016249070492e-01 8.749238043844120849e-01 4.121193990680884975e-03
5.801823664649309649e+04 1.132539921762863742e+02 1.723858407894238998e-01 8.219553665656611496e-01 5.658792644914932383e-03
5.804720796659719781e+04 1.589272275163134793e+02 3.598318426832286532e-01 6.276474112337623312e-01 1.252074608300901386e-02
5.804721003952549654e+04 1.397090673722367171e+02 2.773487498109458160e-01 7.130255822602082905e-01 9.625667928845895241e-03
5.804721211013889842e+04 1.747831132323592840e+02 4.260000500783238109e-01 5.594905986247324936e-01 1.450935129694380307e-02
5.805913640646990098e+04 nan nan nan nan
5.805913845634260360e+04 nan nan nan nan
5.805914052584490128e+04 nan nan nan nan
5.807204974729169771e+04 9.601090329088380315e+01 1.292583600022133017e-01 8.663146982378920891e-01 4.426941759894848644e-03
5.807205179364579817e+04 9.310042447808599775e+01 1.199204445406125974e-01 8.760271697577139971e-01 4.052385701673486169e-03
5.807205383950230316e+04 9.038678628031240692e+01 1.137187826109627292e-01 8.824150366745099339e-01 3.866180714527471356e-03
5.808405507223380118e+04 1.756503610230915342e+02 4.202119446827248805e-01 5.658093699479098682e-01 1.397868536936527732e-02
5.808405711846060149e+04 2.381126710226806722e+02 7.452474580886743194e-01 2.308268982455038976e-01 2.392564366582172405e-02
5.808405916406249889e+04 2.508092636261992823e+02 8.322584129189033453e-01 1.408474955464548983e-01 2.689409153464177027e-02
5.779934067106479779e+04 1.158108816653436293e+02 2.349543561615347331e-01 7.549926387100324154e-01 1.005300512843288439e-02
5.784721799662039848e+04 1.615399936438288364e+02 4.279400049303921372e-01 5.549191081918480872e-01 1.714088687775980335e-02
5.784722006856479857e+04 1.612353098430675402e+02 4.352288660985454416e-01 5.469743016254877688e-01 1.779683227596678616e-02
5.784722211534719827e+04 1.585232663177029053e+02 4.191759935525229408e-01 5.637461083705538334e-01 1.707789807692321193e-02
5.787038074950229930e+04 6.806841637209485896e+01 9.377386175795474066e-02 9.015906023709259198e-01 4.635535871119571098e-03
5.787234670826390357e+04 1.135045744246073554e+02 1.261432576142610396e-01 8.708400641340900972e-01 3.016678251648967791e-03
5.787234878104169911e+04 1.142378064460795315e+02 1.268252135002524983e-01 8.701644216766717399e-01 3.010364823075858086e-03
5.787235082739579957e+04 1.084043731482555586e+02 1.153883583440236116e-01 8.818443303255283361e-01 2.767311330448180701e-03
5.788733406096060207e+04 6.110309233509647697e+01 4.211594141280090853e-02 9.567236944891271966e-01 1.160364098071913321e-03
5.788733610844909708e+04 5.508149264223672503e+01 3.486031360677278867e-02 9.641613711614360760e-01 9.783152317911008537e-04
5.788733815651619807e+04 5.320969045470938141e+01 3.271436380395435772e-02 9.663623780884363912e-01 9.232581076091825670e-04
5.790129417131940136e+04 1.910632272504740570e+02 5.034397565980428535e-01 4.796024852854172682e-01 1.695775811653984708e-02
5.790129621952550224e+04 1.861928556999417879e+02 5.024328978495792297e-01 4.797819433527034105e-01 1.778515879771737015e-02
5.790129829028929817e+04 1.969209999160661368e+02 5.579575193553830692e-01 4.224339143052471268e-01 1.960856633936982826e-02
5.791326125848379888e+04 7.321031392602523624e+01 6.070716572942396611e-02 9.376133999923232931e-01 1.679434278252611322e-03
5.779933861689810146e+04 1.424248913886739842e+02 3.447299799716189161e-01 6.409608662373205146e-01 1.430915379106050683e-02
5.791326330600689835e+04 7.685998877794681050e+01 6.598913106798386108e-02 9.322104572469122052e-01 1.800411685103959266e-03
5.797409790790510306e+04 1.395842921430345598e+02 2.201656212114472266e-01 7.737578781211467138e-01 6.076500667406093369e-03
