5.788733673399999680e+04 6.262229525385829447e+02 4.005514455498958570e-01 4.078261466955109688e-02 5.586659397805531224e-01
5.808405775200000062e+04 5.271598878334218625e+02 3.402239356085270394e-01 9.100359742651217831e-02 5.687724669649607545e-01
5.801823519200000010e+04 5.683809630900345837e+02 3.587226495973884210e-01 9.736101650551395870e-02 5.439163338970977035e-01
5.792512569400000211e+04 5.810973802068876921e+02 3.656840059847116797e-01 9.355214882747911465e-02 5.407638451878091779e-01
5.787234939199999644e+04 7.072271471497724633e+02 4.247397498290311213e-01 8.274291752152083956e-02 4.925173326494480253e-01
5.797409644200000184e+04 6.398709435187201962e+02 3.972175062164609027e-01 7.656469565044934922e-02 5.262177981330898868e-01
5.804721065600000293e+04 5.341753986545691077e+02 3.581004066485963255e-01 2.822885764649875340e-02 6.136707357049050460e-01
5.800030600199999753e+04 5.916633097410734763e+02 3.697890004584646895e-01 9.681193353273177815e-02 5.333990660088034907e-01
5.796212933399999747e+04 3.043890759207312726e+02 2.254008491266470127e-01 2.583245062307491444e-02 7.487667002502781388e-01
5.815128983600000356e+04 1.185820537907163157e+02 9.382638137754831242e-02 5.129284633711990449e-02 8.548807722853318802e-01
5.823638000399999873e+04 4.708263105103642374e+02 3.198485213164642960e-01 4.997701937540370565e-02 6.301744593081319845e-01
5.790129685400000017e+04 4.938074259255149627e+02 3.317222258072161090e-01 5.206959442271164029e-02 6.162081797700722507e-01
5.798705039799999940e+04 6.119587956154051653e+02 3.797580585573228640e-01 9.439035904108564190e-02 5.258515824015914664e-01
5.825034299199999805e+04 5.582163076807428297e+02 3.671280580145526717e-01 4.223084071249356281e-02 5.906411012729537724e-01
5.794916496500000358e+04 3.381292860310603032e+02 2.423090691453419765e-01 5.644990864134911274e-02 7.012410222133089732e-01
5.812735574600000109e+04 1.263726327973869132e+02 1.000486291441021469e-01 4.407749909045809850e-02 8.558738717654398309e-01
5.816632847000000038e+04 4.884542414444622409e+02 3.263678512049942859e-01 6.401029862790121039e-02 6.096218501671044621e-01
5.771409532000000036e+04 nan nan nan nan
5.769015849799999705e+04 5.533486576731006608e+02 3.434049850639504520e-01 1.306879321422088347e-01 5.259070827938405746e-01
5.779933922799999709e+04 4.790445297161729172e+02 3.194799713227018945e-01 7.318398823918621787e-02 6.073360404381117350e-01
5.807205243000000337e+04 5.230132244028379773e+02 3.531504484214849637e-01 2.428020367754522152e-02 6.225693479009697384e-01
5.822231726000000344e+04 5.102899960434455693e+02 3.335285095971269320e-01 8.312664103493162815e-02 5.833448493679413982e-01
5.818332529400000203e+04 4.895526213582748483e+02 3.286990200597477707e-01 5.571090581760653609e-02 6.155900741226457695e-01
5.772706043800000043e+04 5.520132971131246222e+02 3.686756019221531511e-01 2.223187547750380896e-02 6.090925226003430781e-01
5.778533938399999897e+04 5.334249326054273297e+02 3.624889796110792317e-01 6.936317373290910339e-03 6.305747030156297894e-01
5.793718947599999956e+04 6.771702805808619132e+02 4.223474158777509313e-01 4.647779528930223031e-02 5.311747888329468870e-01
5.791326392399999895e+04 6.430057092495875395e+02 3.946301177310859165e-01 9.103693341811058826e-02 5.143329488508034952e-01
5.784722068199999921e+04 4.963716159741561569e+02 3.433544219643275275e-01 3.266893810569558403e-03 6.533786842251029237e-01
5.770204419400000188e+04 4.855748290684194330e+02 3.335297189013867181e-01 2.222641298898311857e-02 6.442438681096301911e-01
5.783534709399999701e+04 4.872999024258174927e+02 3.380243764715252786e-01 4.927858239666064143e-03 6.570477652888085940e-01
