5.769015580527779821e+04 2.992653733560798628e+02 9.413927213621964274e-01 3.443840727339365915e-02 2.416887136441001754e-02
5.769015787849540357e+04 2.750107265291363774e+02 7.934397560108240599e-01 1.862293589339198141e-01 2.033088505525615722e-02
5.769015995009260223e+04 2.690666576268947665e+02 7.547804614171491622e-01 2.259997251450608091e-01 1.921981343779003218e-02
5.770204151489579817e+04 2.682382095734539007e+02 7.226403332157470549e-01 2.596328502995965959e-01 1.772681648465640469e-02
5.770204356266200193e+04 2.739509493927316726e+02 7.807505412332030881e-01 1.994110604761613059e-01 1.983839829063567539e-02
5.770204560733799735e+04 2.681438887515155898e+02 6.983907650198748485e-01 2.850405208050170724e-01 1.656871417510815195e-02
5.771409263277779974e+04 1.396224787715250102e+02 4.445845455324051176e-01 5.306511763450396657e-01 2.476427812255520972e-02
5.771409468028940319e+04 1.576181607276315333e+02 8.094175288978050498e-01 1.261714273221785088e-01 6.441104378001649700e-02
5.771409672578699974e+04 1.599434021101735084e+02 6.128203624949252193e-01 3.513236776695895514e-01 3.585595983548526405e-02
5.772705777135420067e+04 2.970396887175837151e+02 8.293930715170976242e-01 1.515646250607306511e-01 1.904230342217170732e-02
5.772705981797449931e+04 3.182013502020287774e+02 9.591754887231166427e-01 1.863132058273758718e-02 2.219319069414571119e-02
5.772706186339120177e+04 3.164776836859574018e+02 9.567699646480337661e-01 2.090683171689186950e-02 2.232320363507440258e-02
5.778533669387730333e+04 2.347223785315778173e+02 6.722897443489028735e-01 3.076733056412935818e-01 2.003695000980357244e-02
5.778533876707180025e+04 2.534025762209984407e+02 7.757938197984105555e-01 2.013134169778691418e-01 2.289276322372030964e-02
5.778534083769680001e+04 2.753260497298168730e+02 9.268542469979025311e-01 4.546640103647861531e-02 2.767935196561886746e-02
5.779933654268520331e+04 2.649793245655377518e+02 8.769439401080720842e-01 9.630461017997271611e-02 2.675144971195518584e-02
5.791326535005790356e+04 1.051219558181087308e+02 9.388663210778766532e-02 9.041651017068521590e-01 1.948266185360130820e-03
5.792512302671300131e+04 3.015973019019083949e+02 9.153984882645915810e-01 6.210096273671716210e-02 2.250054899869124991e-02
5.792512507353010005e+04 2.696114320036432446e+02 7.923445649815036296e-01 1.865604511646014319e-01 2.109498385389489000e-02
5.792512714874999801e+04 3.121033720319080089e+02 9.061813547035221239e-01 7.322842660899842038e-02 2.059021868747950776e-02
5.793718679256940231e+04 3.313597249215230818e+02 9.259611321431880926e-01 5.496610058620371442e-02 1.907276727060816524e-02
5.793718886465280229e+04 3.219574545705428363e+02 8.909546364383954531e-01 9.034104669924199194e-02 1.870431686236254804e-02
5.793719091001160268e+04 3.250539240379762873e+02 9.147882337521404672e-01 6.586724657786584280e-02 1.934451966999375591e-02
5.794916242523150140e+04 2.660288325324804646e+02 8.505713664012829467e-01 1.244601747396228419e-01 2.496845885909426688e-02
5.794916447268520278e+04 2.328069555865160112e+02 9.209057409672741779e-01 4.087642284818640559e-02 3.821783618453948594e-02
5.794916652253470238e+04 2.629858543326027984e+02 8.755599777221975133e-01 9.736712957105708721e-02 2.707289270674527112e-02
5.796212665806709992e+04 2.529453866550969394e+02 9.510306768478850037e-01 1.444197984421531980e-02 3.452734330789960365e-02
5.796212870331019803e+04 1.246629594358215911e+02 5.407092175872297846e-01 4.133413323397308603e-01 4.594945007303937595e-02
5.796213077392359992e+04 2.363666560487985748e+02 9.430792917382913032e-01 1.803843644144352554e-02 3.888227182026523371e-02
5.797409376334489934e+04 2.896860029791914712e+02 7.453505978585767133e-01 2.384800052128274450e-01 1.616939692859587982e-02
5.797409583733799809e+04 2.949527969718744771e+02 7.807546864003501730e-01 2.021313029166953990e-01 1.711401068295453562e-02
5.798704772202549793e+04 3.247206891388327108e+02 9.524549550552623423e-01 2.653163137480115535e-02 2.101341356993654749e-02
5.798704976877309673e+04 3.212433324245662902e+02 9.283119086779698659e-01 5.129198648167380969e-02 2.039610484035628973e-02
5.798705181398150307e+04 3.035115219373897730e+02 8.353948792081876684e-01 1.461013223250073600e-01 1.850379846680496113e-02
5.800030331545139779e+04 3.006428063760121745e+02 8.905516754665949719e-01 8.801723485311015172e-02 2.143108968029484515e-02
5.800030539009260247e+04 2.763535386228512607e+02 7.611970269197475547e-01 2.202722765529714355e-01 1.853069652728104796e-02
5.800030743467590219e+04 2.759405863482662653e+02 7.569223287078088447e-01 2.246996349896678846e-01 1.837803630252322559e-02
5.801823252953700285e+04 2.691604006836810754e+02 7.907075418411051437e-01 1.882140860531774929e-01 2.107837210571731831e-02
5.801823457716440316e+04 2.923112602490731433e+02 9.564968568790093162e-01 1.735121940063327761e-02 2.615192372035741314e-02
5.801823664649309649e+04 2.789120624801157646e+02 8.736400164651263456e-01 1.023960514904340008e-01 2.396393204443969180e-02
5.804720796659719781e+04 2.394822535613419063e+02 7.055580254969799903e-01 2.732414582355482957e-01 2.120051626747158913e-02
5.804721003952549654e+04 2.650416716819811427e+02 8.629091615391041303e-01 1.112009921292297504e-01 2.588984633166604293e-02
5.804721211013889842e+04 2.570909224448136570e+02 8.131630969893581806e-01 1.624020644271430835e-01 2.443483858349876359e-02
5.805913640646990098e+04 nan nan nan nan
5.805913845634260360e+04 nan nan nan nan
5.805914052584490128e+04 nan nan nan nan
5.807204974729169771e+04 2.940623572606614857e+02 9.121594468952454182e-01 6.433933954435884506e-02 2.350121356039570203e-02
5.807205179364579817e+04 3.024646958736394708e+02 9.681290324860741814e-01 6.847658205207134662e-03 2.502330930871863798e-02
5.807205383950230316e+04 3.000742074851929146e+02 9.471899778568833028e-01 2.847428589742357144e-02 2.433573624569305982e-02
5.808405507223380118e+04 2.510625725287248997e+02 7.121612358562239287e-01 2.681861490158742867e-01 1.965261512790179854e-02
5.808405711846060149e+04 2.741988255515020114e+02 8.494504578211476975e-01 1.271087348116353155e-01 2.344080736721697658e-02
5.808405916406249889e+04 2.541675714609950489e+02 7.383301280440432990e-01 2.410593714051360026e-01 2.061050055082077129e-02
5.779934067106479779e+04 2.587810083571270638e+02 8.289893741028377949e-01 1.459460267681258194e-01 2.506459912903631626e-02
5.784721799662039848e+04 2.066639305180327426e+02 5.569111740890307916e-01 4.253522357538969678e-01 1.773659015707224063e-02
5.784722006856479857e+04 2.284657766951190752e+02 6.765819288387144859e-01 3.019977431265819523e-01 2.142032803470353061e-02
5.784722211534719827e+04 2.153163891104009622e+02 5.912815853956248091e-01 3.902995791359875621e-01 1.841883546838763222e-02
5.787038074950229930e+04 2.655944821320704250e+02 7.869861018586626900e-01 1.915690158675444899e-01 2.144488227379280978e-02
5.787234670826390357e+04 3.470368875374371669e+02 9.566303980605348478e-01 2.481016861900129516e-02 1.855943332046388478e-02
5.787234878104169911e+04 3.466011175889263995e+02 9.483500286472463792e-01 3.336454702872709843e-02 1.828542432402648077e-02
5.787235082739579957e+04 3.246669620133224612e+02 8.179347073326428408e-01 1.665632575479458477e-01 1.550203511941127855e-02
5.788733406096060207e+04 3.083874603344320349e+02 8.595948698039069802e-01 1.214283797731875447e-01 1.897675042290544387e-02
5.788733610844909708e+04 3.243696732931564384e+02 9.648353876034297949e-01 1.355467056204967373e-02 2.160994183452052617e-02
5.788733815651619807e+04 2.795597939512594508e+02 7.080670398217606687e-01 2.762644764506307915e-01 1.566848372760855368e-02
5.790129417131940136e+04 2.796456688956243966e+02 8.038546782819553371e-01 1.759632135559892896e-01 2.018210816205541491e-02
5.790129621952550224e+04 2.840469012751763103e+02 8.887393007413785240e-01 8.734977872006824406e-02 2.391092053855329094e-02
5.790129829028929817e+04 2.934844489625166375e+02 9.493713608511212820e-01 2.507047224039055111e-02 2.555816690848819114e-02
5.791326125848379888e+04 1.759712603533871516e+02 2.634266732654835241e-01 7.310998453860894086e-01 5.473481348427113209e-03
5.779933861689810146e+04 2.454370280710586201e+02 7.531949528423185214e-01 2.238032233640430690e-01 2.300182379363848242e-02
5.791326330600689835e+04 1.358698178993890338e+02 1.552889230824689437e-01 8.415205485772346838e-01 3.190528340296543315e-03
5.797409790790510306e+04 3.206050528219647617e+02 9.152067289608376566e-01 6.488996042209362047e-02 1.990331061706872989e-02
