5.769015580527779821e+04 2.758130593548781349e+02 9.660809149918362371e-01 3.953346096333088151e-03 2.996573891183073809e-02
5.769015787849540357e+04 2.420334369201486595e+02 7.564817560675519692e-01 2.196580582787219238e-01 2.386018565372610700e-02
5.769015995009260223e+04 2.329572356757612965e+02 6.910093231659156787e-01 2.875003489120633304e-01 2.149032792202100819e-02
5.770204151489579817e+04 2.396952328304990374e+02 7.496696471184011168e-01 2.264385623572854056e-01 2.389179052431350189e-02
5.770204356266200193e+04 2.186544347302409506e+02 6.424267947889830133e-01 3.364889458536898803e-01 2.108425935732714113e-02
5.770204560733799735e+04 2.540102529228591379e+02 8.358470707028244906e-01 1.377057845169486205e-01 2.644714478022692009e-02
5.771409263277779974e+04 1.753610890644533811e+02 8.576047692716253223e-01 8.397872920840460109e-02 5.841650151997009044e-02
5.771409468028940319e+04 1.440098329433702986e+02 7.980239899513125179e-01 1.269735966517709924e-01 7.500241339691646192e-02
5.771409672578699974e+04 1.711183891487617359e+02 8.591471027533857940e-01 7.928287220607775632e-02 6.157002504053632475e-02
5.772705777135420067e+04 2.522422650655476275e+02 8.071672388989790115e-01 1.678224568539115891e-01 2.501030424710940642e-02
5.772705981797449931e+04 2.532270217953376630e+02 8.071797411711800763e-01 1.680033292077163509e-01 2.481692962110353812e-02
5.772706186339120177e+04 2.426636452715032988e+02 7.520709629513349093e-01 2.244686137013017502e-01 2.346042334736335791e-02
5.778533669387730333e+04 2.499526225328848454e+02 9.569812981075652703e-01 7.215724632121320314e-03 3.580297726031344413e-02
5.778533876707180025e+04 1.949907935797882885e+02 5.769256734375119988e-01 4.016927780537709602e-01 2.138154850871699583e-02
5.778534083769680001e+04 2.041342139326174561e+02 6.377785166452594190e-01 3.383798608333517532e-01 2.384162252138880347e-02
5.779933654268520331e+04 2.226623097551772901e+02 8.545561850673353277e-01 1.094676006781649530e-01 3.597621425449976096e-02
5.791326535005790356e+04 2.710013119627569154e+02 8.299159547233478929e-01 1.471778437236002102e-01 2.290620155305180677e-02
5.792512302671300131e+04 2.451951415675304986e+02 7.813844526511327659e-01 1.938108777066830379e-01 2.480466964218414408e-02
5.792512507353010005e+04 2.443999175785509692e+02 8.363653024080921483e-01 1.350313053690688214e-01 2.860339222283914476e-02
5.792512714874999801e+04 2.605108562154044876e+02 8.088635217742241590e-01 1.675899715793177647e-01 2.354650664645807981e-02
5.793718679256940231e+04 2.744835135166899818e+02 8.698624832396760764e-01 1.056075867451565647e-01 2.452993001516736229e-02
5.793718886465280229e+04 2.657682761775661788e+02 8.071291582417765564e-01 1.703436305065352818e-01 2.252721125168821725e-02
5.793719091001160268e+04 2.873331441104746773e+02 9.571062088466675277e-01 1.579334417643326119e-02 2.710044697689921456e-02
5.794916242523150140e+04 2.374008882729966388e+02 8.885193428835492790e-01 7.726721801120579880e-02 3.421343910524483889e-02
5.794916447268520278e+04 1.942843059399474157e+02 8.054477700848178268e-01 1.525737253250644132e-01 4.197850459011780166e-02
5.794916652253470238e+04 2.166256442990265327e+02 7.719513820023758965e-01 1.970324742885291580e-01 3.101614370909493851e-02
5.796212665806709992e+04 2.186386730560882938e+02 8.628749983208715557e-01 9.908246725418105860e-02 3.804253442494739262e-02
5.796212870331019803e+04 1.363280520783691827e+02 7.971531099550555055e-01 1.193364700562562775e-01 8.351041998868827254e-02
5.796213077392359992e+04 1.872237807628654593e+02 7.268559416524797978e-01 2.363309656251430246e-01 3.681309272237726776e-02
5.797409376334489934e+04 2.936159887039790419e+02 9.681926128652990071e-01 5.249607430417009210e-03 2.655777970428395765e-02
5.797409583733799809e+04 2.907634321382565190e+02 9.652164162994562036e-01 7.868392871728366669e-03 2.691519082881543151e-02
5.798704772202549793e+04 2.699731567088678048e+02 9.015043068483783451e-01 7.126102552651841782e-02 2.723466762510315387e-02
5.798704976877309673e+04 2.334494710288702777e+02 6.722011631175133228e-01 3.075481215952273750e-01 2.025071528725938541e-02
5.798705181398150307e+04 2.741811011585614324e+02 9.257438123476626757e-01 4.641201998652939864e-02 2.784416766580794303e-02
5.800030331545139779e+04 2.592005629215614704e+02 8.597440615261082719e-01 1.133843013786306614e-01 2.687163709526105976e-02
5.800030539009260247e+04 2.610035040912247268e+02 8.687191725308678336e-01 1.042229469983943363e-01 2.705788047073778152e-02
5.800030743467590219e+04 2.566114037074578960e+02 8.532658866659971197e-01 1.197290936402282957e-01 2.700501969377449435e-02
5.801823252953700285e+04 2.388792509087033125e+02 7.855499173912884325e-01 1.880370447060111250e-01 2.641303790270042168e-02
5.801823457716440316e+04 2.389896475584568236e+02 7.967641166887503568e-01 1.760884363634115379e-01 2.714744694783815041e-02
5.801823664649309649e+04 2.493420508671847244e+02 8.355753249474970890e-01 1.369958126735957016e-01 2.742886237890711926e-02
5.804720796659719781e+04 2.425039050131727834e+02 8.378001836442727779e-01 1.330476343545838325e-01 2.915218200114334107e-02
5.804721003952549654e+04 2.530319310790664247e+02 9.097617750889928079e-01 5.866402546957021069e-02 3.157419944143705082e-02
5.804721211013889842e+04 2.514169801334909096e+02 8.814545419225757739e-01 8.852355174504251967e-02 3.002190633238165443e-02
5.805913640646990098e+04 nan nan nan nan
5.805913845634260360e+04 nan nan nan nan
5.805914052584490128e+04 nan nan nan nan
5.807204974729169771e+04 2.488972454062291604e+02 8.686757752942170230e-01 1.015731349859911592e-01 2.975108971979186293e-02
5.807205179364579817e+04 2.447707642039414395e+02 8.289130845671666137e-01 1.430760491898178943e-01 2.801086624301544689e-02
5.807205383950230316e+04 2.326485746651885904e+02 7.533956418421097201e-01 2.209906149043793788e-01 2.561374325351082129e-02
5.808405507223380118e+04 2.570953799269333331e+02 9.002411162528340949e-01 6.981164526453292885e-02 2.994723848263302832e-02
5.808405711846060149e+04 2.335474057724289594e+02 7.169445785336361343e-01 2.600384217732263359e-01 2.301699969313749511e-02
5.808405916406249889e+04 2.486543957990064939e+02 8.180188853883182398e-01 1.555471676077206378e-01 2.643394700396110159e-02
5.779934067106479779e+04 2.098903414601973623e+02 7.717376243280004156e-01 1.952419949396667354e-01 3.302038073233279358e-02
5.784721799662039848e+04 1.134906308104860528e+02 2.112237673294412588e-01 7.803157880755806630e-01 8.460444594978034846e-03
5.784722006856479857e+04 2.246519588170448571e+02 8.449242952547265650e-01 1.205261214344709314e-01 3.454958331080251743e-02
5.784722211534719827e+04 1.853813366921999091e+02 5.732477998151592757e-01 4.033971711549229067e-01 2.335502902991770657e-02
5.787038074950229930e+04 1.600273717655351788e+02 5.182974271527093224e-01 4.560815066947967455e-01 2.562106615249380021e-02
5.787234670826390357e+04 3.072498475665354363e+02 9.243164137231869582e-01 5.357883588700171340e-02 2.210475038981132845e-02
5.787234878104169911e+04 3.061529647271634644e+02 9.108834895653902253e-01 6.749548146703163165e-02 2.162102896757809797e-02
5.787235082739579957e+04 3.040830828234011278e+02 9.079311338655581265e-01 7.029432882347787237e-02 2.177453731096396991e-02
5.788733406096060207e+04 2.534334722751805771e+02 7.245161672953890353e-01 2.555222096041783741e-01 1.996162310043262181e-02
5.788733610844909708e+04 2.634969531116894927e+02 7.977578455607065022e-01 1.798539837419058929e-01 2.238817069738757368e-02
5.788733815651619807e+04 2.696768942012915318e+02 8.403195932998547280e-01 1.359650784074654395e-01 2.371532829267989154e-02
5.790129417131940136e+04 2.542360624186947575e+02 8.913896716500500084e-01 7.858494747504954359e-02 3.002538087490046886e-02
5.790129621952550224e+04 2.345455334788200901e+02 7.972717504895563412e-01 1.745063620741714172e-01 2.822188743627217569e-02
5.790129829028929817e+04 2.307601872615896639e+02 7.661941565935380671e-01 2.068791179350328302e-01 2.692672547142895001e-02
5.791326125848379888e+04 2.926371139776402970e+02 9.699609029565705587e-01 3.205599392581721854e-03 2.683349765084768607e-02
5.779933861689810146e+04 1.583107374655357376e+02 4.259199710156461038e-01 5.564008170734876524e-01 1.767921191086620561e-02
5.791326330600689835e+04 2.344818985965777358e+02 6.141725755085892802e-01 3.690706728306429318e-01 1.675675166076772901e-02
5.797409790790510306e+04 2.542730127646771621e+02 7.305954204300746380e-01 2.492403798396526649e-01 2.016419973027269025e-02
