5.769015580527779821e+04 1.888597207082432021e+02 8.066874943966471090e-01 1.487510263082047479e-01 4.456147929514819167e-02
5.769015787849540357e+04 1.973707644872714866e+02 8.857416444322621096e-01 6.506843529041572705e-02 4.918992027732210781e-02
5.769015995009260223e+04 1.993203522137629591e+02 9.182937766620481446e-01 2.986352148414722282e-02 5.184270185380468465e-02
5.770204151489579817e+04 1.877707383542274897e+02 7.506709329793033181e-01 2.102925547651550986e-01 3.903651225554163190e-02
5.770204356266200193e+04 1.796446912372226734e+02 6.707527417961486327e-01 2.951967361505442033e-01 3.405052205330716397e-02
5.770204560733799735e+04 1.646248566099789343e+02 5.381811335331214696e-01 4.357156661751439564e-01 2.610320029173466769e-02
5.771409263277779974e+04 1.225761443524374670e+02 7.392784876959018758e-01 1.718767434595745713e-01 8.884476884452358059e-02
5.771409468028940319e+04 9.595293647092559297e+01 6.640255093905456096e-01 2.190028384427793740e-01 1.169716521666750303e-01
5.771409672578699974e+04 1.220095477152493970e+02 8.215214273869574368e-01 6.774538715332523164e-02 1.107331854597172066e-01
5.772705777135420067e+04 1.953182546249477127e+02 8.385826364727353432e-01 1.163944392901921365e-01 4.502292423707240226e-02
5.772705981797449931e+04 1.696954739503531471e+02 6.437357657959913437e-01 3.211160902137994988e-01 3.514814399020912972e-02
5.772706186339120177e+04 1.829598855542364504e+02 7.688637220104214132e-01 1.880027862563441454e-01 4.313349173323438590e-02
5.778533669387730333e+04 1.674379243068705705e+02 7.778412102382403770e-01 1.694477150632257567e-01 5.271107469853390098e-02
5.778533876707180025e+04 1.418120758034702362e+02 5.546857632149084782e-01 4.079466331895084674e-01 3.736760359558301270e-02
5.778534083769680001e+04 1.461661330988330576e+02 6.224398556883108391e-01 3.332677754059116260e-01 4.429236890577744473e-02
5.779933654268520331e+04 1.502630122706741247e+02 6.213346770510620454e-01 3.369039622665717104e-01 4.176136068236618176e-02
5.791326535005790356e+04 1.676851514826366838e+02 4.937064452185522812e-01 4.851208659118262934e-01 2.117268886962135957e-02
5.792512302671300131e+04 2.060260736397371204e+02 8.807386866588534646e-01 7.462612090526532516e-02 4.463519243588118940e-02
5.792512507353010005e+04 1.681611566393653732e+02 6.501438226208827720e-01 3.133475801656283033e-01 3.650859721348907044e-02
5.792512714874999801e+04 1.974945095834628717e+02 7.692067353295085619e-01 1.937419399234144302e-01 3.705132474707703572e-02
5.793718679256940231e+04 1.992019944630803252e+02 7.442056941318104801e-01 2.217043648785106402e-01 3.408994098967901148e-02
5.793718886465280229e+04 1.757895137616577017e+02 5.750803321290294257e-01 3.987800799384748074e-01 2.613958793249578777e-02
5.793719091001160268e+04 1.694911572590682454e+02 5.350769181728644019e-01 4.405805368510296582e-01 2.434254497610588083e-02
5.794916242523150140e+04 1.679957731158187926e+02 7.341535344825955711e-01 2.192015065352495851e-01 4.664495898215479525e-02
5.794916447268520278e+04 1.334489211287594514e+02 6.386316709363715205e-01 3.054314273898786625e-01 5.593690167374985867e-02
5.794916652253470238e+04 1.393647833072745073e+02 5.343951278537648619e-01 4.296922985336040779e-01 3.591257361263103937e-02
5.796212665806709992e+04 1.334800738822096378e+02 5.376577717638829634e-01 4.227138211237126963e-01 3.962840711240437491e-02
5.796212870331019803e+04 nan nan nan nan
5.796213077392359992e+04 1.315710314549482973e+02 5.975884525684728166e-01 3.520253630054237526e-01 5.038618442610334758e-02
5.797409376334489934e+04 1.990102003544424178e+02 6.913379930738060564e-01 2.791867355522608118e-01 2.947527137393327057e-02
5.797409583733799809e+04 1.593136999850614188e+02 4.403823424589606850e-01 5.409546692598732331e-01 1.866298828116601596e-02
5.798704772202549793e+04 2.045953307458505321e+02 8.179368075428955498e-01 1.430262580403626749e-01 3.903693441674175452e-02
5.798704976877309673e+04 2.052462418001046842e+02 8.207264958012365774e-01 1.402187311883962562e-01 3.905477301036720111e-02
5.798705181398150307e+04 2.107612345270070193e+02 8.596860827462249333e-01 9.967651277529403220e-02 4.063740447848110393e-02
5.800030331545139779e+04 nan nan nan nan
5.800030539009260247e+04 nan nan nan nan
5.800030743467590219e+04 nan nan nan nan
5.801823252953700285e+04 1.623154193317031684e+02 6.724004076525750273e-01 2.856851186771279250e-01 4.191447367029706161e-02
5.801823457716440316e+04 1.739808823369695006e+02 8.075766952606318050e-01 1.397983016358720909e-01 5.262500310349609717e-02
5.801823664649309649e+04 1.354250628534590533e+02 4.837287747928410986e-01 4.851086463847806840e-01 3.116257882237822435e-02
5.804720796659719781e+04 1.652669054661710675e+02 7.958889556222682460e-01 1.474661458969350469e-01 5.664489848079662382e-02
5.804721003952549654e+04 1.690644145080941598e+02 8.187971683760909558e-01 1.239132182300335394e-01 5.728961339387551172e-02
5.804721211013889842e+04 1.420144945316804694e+02 5.966750133159027802e-01 3.602090331501728859e-01 4.311595353392432689e-02
5.805913640646990098e+04 nan nan nan nan
5.805913845634260360e+04 nan nan nan nan
5.805914052584490128e+04 nan nan nan nan
5.807204974729169771e+04 1.500065883348970317e+02 5.372374701889301996e-01 4.314340327952654319e-01 3.132849701580436852e-02
5.807205179364579817e+04 1.672105354990102626e+02 6.719411365644706313e-01 2.886165099647205468e-01 3.944235347080890519e-02
5.807205383950230316e+04 1.750166357273366202e+02 7.117562754819035664e-01 2.478483550858718021e-01 4.039536943222463844e-02
5.808405507223380118e+04 1.565585916917376892e+02 6.500533378941230067e-01 3.078379643951124067e-01 4.210869771076451717e-02
5.808405711846060149e+04 1.569474736341400387e+02 6.675464160403784541e-01 2.882678660550537231e-01 4.418571790456784359e-02
5.808405916406249889e+04 1.524370893802856699e+02 6.390769018440189964e-01 3.179939190801609472e-01 4.292917907581998704e-02
5.779934067106479779e+04 1.309004105817525669e+02 4.566627371665133994e-01 5.136112425131498238e-01 2.972602032033671432e-02
5.784721799662039848e+04 1.793465913382311214e+02 8.790419506504975056e-01 6.228203769567230291e-02 5.867601165383014988e-02
5.784722006856479857e+04 1.737558311529627417e+02 8.219292523750936219e-01 1.234172783657463274e-01 5.465346925915993276e-02
5.784722211534719827e+04 1.752686860072676325e+02 8.440761233231450777e-01 9.927618647562251597e-02 5.664769020123242710e-02
5.787038074950229930e+04 1.977269671893379552e+02 9.332776703430363252e-01 1.230746204274839155e-02 5.441486761421528845e-02
5.787234670826390357e+04 2.284308073366154872e+02 8.105774842462490914e-01 1.586681086009253394e-01 3.075440715282557261e-02
5.787234878104169911e+04 2.321476529266984983e+02 8.485886481428508432e-01 1.187756108369884267e-01 3.263574102016077172e-02
5.787235082739579957e+04 2.087766618113231232e+02 6.792648920549011482e-01 2.948802547814844965e-01 2.585485316361443853e-02
5.788733406096060207e+04 1.690018047590021979e+02 5.499560505099205798e-01 4.241796380573422676e-01 2.586431143273720812e-02
5.788733610844909708e+04 1.347527176047511546e+02 3.517686636875716477e-01 6.315869851531540347e-01 1.664435115927434539e-02
5.788733815651619807e+04 1.143757513229287355e+02 2.616350462924757481e-01 7.255843445872770525e-01 1.278060912024710054e-02
5.790129417131940136e+04 1.810219265767838976e+02 6.994746171617516328e-01 2.640576142609523114e-01 3.646776857729597254e-02
5.790129621952550224e+04 1.898122451455576254e+02 8.168544406077195008e-01 1.379111907202268394e-01 4.523436867205360423e-02
5.790129829028929817e+04 1.706028035873776787e+02 6.574663029171796680e-01 3.062591242381768053e-01 3.627457284464354059e-02
5.791326125848379888e+04 1.509492648669852599e+02 3.981862848692379608e-01 5.848180476102161629e-01 1.699566752054590055e-02
5.779933861689810146e+04 1.429917417003756555e+02 5.601083637108157376e-01 4.024159288145969793e-01 3.747570747458726925e-02
5.791326330600689835e+04 1.718123482470349757e+02 5.152145056046339988e-01 4.628223228574888659e-01 2.196317153787700344e-02
5.797409790790510306e+04 1.685910584190533541e+02 4.982863317120542201e-01 4.803774959110295728e-01 2.133617237691617236e-02
