5.792512367400000221e+04 2.182946657453426837e+02 1.686882005772645521e-01 1.590051937765153689e-02 8.154112800450838971e-01
5.807205036400000245e+04 2.073155718359617481e+02 1.620030995833872944e-01 4.169138560779130781e-03 8.338277618558336268e-01
5.804720856600000116e+04 2.021762395494587849e+02 1.562516328474816696e-01 2.813853850497078160e-02 8.156098286475476078e-01
5.791326190599999973e+04 2.699118211386544317e+02 2.041104883442586837e-01 1.501655357658513747e-02 7.808729580791562430e-01
5.790129479800000263e+04 2.151392404122396442e+02 1.654832992879051168e-01 2.660735733125155211e-02 8.079093433808433034e-01
5.788733472400000028e+04 2.483628216433533566e+02 1.902546929760273731e-01 8.452698341153273842e-03 8.012926086828194849e-01
5.787234735999999975e+04 2.916217726788885329e+02 2.179252494304854126e-01 1.952398223896651200e-02 7.625507683305481343e-01
5.787038100999999733e+04 2.494446770353926013e+02 1.858557510716906669e-01 5.609560069238957863e-02 7.580486482359196643e-01
5.784721859799999947e+04 1.791107529368805444e+02 1.391503537465449414e-01 3.667573887819890188e-02 8.241739073752561984e-01
5.783534524799999781e+04 1.773207968604734504e+02 1.389091300238002591e-01 2.310675752542863323e-02 8.379841124507710903e-01
5.779933720400000311e+04 1.855800885530883022e+02 1.464994637275664757e-01 2.552843117505111496e-03 8.509476931549284640e-01
5.778533735000000161e+04 1.949614001965801720e+02 1.518451248164296996e-01 1.983518356168572500e-02 8.283196916218846795e-01
5.772705840599999647e+04 2.135314407827798675e+02 1.644250256362195795e-01 2.590930284003522405e-02 8.096656715237452451e-01
5.801823316000000341e+04 2.302554943341451974e+02 1.764504872696160964e-01 2.165125385011086243e-02 8.018982588802729961e-01
5.771409287999999651e+04 1.340802734839685115e+02 1.050585680787731874e-01 5.658880248682231218e-02 8.383526294344043617e-01
5.770204215200000181e+04 2.261944791223386630e+02 1.749502643556937742e-01 8.168809504844108324e-03 8.168809261394620602e-01
5.769015644400000019e+04 2.266282793795442956e+02 1.744360274813955558e-01 1.658408773451181678e-02 8.089798847840926621e-01
5.800030396599999949e+04 2.472806589555057428e+02 1.901495576284035760e-01 2.422284509680598750e-03 8.074281578619159072e-01
5.798704838600000221e+04 2.432380165241274312e+02 1.849413709373370074e-01 2.565559849349786578e-02 7.894030305691650540e-01
5.797409441199999856e+04 2.566864298896292667e+02 1.948376977716966829e-01 1.841781246582588696e-02 7.867444897624773503e-01
5.796212728400000196e+04 1.589305049258724125e+02 1.268773858307972457e-01 2.865728573126147347e-03 8.702568855960765015e-01
5.794916307000000234e+04 1.974894628293054666e+02 1.552541271646645515e-01 8.439011668608387140e-04 8.439019716684746930e-01
5.793718743199999881e+04 2.704581904019925105e+02 2.056180167002101544e-01 5.130137000942506381e-03 7.892518462988473704e-01
5.792512367400000221e+04 2.182946657453426837e+02 1.686882005772645521e-01 1.590051937765153689e-02 8.154112800450838971e-01
