5.790129621952550224e+04 2.513365681890111958e+01 1.203324014755122358e-02 9.876924271868537941e-01 2.743326655949879949e-04
5.770204356266200193e+04 2.215869863051456790e+01 8.306019347772631428e-03 9.915258212743258692e-01 1.681593779014003314e-04
5.790129417131940136e+04 2.737119785024076180e+01 1.336247876850113828e-02 9.863522814037479769e-01 2.852398277508553918e-04
5.815129126613429980e+04 3.128766134032586077e+00 5.880622065580882150e-04 9.993696588572620332e-01 4.227893617987623298e-05
5.812735307304400339e+04 3.748403291057167408e+00 1.634645176919932372e-03 9.981377517661207399e-01 2.276030569592246591e-04
5.801823252953700285e+04 2.643626709971850275e+01 1.219477294541722497e-02 9.875505610985649829e-01 2.546659560177004446e-04
5.808405916406249889e+04 2.344930721204890034e+01 9.197971563938650216e-03 9.906178885757389585e-01 1.841398603223704390e-04
5.778534083769680001e+04 2.391059949220103675e+01 1.125053536526653131e-02 9.884844992351767834e-01 2.649653995567189096e-04
5.778533876707180025e+04 2.484939912992436462e+01 1.197939010341752923e-02 9.877424712423382713e-01 2.781386542441193150e-04
5.787235082739579957e+04 3.925190561158191116e+01 1.893403572529107556e-02 9.807874877375988287e-01 2.784765371100165598e-04
5.794916652253470238e+04 2.089368189222368954e+01 9.424843713317920813e-03 9.903316321148505352e-01 2.435241718315206188e-04
5.778533669387730333e+04 2.442686431272282022e+01 1.151517520324122322e-02 9.882188568030019216e-01 2.659679937567887556e-04
5.779933861689810146e+04 1.936040939404178829e+01 7.780739450214361509e-03 9.920259585313655482e-01 1.933020184199854942e-04
5.804721003952549654e+04 2.366488844540631220e+01 1.022321209430906812e-02 9.895534360651219163e-01 2.233518405688857328e-04
5.790129829028929817e+04 2.600638589098175757e+01 1.267708714705332099e-02 9.870385304865137988e-01 2.843823664326433588e-04
5.791326535005790356e+04 2.005486649620009487e+01 5.796671840469953818e-03 9.941033416065678807e-01 9.998655296217211902e-05
5.804721211013889842e+04 2.353726824771896275e+01 1.007793249540955144e-02 9.897026584767049107e-01 2.194090278855881523e-04
5.801823457716440316e+04 2.544382992101245833e+01 1.167630416663195496e-02 9.880716557881495943e-01 2.520400452184268008e-04
5.822231458113429835e+04 2.680841560609340490e+01 1.330042049072868368e-02 9.864049934679515186e-01 2.945860413197360999e-04
5.827636901283560292e+04 1.297817786333629719e+01 5.454727715627227108e-03 9.943338540571269313e-01 2.114182272457377717e-04
5.822231867385419901e+04 2.730921152273181107e+01 1.357703966056916442e-02 9.861271484892707440e-01 2.958118501601004037e-04
5.800030743467590219e+04 2.183722454375637767e+01 7.819608789877792107e-03 9.920269299041890587e-01 1.534613059330941791e-04
5.805913640646990098e+04 nan nan nan nan
5.801823664649309649e+04 2.437778251570816224e+01 1.118725096422904484e-02 9.885607017168612787e-01 2.520473189097168117e-04
5.794916242523150140e+04 2.213694829296959909e+01 1.011049102869467434e-02 9.896398583150337602e-01 2.496506562714666103e-04
5.788733406096060207e+04 2.699443838407842122e+01 1.037262025236503592e-02 9.894506734282983995e-01 1.767063193364645508e-04
5.828924089284719958e+04 2.518374331694046120e+01 1.256041211236788406e-02 9.871418795986772743e-01 2.977082889548471269e-04
5.823637937519679690e+04 2.054158312374317674e+01 8.646716189497517108e-03 9.911412240321003653e-01 2.120597784021515297e-04
5.818332260702549684e+04 2.127017422723556450e+01 8.422335307025503523e-03 9.913900155102470801e-01 1.876491827273216281e-04
5.807204974729169771e+04 2.554400434067999370e+01 1.138521762132662513e-02 9.883770280509306394e-01 2.377543277426450222e-04
5.788733815651619807e+04 2.536797513739113086e+01 9.318852820643031692e-03 9.905196455100606645e-01 1.615016692961885778e-04
5.770204560733799735e+04 2.295342743471522695e+01 8.528714952155872983e-03 9.913060524131086515e-01 1.652326347353707018e-04
5.808405711846060149e+04 2.372457364946150449e+01 9.361017044733096690e-03 9.904526571718185179e-01 1.863257834483368473e-04
5.826330658587960352e+04 2.356405901362192168e+01 1.054929284484446700e-02 9.892108403170573050e-01 2.398668380982195512e-04
5.797409790790510306e+04 2.587639550420106360e+01 9.690686153700851097e-03 9.901414623514633861e-01 1.678514948357691513e-04
5.796212870331019803e+04 9.038996145279428518e+00 4.362440563023462468e-03 9.953587917957137376e-01 2.787676412627683865e-04
5.772705981797449931e+04 2.726248506010811923e+01 1.172938956505643893e-02 9.880490747679552266e-01 2.215356669883307493e-04
5.798704772202549793e+04 2.909110668776978059e+01 1.354464568536393500e-02 9.861959133630854302e-01 2.594409515505356279e-04
5.834408286868059804e+04 2.021898919360053526e+01 9.821704366155798935e-03 9.898958866213887209e-01 2.824090124553834714e-04
5.826330454050929984e+04 2.380918758478691188e+01 1.070520265341674999e-02 9.890528480578363313e-01 2.419492887467979397e-04
5.818332672513889702e+04 2.213621588330201817e+01 9.080281867848689556e-03 9.907183384672749726e-01 2.013796648762065109e-04
5.784722006856479857e+04 2.364657721897071951e+01 1.163089956478286988e-02 9.880795569785603139e-01 2.895434566568628391e-04
5.779933654268520331e+04 1.916983191689292099e+01 7.719142870026670517e-03 9.920868019386276382e-01 1.940551913457219527e-04
5.808405507223380118e+04 2.369278049351448345e+01 9.536133693486244581e-03 9.902699848304015173e-01 1.938814761122666867e-04
5.826330863219909952e+04 2.392748110301718256e+01 1.092439025290546303e-02 9.888261363933870118e-01 2.494733537073419005e-04
5.823737654778939759e+04 nan nan nan nan
5.832012372127320123e+04 2.211014418201328624e+01 1.027615061566319876e-02 9.894653250135749811e-01 2.585243707618303018e-04
5.825034440655090293e+04 2.654881049711438123e+01 1.276150460771228838e-02 9.869619685176770352e-01 2.765268746106256509e-04
5.812735719687499659e+04 5.522307296159957524e+00 2.382222458818812616e-03 9.973950637008297537e-01 2.227138403513381380e-04
5.823637733025460329e+04 1.794639604526348364e+01 7.070249613440627093e-03 9.927439961553153891e-01 1.857542312439490082e-04
5.793718679256940231e+04 3.175358298978914817e+01 1.478601974376844014e-02 9.849544781981581787e-01 2.595020580732852722e-04
5.830718226863430027e+04 2.497840716722694054e+01 1.267164128148026529e-02 9.870203521517462164e-01 3.080065667736063377e-04
5.833211709222220088e+04 2.128604723737646154e+01 1.004753735467297203e-02 9.896858056797080971e-01 2.666569656188257737e-04
5.772706186339120177e+04 2.674169938721904316e+01 1.138240857885112513e-02 9.884007640752505708e-01 2.168273458982745712e-04
5.834408077023149963e+04 1.972458428404073771e+01 9.529879221123884608e-03 9.901907488331043172e-01 2.793719457716740766e-04
5.793718886465280229e+04 3.149557424393193727e+01 1.459832036377699607e-02 9.851445628475744565e-01 2.571167886485459871e-04
5.791326330600689835e+04 2.071074661698225938e+01 6.082651584598352916e-03 9.938141155248972902e-01 1.032328905043944166e-04
5.823737447606479691e+04 3.144425934231101394e+00 6.852250992322040778e-04 9.992579409950075320e-01 5.683390576021286140e-05
5.800030331545139779e+04 2.230285661748716208e+01 8.010027373884986632e-03 9.918355998433869836e-01 1.543727827280164946e-04
5.784722211534719827e+04 2.389463931282013931e+01 1.189197191288310189e-02 9.878115923849607460e-01 2.964357021561590116e-04
5.822231662861110090e+04 2.741843265471845825e+01 1.367478186412778018e-02 9.860275178296884491e-01 2.977003061837633739e-04
5.798705181398150307e+04 3.015178397975673263e+01 1.445596850929111409e-02 9.852689305483633975e-01 2.751009423454583037e-04
5.815128922206020070e+04 nan nan nan nan
5.796213077392359992e+04 1.873269921500027380e+01 9.158917173697494682e-03 9.905549871723454691e-01 2.860956539570971781e-04
5.828924501094909647e+04 2.519830926562757867e+01 1.251524928793435777e-02 9.871895210954219069e-01 2.952296166437602394e-04
5.805914052584490128e+04 nan nan nan nan
5.832012167383100314e+04 2.123848711236363229e+01 9.668529141847187133e-03 9.900834447586123188e-01 2.480260995405690790e-04
5.815128715056709916e+04 nan nan nan nan
5.787234878104169911e+04 3.991958328611285367e+01 1.955304453664908487e-02 9.801598241894476926e-01 2.871312739032536878e-04
5.804720796659719781e+04 2.297043396448014008e+01 9.894143789946538078e-03 9.898838108246289513e-01 2.220453854245221380e-04
5.792512714874999801e+04 3.315165865165995740e+01 1.637530663839162348e-02 9.833326871597813934e-01 2.920062018269823007e-04
5.771409468028940319e+04 9.358093903923487389e+00 4.414034838650734635e-03 9.953196962684310867e-01 2.662688929181019856e-04
5.796212665806709992e+04 2.176467755676662819e+01 1.074267821870243840e-02 9.889657507475546616e-01 2.915710337430004362e-04
5.769015580527779821e+04 2.776121677919578801e+01 1.225550195590099922e-02 9.875112548772327914e-01 2.332431668660869773e-04
5.769015787849540357e+04 2.709025726681279522e+01 1.177602380073215077e-02 9.879978271284247660e-01 2.261490708431365389e-04
5.827636696190969815e+04 1.100388145729653822e+01 4.617049724344339523e-03 9.951722519840284775e-01 2.106982916271271991e-04
5.791326125848379888e+04 2.068827671269600543e+01 6.124843422436593125e-03 9.937702590950039383e-01 1.048974825595608550e-04
5.797409583733799809e+04 2.536668718219216956e+01 9.347375150192687929e-03 9.904901165462354218e-01 1.625083035719249863e-04
5.797409376334489934e+04 2.566095014483804349e+01 9.456169896524837387e-03 9.903813093660851496e-01 1.625207373899986533e-04
5.792512507353010005e+04 2.789512580731090097e+01 1.355219042928270355e-02 9.861653306408709740e-01 2.824789298462074792e-04
5.823638142131939821e+04 1.082440808152275480e+01 5.121062497856610114e-03 9.946110604226806595e-01 2.678770794626635240e-04
5.798704976877309673e+04 3.016475236686934380e+01 1.442252637523406926e-02 9.853038794338826456e-01 2.735941908831588851e-04
5.827636488775460020e+04 1.694618966644750202e+01 7.327725543326828184e-03 9.924484961513210246e-01 2.237783053521317882e-04
5.830718434385419823e+04 2.470598445656056441e+01 1.247307554700363523e-02 9.872218776379789729e-01 3.050468150174575005e-04
5.834408494111109758e+04 2.047367009471421184e+01 9.954921129305674063e-03 9.897621300017378498e-01 2.829488689565213644e-04
5.807205179364579817e+04 2.539657145334152233e+01 1.102814566952284477e-02 9.887461818909097921e-01 2.256724395673105328e-04
5.772705777135420067e+04 2.672441334968297255e+01 1.129264095414115980e-02 9.884936620600927037e-01 2.136969857661671619e-04
5.833211913988430024e+04 2.113445113844423773e+01 9.862266863396512012e-03 9.898771206202859885e-01 2.606125163175035809e-04
5.828924293930560088e+04 2.557073300025039231e+01 1.281413257638447031e-02 9.868853180772021449e-01 3.005493464133569825e-04
5.800030539009260247e+04 2.235893236686886709e+01 8.080557267152108092e-03 9.917631264506001632e-01 1.563162822477361818e-04
5.832012579648150131e+04 2.174291685830993970e+01 1.003004282077120217e-02 9.897152778596280953e-01 2.546793196006998062e-04
5.792512302671300131e+04 2.999968624762171032e+01 1.457870901787732335e-02 9.851386543644172766e-01 2.826366177053561668e-04
5.769015995009260223e+04 2.765272414984320193e+01 1.223971725064115952e-02 9.875258109345285140e-01 2.344718148302110206e-04
5.771409263277779974e+04 1.321872002635885046e+01 6.168796691865136191e-03 9.935705604538709323e-01 2.606428542638695523e-04
5.823737859165509872e+04 nan nan nan nan
5.807205383950230316e+04 2.553403788045398315e+01 1.122205408759294545e-02 9.885467769969477070e-01 2.311689154591857725e-04
5.816632786436339666e+04 2.556255234366608420e+01 1.229813999553706731e-02 9.874248508301515237e-01 2.770091743112722748e-04
5.788733610844909708e+04 2.592110263297282557e+01 9.765434059675521389e-03 9.900647025150143277e-01 1.698634253101275534e-04
5.793719091001160268e+04 3.090314838919924512e+01 1.432213767999681100e-02 9.854208026467761172e-01 2.570596732270630388e-04
5.787038074950229930e+04 1.742137842795654734e+01 8.710518431304995618e-03 9.909902918290153240e-01 2.991897396797154793e-04
5.784721799662039848e+04 2.435901846260890835e+01 1.210120268213129603e-02 9.876034308307795051e-01 2.953664870892094927e-04
5.830718638787040254e+04 2.442192313238109236e+01 1.228297787104498488e-02 9.874142810628728784e-01 3.027410660820805972e-04
5.825034023524310032e+04 2.600508812447513307e+01 1.270287739760748817e-02 9.870115534645491628e-01 2.855691378433650889e-04
5.816632990957180300e+04 2.489607274342136378e+01 1.173095586791017206e-02 9.880033213257618518e-01 2.657228063279013950e-04
5.794916447268520278e+04 1.491718937215559926e+01 6.175686986404928767e-03 9.936191872256316948e-01 2.051257879632892203e-04
5.779934067106479779e+04 1.873443064553082849e+01 7.434782163927206033e-03 9.923767317850236136e-01 1.884860510490613786e-04
5.770204151489579817e+04 2.234975481119776219e+01 8.129435527834048131e-03 9.917122214341373976e-01 1.583430380285055815e-04
5.825034235892359720e+04 2.626077836887802164e+01 1.266455539236613706e-02 9.870570964033396066e-01 2.783482042942754921e-04
5.787234670826390357e+04 3.854173564611071612e+01 1.818472866619871842e-02 9.815488464217316800e-01 2.664249120695950023e-04
5.771409672578699974e+04 1.268081481392183640e+01 5.941462353165154024e-03 9.937958037569962766e-01 2.627338898386231080e-04
5.812735512291669875e+04 4.588139698638499020e+00 1.980784587162749168e-03 9.977961537437052275e-01 2.230616691319471006e-04
5.833211501591440174e+04 2.076013528732668334e+01 9.619512638837885571e-03 9.901235250099061913e-01 2.569623512559831863e-04
5.805913845634260360e+04 nan nan nan nan
5.818332468002309906e+04 2.202799643726948986e+01 8.902749815064916333e-03 9.909017613042756523e-01 1.954888806594792426e-04
5.816632579141199676e+04 2.523387329920682376e+01 1.185643614220504086e-02 9.878793447547294937e-01 2.642191030653433140e-04
