5.769015580527779821e+04 3.448798875636506267e+01 5.643313185250802000e-02 9.370271323076897474e-01 6.539735839802169291e-03
5.769015787849540357e+04 3.591028003184488426e+01 5.878981895808536168e-02 9.346639052355950605e-01 6.546275806319589927e-03
5.769015995009260223e+04 3.193328250566879589e+01 4.805045912323969992e-02 9.464194076475782591e-01 5.530133229182047916e-03
5.770204151489579817e+04 nan nan nan nan
5.770204356266200193e+04 nan nan nan nan
5.770204560733799735e+04 nan nan nan nan
5.771409263277779974e+04 nan nan nan nan
5.771409468028940319e+04 nan nan nan nan
5.771409672578699974e+04 nan nan nan nan
5.772705777135420067e+04 6.965591638709466338e+01 2.209014941393954989e-01 7.545339495933108820e-01 2.456455626729358438e-02
5.772705981797449931e+04 1.263039389956136631e+02 6.828668649061954143e-01 2.457384427318572429e-01 7.139469236194739832e-02
5.772706186339120177e+04 1.222579007104032200e+02 6.603257180825061745e-01 2.684234083867521603e-01 7.125087353074158192e-02
5.778533669387730333e+04 6.283521124610441433e+01 2.296415418889004578e-01 7.377355715128093294e-01 3.262288659829021276e-02
5.778533876707180025e+04 9.158252956735736916e+01 4.556124088328570299e-01 4.839379879021410424e-01 6.044960326500191383e-02
5.778534083769680001e+04 1.143174004512097213e+02 7.192724339918491472e-01 1.840357338740157001e-01 9.669183213413513889e-02
5.779933654268520331e+04 nan nan nan nan
5.791326535005790356e+04 nan nan nan nan
5.792512302671300131e+04 6.295971838530545739e+01 1.955504121068369350e-01 7.808871862599353619e-01 2.356240163322765799e-02
5.792512507353010005e+04 5.511973160997325749e+01 1.610967493499513292e-01 8.180397584915419795e-01 2.086349215850668432e-02
5.792512714874999801e+04 7.584057679197688628e+01 2.623708323703787260e-01 7.083973723433175662e-01 2.923179528630367660e-02
5.793718679256940231e+04 6.643596950155354364e+01 1.862564636015104913e-01 7.945460756351614418e-01 1.919746076332800797e-02
5.793718886465280229e+04 6.518943584340827613e+01 1.774981526439026458e-01 8.043942484303312490e-01 1.810759892576597335e-02
5.793719091001160268e+04 7.004159295677932562e+01 1.973196686360387531e-01 7.832957528437894945e-01 1.938457852017181487e-02
5.794916242523150140e+04 nan nan nan nan
5.794916447268520278e+04 nan nan nan nan
5.794916652253470238e+04 nan nan nan nan
5.796212665806709992e+04 4.405602961837388420e+01 1.213890069299188579e-01 8.600681790208065669e-01 1.854281404927459603e-02
5.796212870331019803e+04 nan nan nan nan
5.796213077392359992e+04 nan nan nan nan
5.797409376334489934e+04 1.025764334799744830e+02 4.503542983193398741e-01 5.025652011222919713e-01 4.708050055836812686e-02
5.797409583733799809e+04 1.448013493241690526e+02 8.791534088916501677e-01 3.081151248704801920e-02 9.003507862130180617e-02
5.798704772202549793e+04 8.411986057872033484e+01 3.152880213952555799e-01 6.504000214627451149e-01 3.431195714199933300e-02
5.798704976877309673e+04 6.773654659210750140e+01 1.959515042901549542e-01 7.836085970550509261e-01 2.043989865479418216e-02
5.798705181398150307e+04 7.085253511253382896e+01 2.166082178556842375e-01 7.605638429283798629e-01 2.282793921593590653e-02
5.800030331545139779e+04 1.052924014524812435e+02 5.361495563701326184e-01 4.005210285206746157e-01 6.332941510919265493e-02
5.800030539009260247e+04 nan nan nan nan
5.800030743467590219e+04 6.611211919977418461e+01 2.044428496695914754e-01 7.722005660117692294e-01 2.335658431863934376e-02
5.801823252953700285e+04 6.746204655994569066e+01 1.995737514627226872e-01 7.790507892534855872e-01 2.137545928379166321e-02
5.801823457716440316e+04 6.159425860855973411e+01 1.679433792608050757e-01 8.138984143569093499e-01 1.815820638228557091e-02
5.801823664649309649e+04 5.314035797635256841e+01 1.276149308488597478e-01 8.582992643861820925e-01 1.408580476495822215e-02
5.804720796659719781e+04 nan nan nan nan
5.804721003952549654e+04 nan nan nan nan
5.804721211013889842e+04 nan nan nan nan
5.805913640646990098e+04 nan nan nan nan
5.805913845634260360e+04 nan nan nan nan
5.805914052584490128e+04 nan nan nan nan
5.807204974729169771e+04 4.086718359479444729e+01 8.308976421563671333e-02 9.068136794595538230e-01 1.009655632480949139e-02
5.807205179364579817e+04 4.057259911503643224e+01 8.315551672896696889e-02 9.065845600573513297e-01 1.025992321368171534e-02
5.807205383950230316e+04 nan nan nan nan
5.808405507223380118e+04 nan nan nan nan
5.808405711846060149e+04 nan nan nan nan
5.808405916406249889e+04 nan nan nan nan
5.779934067106479779e+04 nan nan nan nan
5.784721799662039848e+04 6.751342521201192426e+01 2.759926385126106330e-01 6.831902422747729853e-01 4.081711921261639564e-02
5.784722006856479857e+04 6.243945322047792956e+01 2.363638926662624262e-01 7.286358109598022326e-01 3.500029637393529264e-02
5.784722211534719827e+04 6.323628862808845241e+01 2.446703263423738450e-01 7.187653543048058147e-01 3.656431935282045131e-02
5.787038074950229930e+04 nan nan nan nan
5.787234670826390357e+04 1.321444656400254303e+02 6.356102960240999078e-01 3.078814971652892307e-01 5.650820681061084760e-02
5.787234878104169911e+04 7.083173143697358398e+01 1.855661772747450033e-01 7.976701349494375037e-01 1.676368777581750680e-02
5.787235082739579957e+04 6.717381729210897845e+01 1.653602257707424417e-01 8.198388207783555703e-01 1.480095345090204871e-02
5.788733406096060207e+04 4.757259121272655733e+01 9.731117647889495070e-02 8.924690924333240627e-01 1.021973108778090680e-02
5.788733610844909708e+04 4.511307042626705766e+01 9.330764929144728936e-02 8.962437685802262521e-01 1.044858212832648452e-02
5.788733815651619807e+04 4.007392392799236092e+01 7.287060049961607833e-02 9.190531710555227551e-01 8.076228444861095410e-03
5.790129417131940136e+04 7.952973954285681657e+01 3.228903436204901833e-01 6.368492058004314726e-01 4.026045057907822605e-02
5.790129621952550224e+04 7.774916081500055043e+01 3.251701181941756280e-01 6.321073015397589145e-01 4.272258026606554765e-02
5.790129829028929817e+04 6.371095907059551422e+01 2.240813800389689359e-01 7.457044343765338867e-01 3.021418558449718086e-02
5.791326125848379888e+04 nan nan nan nan
5.779933861689810146e+04 nan nan nan nan
5.791326330600689835e+04 nan nan nan nan
5.797409790790510306e+04 1.363455325550520172e+02 7.784914874263544338e-01 1.418827603892054701e-01 7.962575218444006842e-02
