5.769015580527779821e+04 3.468023800077360619e+01 5.673852747226695858e-02 9.367238533441502035e-01 6.537619183582799726e-03
5.769015787849540357e+04 3.614410471237599864e+01 5.916095300210536673e-02 9.342953524915462715e-01 6.543694506348333127e-03
5.769015995009260223e+04 3.215816909859872652e+01 4.838046119422164532e-02 9.460913226481847405e-01 5.528216157593615100e-03
5.770204151489579817e+04 5.081324884245618279e+01 1.397156029894198181e-01 8.418187925168454377e-01 1.846560449373487248e-02
5.770204356266200193e+04 3.327995286539205466e+01 6.074011289269838632e-02 9.311238406177517746e-01 8.136046489549750640e-03
5.770204560733799735e+04 4.724656246217077182e+01 1.120864010032374264e-01 8.741670699387348309e-01 1.374652905802766639e-02
5.771409263277779974e+04 2.473667599306283904e+01 5.849537356314928743e-02 9.278465986042344626e-01 1.365802783261627941e-02
5.771409468028940319e+04 1.859329017723644029e+01 4.571907904095682401e-02 9.395133152089277795e-01 1.476760575011540517e-02
5.771409672578699974e+04 2.352708847490670863e+01 5.228409697937422274e-02 9.356535929338178903e-01 1.206231008680784013e-02
5.772705777135420067e+04 7.073974448711534535e+01 2.239057187353262202e-01 7.516244465808143982e-01 2.446983468385939553e-02
5.772705981797449931e+04 1.257463710244160211e+02 6.814110326093414383e-01 2.468665303452875215e-01 7.172243704537108189e-02
5.772706186339120177e+04 1.224530764836123637e+02 6.608597592792442299e-01 2.680013889231703805e-01 7.113885179758540345e-02
5.778533669387730333e+04 6.349444775559550891e+01 2.317352732501808954e-01 7.357305047985476243e-01 3.253422195127145256e-02
5.778533876707180025e+04 9.181326194434612376e+01 4.564209516045800163e-01 4.832192269156138087e-01 6.035982147980607782e-02
5.778534083769680001e+04 1.137312020572742313e+02 7.176495505055274782e-01 1.850996427649172771e-01 9.725080672955523087e-02
5.779933654268520331e+04 4.234756067267186097e+01 1.083557536211289113e-01 8.756532769422891160e-01 1.599096943658186512e-02
5.791326535005790356e+04 8.165260753887530143e+01 2.686571237643879395e-01 7.049014886513075284e-01 2.644138758430454941e-02
5.792512302671300131e+04 6.294758429585760240e+01 1.955168076570588664e-01 7.809198064323215061e-01 2.356338591061962057e-02
5.792512507353010005e+04 5.458028029891725197e+01 1.596569445788783292e-01 8.194437553723393775e-01 2.089930004878221698e-02
5.792512714874999801e+04 7.550081403864021468e+01 2.613721746941954360e-01 7.093564538231784677e-01 2.927137148262614133e-02
5.793718679256940231e+04 6.643510506439832852e+01 1.862542889794910062e-01 7.945481989545051249e-01 1.919751206600388282e-02
5.793718886465280229e+04 6.517261318316819541e+01 1.774568077734314242e-01 8.044346830823823069e-01 1.810850914418619603e-02
5.793719091001160268e+04 7.002066900439560015e+01 1.972671725456394687e-01 7.833469811635126456e-01 1.938584629084786834e-02
5.794916242523150140e+04 6.814363044952580140e+01 2.645352767969667562e-01 6.986565476042070344e-01 3.680817559882626488e-02
5.794916447268520278e+04 4.572947606772697071e+01 1.634816223688755343e-01 8.053026786802868209e-01 3.121569895083768989e-02
5.794916652253470238e+04 5.940443680240960589e+01 2.186985570522455291e-01 7.481973489389835974e-01 3.310409400877083186e-02
5.796212665806709992e+04 4.376516253406036583e+01 1.206390270493109401e-01 8.608023308073244895e-01 1.855864214336458429e-02
5.796212870331019803e+04 2.171928079188919014e+01 6.362894176161586202e-02 9.154084094709645791e-01 2.096264876741955191e-02
5.796213077392359992e+04 3.761041818245856660e+01 9.995163718209433557e-02 8.827982818962563094e-01 1.725008092164924053e-02
5.797409376334489934e+04 1.038102850822975540e+02 4.541817721191231394e-01 4.990655737548865822e-01 4.675265412599025755e-02
5.797409583733799809e+04 1.459538181901702671e+02 8.806492157893437422e-01 3.043013579711576280e-02 8.892064841354044291e-02
5.798704772202549793e+04 8.432199799307416299e+01 3.159035586157504794e-01 6.498153297472053502e-01 3.428111163704414960e-02
5.798704976877309673e+04 6.806209347930492015e+01 1.967905084445897290e-01 7.827909214149769701e-01 2.041857014043329047e-02
5.798705181398150307e+04 7.097891705380010308e+01 2.169475828174225740e-01 7.602343670194694480e-01 2.281805016310798837e-02
5.800030331545139779e+04 1.053674465790535919e+02 5.363916528935821493e-01 4.003119853907068926e-01 6.329636171571079162e-02
5.800030539009260247e+04 6.431113445562148456e+01 2.043943647652768647e-01 7.709342728987347293e-01 2.467136233598845457e-02
5.800030743467590219e+04 6.612774914493526524e+01 2.044856786851336483e-01 7.721589944037084985e-01 2.335532691115783238e-02
5.801823252953700285e+04 4.401879530895780590e+01 1.353451771327776054e-01 8.415641333820791381e-01 2.309068948514329811e-02
5.801823457716440316e+04 6.164872813812080921e+01 1.680782704068803091e-01 8.137664669783717386e-01 1.815526261474796968e-02
5.801823664649309649e+04 5.314820424895744821e+01 1.276324890062470740e-01 8.582819897283474608e-01 1.408552126540540267e-02
5.804720796659719781e+04 6.464756106135747871e+01 2.168837845323741131e-01 7.556260399486044443e-01 2.749017551902138701e-02
5.804721003952549654e+04 7.224464322749162193e+01 2.611834260561256005e-01 7.068932897330378884e-01 3.192328421083651113e-02
5.804721211013889842e+04 8.292211160883734067e+01 3.618648670634265763e-01 5.916215524539247816e-01 4.651358048264866291e-02
5.805913640646990098e+04 nan nan nan nan
5.805913845634260360e+04 nan nan nan nan
5.805914052584490128e+04 nan nan nan nan
5.807204974729169771e+04 4.131609093031369895e+01 8.396248094077982116e-02 9.059505726539286430e-01 1.008694640529160871e-02
5.807205179364579817e+04 4.072748132332943527e+01 8.345913302682089752e-02 9.062843413694074979e-01 1.025652560377159073e-02
5.807205383950230316e+04 6.094188218750233688e+01 1.911161829671772783e-01 7.848628306848778324e-01 2.402098634794487889e-02
5.808405507223380118e+04 4.760260007440155761e+01 1.017759774388387328e-01 8.870590707880396941e-01 1.116495177312159560e-02
5.808405711846060149e+04 6.212551635331079325e+01 1.800953294314101283e-01 7.993792287476809699e-01 2.052544182090887404e-02
5.808405916406249889e+04 7.310165642647542938e+01 2.525009661497810143e-01 7.183583801609668695e-01 2.914065368925219252e-02
5.779934067106479779e+04 3.773563322731865810e+01 8.748808939815473640e-02 8.993831957012089484e-01 1.312871490063627182e-02
5.784721799662039848e+04 6.860746663340995610e+01 2.797385578621212621e-01 6.796555053590095374e-01 4.060593677886915193e-02
5.784722006856479857e+04 6.353020030162223719e+01 2.399306112668815882e-01 7.252325684008542606e-01 3.483682033226412345e-02
5.784722211534719827e+04 6.445430919850169005e+01 2.487145055148352879e-01 7.149169474737987473e-01 3.636854701136609663e-02
5.787038074950229930e+04 4.344240377758178084e+01 1.224868877967233427e-01 8.580962458506765644e-01 1.941686635260010674e-02
5.787234670826390357e+04 1.321647759793273451e+02 6.356624729447049038e-01 3.078374116484426382e-01 5.650011540685240252e-02
5.787234878104169911e+04 7.081925332643859861e+01 1.855368296687136265e-01 7.976988784866166915e-01 1.676429184466969591e-02
5.787235082739579957e+04 6.715839385655563376e+01 1.653256796082346602e-01 8.198727543219119784e-01 1.480156606985332662e-02
5.788733406096060207e+04 4.766624318785351022e+01 9.749292810564913481e-02 8.922893984954454183e-01 1.021767339890541047e-02
5.788733610844909708e+04 4.511989284629849095e+01 9.332106950251146948e-02 8.962305030215944601e-01 1.044842747589407560e-02
5.788733815651619807e+04 3.994482758714302406e+01 7.264469969056969179e-02 9.192771040415871342e-01 8.078196267843217385e-03
5.790129417131940136e+04 7.996146839672395856e+01 3.243040739476983347e-01 6.355195348562708846e-01 4.017639119603082232e-02
5.790129621952550224e+04 7.823331789828124272e+01 3.267997100333200344e-01 6.305808769876979358e-01 4.261941297898207137e-02
5.790129829028929817e+04 6.435158644124099681e+01 2.260476108794579053e-01 7.438147683483695705e-01 3.013762077217256238e-02
5.791326125848379888e+04 5.646755010645094330e+01 1.300182928082454503e-01 8.570326346521698335e-01 1.294907253958477687e-02
5.779933861689810146e+04 4.018115248373794657e+01 9.207946456842804051e-02 8.950940276404807383e-01 1.282650779109115700e-02
5.791326330600689835e+04 6.977668133892498759e+01 1.982902569038672291e-01 7.819850721091531343e-01 1.972467098697959151e-02
5.797409790790510306e+04 1.377856664140627458e+02 7.814474156792305948e-01 1.399894008286284852e-01 7.856318349214096164e-02
