5.769015580527779821e+04 1.523154555452160537e+02 2.436135238903685551e-01 7.501384551545531298e-01 6.248020955078374856e-03
5.769015787849540357e+04 1.505722666537679117e+02 2.378859913008104787e-01 7.560175814360502455e-01 6.096427263139254926e-03
5.769015995009260223e+04 1.505383361049007931e+02 2.360673027955418335e-01 7.579264239009004811e-01 6.006273303557654181e-03
5.770204151489579817e+04 1.315160367304201827e+02 1.736678429018977954e-01 8.220731434536351356e-01 4.259013644467211229e-03
5.770204356266200193e+04 1.082384645322188277e+02 1.218526323505616377e-01 8.750518433133565033e-01 3.095524336081982228e-03
5.770204560733799735e+04 1.289857401338185809e+02 1.616323724620066515e-01 8.345323134815467725e-01 3.835314056446685691e-03
5.771409263277779974e+04 1.101118056731124852e+02 2.760236595425596962e-01 7.086283158444182106e-01 1.534802461302208626e-02
5.771409468028940319e+04 8.491789115529759613e+01 2.333020984192107350e-01 7.482619089310876825e-01 1.843599264970162757e-02
5.771409672578699974e+04 1.322861866977549141e+02 4.190441377863393102e-01 5.564472804461596533e-01 2.450858176750114747e-02
5.772705777135420067e+04 2.953131604648930875e+02 8.198118476089837348e-01 1.613650842424087795e-01 1.882306814860753089e-02
5.772705981797449931e+04 2.535501418171134560e+02 6.088689763497447949e-01 3.770463232472169302e-01 1.408470040303818303e-02
5.772706186339120177e+04 2.677906617280597743e+02 6.849948658582336591e-01 2.990238595759450169e-01 1.598127456582129277e-02
5.778533669387730333e+04 1.428083104723959593e+02 2.488367065558553526e-01 7.437476376387579524e-01 7.415655805386678519e-03
5.778533876707180025e+04 1.508613950908557229e+02 2.750439473689464398e-01 7.168375566038628355e-01 8.118496027190735126e-03
5.778534083769680001e+04 1.311196239231437630e+02 2.101134148717506145e-01 7.836146752463999388e-01 6.271909881849477980e-03
5.779933654268520331e+04 1.109672961138868033e+02 1.536757444279767959e-01 8.416399169666253233e-01 4.684338605397898175e-03
5.791326535005790356e+04 8.159268165532449757e+01 5.683119832979173502e-02 9.419838548767882624e-01 1.184946793419973474e-03
5.792512302671300131e+04 2.523751406064485536e+02 6.405331935755284034e-01 3.437335808155668748e-01 1.573322560890483973e-02
5.792512507353010005e+04 2.425517052587483136e+02 6.399308212012643216e-01 3.430677653871588850e-01 1.700141341157672056e-02
5.792512714874999801e+04 2.773285167115642480e+02 7.155633124535288880e-01 2.681761570242452986e-01 1.626053052222566422e-02
5.793718679256940231e+04 1.952618638857860560e+02 3.215848432245131394e-01 6.717901867287644491e-01 6.624970046722456624e-03
5.793718886465280229e+04 1.914187763591526732e+02 3.147721619448194952e-01 6.786231668938854655e-01 6.604671161295046222e-03
5.793719091001160268e+04 1.932392345160219804e+02 3.229191500673499471e-01 6.702602178801952970e-01 6.820632052454794932e-03
5.794916242523150140e+04 2.066828320652554396e+02 5.117919883464813191e-01 4.732316680498311334e-01 1.497634360368756481e-02
5.794916447268520278e+04 2.111714922934214371e+02 7.472508769755947799e-01 2.221654300053436115e-01 3.058369301906159465e-02
5.794916652253470238e+04 2.467820941593064106e+02 7.667855051621830231e-01 2.096342594682869265e-01 2.358023536953005386e-02
5.796212665806709992e+04 1.797282697577677482e+02 4.792922481902180953e-01 5.033379181197716878e-01 1.736983369001018906e-02
5.796212870331019803e+04 8.299465695051587488e+01 2.375486636497819437e-01 7.424420061163812257e-01 2.000933023383684797e-02
5.796213077392359992e+04 1.397587635708999017e+02 3.291771897388576784e-01 6.572731313495705496e-01 1.354967891157183094e-02
5.797409376334489934e+04 1.279996936251138067e+02 1.455021604130188606e-01 8.513417548115913558e-01 3.156084775389920213e-03
5.797409583733799809e+04 1.229261555270261113e+02 1.356230885042224998e-01 8.614038335278468850e-01 2.973077967930587862e-03
5.798704772202549793e+04 2.053891035654708048e+02 3.810621389631861367e-01 6.105304081952585005e-01 8.407452841555335121e-03
5.798704976877309673e+04 1.850641854481599466e+02 3.083053994171325307e-01 6.849159204958666924e-01 6.778680087000742149e-03
5.798705181398150307e+04 2.205395975514877023e+02 4.411315964306220527e-01 5.490962380860850978e-01 9.772165483292809610e-03
5.800030331545139779e+04 2.087498043261648206e+02 4.294467869327661669e-01 5.602162206338471284e-01 1.033699243338660236e-02
5.800030539009260247e+04 1.964674417992901567e+02 3.845930996165719540e-01 6.060474697003873645e-01 9.359430683040742202e-03
5.800030743467590219e+04 1.716689403628937214e+02 2.928977080737452110e-01 6.999921850193082662e-01 7.110106906946485512e-03
5.801823252953700285e+04 1.345769143990328303e+02 1.976146278379252441e-01 7.971188407169181867e-01 5.266531445156649900e-03
5.801823457716440316e+04 1.392701758013387803e+02 2.170696174965671965e-01 7.769969026604889306e-01 5.933479842943908435e-03
5.801823664649309649e+04 1.323606606783494613e+02 1.967515960297047950e-01 7.978514798445673906e-01 5.396924125727775405e-03
5.804720796659719781e+04 1.481134053322080320e+02 2.697896790637210329e-01 7.221065050447927902e-01 8.103815891486074521e-03
5.804721003952549654e+04 1.512742352791805729e+02 2.807994139960194313e-01 7.107848888445974511e-01 8.415697159383101963e-03
5.804721211013889842e+04 1.310123544610968906e+02 2.110312728860783416e-01 7.826315364910821915e-01 6.337190622839539850e-03
5.805913640646990098e+04 nan nan nan nan
5.805913845634260360e+04 nan nan nan nan
5.805914052584490128e+04 nan nan nan nan
5.807204974729169771e+04 1.607986113916575732e+02 2.726891405598365625e-01 7.202866292503392609e-01 7.024230189824093307e-03
5.807205179364579817e+04 1.616904494167961559e+02 2.765811357474790011e-01 7.162721895927843807e-01 7.146674659736665033e-03
5.807205383950230316e+04 1.692407387673949870e+02 3.013190180203127455e-01 6.909386658719824936e-01 7.742316107704673260e-03
5.808405507223380118e+04 1.246152685816695396e+02 1.753081012492820057e-01 8.198580941223458929e-01 4.833804628372136147e-03
5.808405711846060149e+04 1.361647835596818652e+02 2.093696926037386108e-01 7.848556573854350571e-01 5.774650010826359869e-03
5.808405916406249889e+04 1.656003433321635328e+02 3.131395019831990090e-01 6.781271476355068550e-01 8.733350381294167214e-03
5.779934067106479779e+04 1.127292599199660827e+02 1.572578533677807811e-01 8.379890240861544992e-01 4.753122546064751826e-03
5.784721799662039848e+04 1.769724748959347664e+02 4.080578600009415191e-01 5.789566098911000935e-01 1.298553010795842899e-02
5.784722006856479857e+04 9.960477187570741364e+01 1.286095683416798863e-01 8.673183741020396020e-01 4.072057556280553325e-03
5.784722211534719827e+04 1.004374368335464709e+02 1.285484636987180296e-01 8.674505213301615392e-01 4.001014971120521457e-03
5.787038074950229930e+04 1.728840526693347499e+02 3.284329091096557796e-01 6.627523185108076254e-01 8.814772379536536112e-03
5.787234670826390357e+04 2.688274735890048532e+02 5.740191754018479919e-01 4.148447242250862255e-01 1.113610037306579995e-02
5.787234878104169911e+04 2.240545245164535118e+02 3.962596406405305971e-01 5.961005964166499194e-01 7.639762942819510426e-03
5.787235082739579957e+04 2.443219665928863833e+02 4.629524156513944444e-01 5.282780745997349703e-01 8.769509748870566238e-03
5.788733406096060207e+04 1.199921849699427412e+02 1.294550890017258649e-01 8.677020215662452074e-01 2.842889432028998433e-03
5.788733610844909708e+04 1.214016241213513752e+02 1.346021290270018322e-01 8.623953745277289640e-01 3.002496445269355572e-03
5.788733815651619807e+04 1.068919879688714616e+02 1.031518853595169427e-01 8.945735846414469838e-01 2.274529999036026609e-03
5.790129417131940136e+04 2.361926358601203333e+02 5.735562613830892387e-01 4.120409369005947342e-01 1.440280171631591784e-02
5.790129621952550224e+04 2.086599026838667044e+02 4.796763923155267229e-01 5.074159830974446228e-01 1.290762458702870638e-02
5.790129829028929817e+04 2.242112152360709558e+02 5.539946875584912389e-01 4.310937149543238034e-01 1.491159748718503576e-02
5.791326125848379888e+04 1.574295842699863215e+02 2.108211742920467202e-01 7.847987320604262740e-01 4.380093647527220045e-03
5.779933861689810146e+04 1.104562625292955858e+02 1.523901361345708361e-01 8.429608519110564080e-01 4.649011954372678744e-03
5.791326330600689835e+04 1.252932179782092419e+02 1.320971903440942563e-01 8.651878731911230025e-01 2.714936464782858293e-03
5.797409790790510306e+04 1.284415519021479213e+02 1.469148690771766852e-01 8.498895629985699918e-01 3.195567924253467883e-03
