5.798534066471060214e+04 5.971968292825134483e+01 3.038444032615257237e-02 9.693057526834305548e-01 3.098069904168359277e-04
5.808724157672449655e+04 3.272605922894728536e+01 1.110085503579618521e-02 9.887614401398709951e-01 1.377048243329302257e-04
5.802722581484950206e+04 3.856927608090246196e+01 1.456137934164848484e-02 9.852680337203403305e-01 1.705869380110713461e-04
5.771031791396989865e+04 3.629775529375132237e+01 1.324886918687050684e-02 9.865916818115038067e-01 1.594490016256011676e-04
5.784001739725690277e+04 3.608307477786702577e+01 1.630438692668361236e-02 9.834512556219814350e-01 2.443574513349259267e-04
5.794531036168980063e+04 3.339195516205897718e+01 1.177446776575259181e-02 9.880767254984795800e-01 1.488067357678432969e-04
5.833637971909720363e+04 3.230090675829971758e+01 1.512046575486816237e-02 9.846172787320334185e-01 2.622555130982897969e-04
5.787533455383100227e+04 nan nan nan nan
5.819207126362270355e+04 3.532279575135878247e+01 1.689441106909946380e-02 9.828318102094375508e-01 2.737787214628394149e-04
5.829532946312500280e+04 2.866008710408476290e+01 8.967752718313699162e-03 9.909150720141896018e-01 1.171752674967727542e-04
5.775122365315970092e+04 3.902164019341488910e+01 1.961180518574148074e-02 9.800858880826981423e-01 3.023067315604428817e-04
5.833837217414350016e+04 4.382923368132708930e+01 2.250752495939776013e-02 9.771768645407864495e-01 3.156104998157954907e-04
5.800728031033559819e+04 4.468386422905206956e+01 1.828478864330183515e-02 9.815148093069853141e-01 2.004020497128066760e-04
5.794530829116899986e+04 3.237058870230217877e+01 1.130100933630939081e-02 9.885531236845115366e-01 1.458669791790154332e-04
5.804717335414350237e+04 5.191708453768599441e+01 2.590721124196807001e-02 9.737947694121156239e-01 2.980193459163846823e-04
5.773006167439820274e+04 3.927465736415202713e+01 1.712292171206648839e-02 9.826495923010566402e-01 2.274859868769022820e-04
5.821201249052079947e+04 3.248246642389562311e+01 1.502894834571427696e-02 9.847148494250858031e-01 2.562022291999073421e-04
5.779215325717590167e+04 2.156829179710040378e+01 6.145956691918173960e-03 9.937568645807050016e-01 9.717872737692694323e-05
5.796536967586810351e+04 9.406675507572618500e+00 4.692978375082024027e-03 9.950091367192621661e-01 2.978849056558997171e-04
5.796536762567130063e+04 4.209536908072478489e+00 2.163476772791536173e-03 9.975203977138323852e-01 3.161255133760854574e-04
5.769027842137729749e+04 5.532109111763501375e+01 2.754438102513640310e-02 9.721589253071901693e-01 2.966936676734778120e-04
5.833438367489579832e+04 nan nan nan nan
5.777217672754629893e+04 3.295924913023826264e+01 1.582484890561108512e-02 9.838992532908973354e-01 2.758978034915277521e-04
5.833538045563660125e+04 3.818772888842232760e+01 1.783707195209165153e-02 9.819018182406938910e-01 2.611098072143670551e-04
5.817206415429399931e+04 3.710891083096974796e+01 1.589885185589416314e-02 9.838814639421383790e-01 2.196842019674095318e-04
5.784001944450230076e+04 3.595727777336704634e+01 1.657702411718533012e-02 9.831686074316974278e-01 2.543684511171967542e-04
5.790430745078699692e+04 5.492440540299809015e+01 2.655389981781719824e-02 9.731663633749610964e-01 2.797368072216413568e-04
5.808724364856479951e+04 3.257662022864491291e+01 1.105907090633308394e-02 9.888030022009627329e-01 1.379268927043561228e-04
5.833538252938660298e+04 nan nan nan nan
5.796537174803239759e+04 7.134749435553496610e+00 3.631740187215939854e-03 9.960581640664185610e-01 3.100957463655158643e-04
5.819206921809029882e+04 3.662607317186463973e+01 1.767747838911035499e-02 9.820437274782464199e-01 2.787941326431302722e-04
5.817206208312499803e+04 3.752517562324616307e+01 1.619969220806578153e-02 9.835772631595910420e-01 2.230446323431848547e-04
5.790430335493059829e+04 5.324876717515800806e+01 2.555930032860732892e-02 9.741649579233326861e-01 2.757417480598187078e-04
5.833837424369210203e+04 4.317941135097741068e+01 2.172392562069625291e-02 9.779731411626039206e-01 3.029332166999530881e-04
5.812924838425929920e+04 3.226583768416379172e+01 1.603151657204019212e-02 9.836730313531318881e-01 2.954520748279578250e-04
5.787533659894680022e+04 nan nan nan nan
5.833637767010420066e+04 3.253782115453363843e+01 1.541239987906053467e-02 9.843190735176073902e-01 2.685266033320070182e-04
5.784002148980319907e+04 3.508779682822159884e+01 1.617872816697306024e-02 9.835668231109665482e-01 2.544487220603642999e-04
5.773006371857639897e+04 4.185485628300637018e+01 1.838803479657161524e-02 9.813809701708130495e-01 2.309950326152939088e-04
5.769027430456019647e+04 5.545427322426215966e+01 2.769568394355915661e-02 9.720057930063403795e-01 2.985230501005292766e-04
5.806712032084490056e+04 5.624795329434310531e+01 2.826634536088944855e-02 9.714314162747993420e-01 3.022383643112910704e-04
5.824233037000000331e+04 nan nan nan nan
5.814907892689810251e+04 2.514089843890387854e+01 6.860748506016482902e-03 9.930501253475636503e-01 8.912614641992387438e-05
5.804717128001160017e+04 5.078158437299524763e+01 2.521508377682836130e-02 9.744898414685551069e-01 2.950747546165776000e-04
5.781407271684030275e+04 3.719964780012572447e+01 1.792667697485741604e-02 9.817953864851837187e-01 2.779365399586894718e-04
5.771031584190970170e+04 3.593076882973253561e+01 1.302179567150243619e-02 9.868210116009858979e-01 1.571927275116614909e-04
5.814908097353010089e+04 2.480784122665658842e+01 6.664114624378880691e-03 9.932495217857179037e-01 8.636358990326286104e-05
5.814907685391200357e+04 2.507183882163938193e+01 6.819012547955027002e-03 9.930924566656733621e-01 8.853078637171208547e-05
5.800728235692129965e+04 4.519234587794597502e+01 1.850237922462608098e-02 9.812970123810402789e-01 2.006083943336132763e-04
5.769027637618059816e+04 5.526505781535890804e+01 2.748361467605182212e-02 9.722204000108576327e-01 2.959853130905790359e-04
5.787533865168980265e+04 nan nan nan nan
5.806711827559029916e+04 5.660331724126834985e+01 2.855496426739237772e-02 9.711404544637836089e-01 3.045812688240191464e-04
5.792427877131939749e+04 5.034628451815263617e+01 2.350770048478688715e-02 9.762313784380222126e-01 2.609210771909186463e-04
5.817206622546300059e+04 3.666647354120836155e+01 1.556458534521635781e-02 9.842197591534435075e-01 2.156555013401851401e-04
5.781407066592590127e+04 3.685433828727762062e+01 1.789889023734462029e-02 9.818188176845904502e-01 2.822920780649291550e-04
5.824232628091429797e+04 nan nan nan nan
5.819206714510419988e+04 3.713789929660975275e+01 1.803992080679560697e-02 9.816776833485610920e-01 2.823958446431281267e-04
5.808724569266199978e+04 3.294228868753332051e+01 1.118339045602938578e-02 9.886786781403720248e-01 1.379314035986395803e-04
5.806711620378470252e+04 5.567098009688498195e+01 2.819024443107348565e-02 9.715028790452916452e-01 3.068765236349721144e-04
5.777218087349540292e+04 3.174645500415983435e+01 1.477166843058013400e-02 9.849692166941591553e-01 2.591148752605581087e-04
5.790430540251159982e+04 5.447160226223865465e+01 2.633274659157026215e-02 9.733875641828220182e-01 2.796892256076927499e-04
5.812924428798609733e+04 3.349573695829066367e+01 1.654914084634577509e-02 9.831587161120203255e-01 2.921430416339205116e-04
5.812924633899309993e+04 3.351898059160487264e+01 1.673987357956556801e-02 9.829616249597108446e-01 2.985014607236348145e-04
5.771031376891199761e+04 3.624842889684571645e+01 1.325907621279812619e-02 9.865807940926579755e-01 1.601296945438657909e-04
5.800727823920139781e+04 4.418371837068801256e+01 1.797512440931068461e-02 9.818267945072427505e-01 1.980810834464613731e-04
5.829438320649309753e+04 4.170154548519931836e+01 1.961905927299198785e-02 9.801160444987651044e-01 2.648962282429095233e-04
5.802722991431709670e+04 3.823955618480095353e+01 1.436526842303833228e-02 9.854658331823349382e-01 1.688983946267712916e-04
5.792428286165509780e+04 3.697169306265088551e+01 1.767373705127336242e-02 9.820527727178558486e-01 2.734902308707618380e-04
5.824232832606480224e+04 nan nan nan nan
5.775121951108799840e+04 3.973508130426721152e+01 2.009131619923953949e-02 9.796027043347215191e-01 3.059794660390571775e-04
5.794530624362269737e+04 3.000696241393189112e+01 1.047893017068216547e-02 9.893751166562613220e-01 1.459531730564752000e-04
5.773005960144680284e+04 4.151826413087270851e+01 1.861558238810168131e-02 9.811438159640631929e-01 2.406016478350179804e-04
5.798534274004629697e+04 5.976201326015062421e+01 3.005110102363464999e-02 9.696462814653894480e-01 3.026175109759441533e-04
5.833638176340280188e+04 nan nan nan nan
5.779215737432870083e+04 2.073976334042767888e+01 5.822662549381314896e-03 9.940830053800697730e-01 9.433207054900683973e-05
5.802722786241900030e+04 3.927077897522081429e+01 1.474495566381377187e-02 9.850863223702892579e-01 1.687219658969665620e-04
5.781407476171299641e+04 3.703351857899252053e+01 1.795194884143357789e-02 9.817668241885718627e-01 2.812269699944630955e-04
5.804717539915510133e+04 5.137710559359624085e+01 2.563743252588200280e-02 9.740645556403759731e-01 2.980118337420320550e-04
5.821201456310189678e+04 3.229811692691956182e+01 1.501664314043013593e-02 9.847246457774441186e-01 2.587110821255789173e-04
5.829532741466440348e+04 2.853781862256139945e+01 8.897427686187620033e-03 9.909862371236251022e-01 1.163351901873853616e-04
5.779215533016200061e+04 2.095714402025697964e+01 5.981927159532392235e-03 9.939205645006853329e-01 9.750833978227467925e-05
5.798533858755789697e+04 6.071860575534957150e+01 3.101747162952144324e-02 9.686702133129279080e-01 3.123150575506996327e-04
5.792428081768519769e+04 4.697349098234347053e+01 2.255016284870524357e-02 9.771740224522347251e-01 2.758146990599466878e-04
5.833837629008100339e+04 4.377746793201100672e+01 2.218290138569150791e-02 9.775098010365550483e-01 3.072975777534773254e-04
5.821201660828699823e+04 3.243470602882996445e+01 1.516491914057569411e-02 9.845734530030439968e-01 2.616278563802278611e-04
5.775122158401620254e+04 3.934534019659264459e+01 1.998120692189125566e-02 9.797101329428758998e-01 3.086601352328780532e-04
5.829533153267359739e+04 2.862875022387971669e+01 8.917781003545144705e-03 9.909660921736190842e-01 1.161268228359217599e-04
5.777217880186340335e+04 3.225797858930515360e+01 1.516388064933711470e-02 9.845716531759823864e-01 2.644661746805014395e-04
