5.769027430456019647e+04 2.998081639901192261e+02 9.185714483764846339e-01 5.850052845503826010e-02 2.292802316847713379e-02
5.769027637618059816e+04 nan nan nan nan
5.769027842137729749e+04 nan nan nan nan
5.771031376891199761e+04 2.822908180293244413e+02 9.173805548651297048e-01 5.682458404974399108e-02 2.579486108512638737e-02
5.771031584190970170e+04 2.513355102506444894e+02 7.234592474611951651e-01 2.563036619363929791e-01 2.023709060241185922e-02
5.771031791396989865e+04 2.875872455643734042e+02 9.550567401826545177e-01 1.800641388663438633e-02 2.693684593071106123e-02
5.773005960144680284e+04 2.844024798601050747e+02 9.333001007158969742e-01 4.039700711480832124e-02 2.630289216929472887e-02
5.773006167439820274e+04 2.564111060685005441e+02 7.718922455842506247e-01 2.059733760806231884e-01 2.213437833512616262e-02
5.773006371857639897e+04 2.828040465869213449e+02 9.221041156452326470e-01 5.192921074740325382e-02 2.596667360736400892e-02
5.775121951108799840e+04 2.343302149847847602e+02 7.709182587086751415e-01 2.026462297514799449e-01 2.643551153984485813e-02
5.775122158401620254e+04 2.444421778500653204e+02 8.360808111755879679e-01 1.353451348741501747e-01 2.857405395026182612e-02
5.775122365315970092e+04 2.348834978491516097e+02 7.828235600534029226e-01 1.900464020021627731e-01 2.713003794443438407e-02
5.777217672754629893e+04 2.298602059973580083e+02 8.973784589815672064e-01 6.539511573261092003e-02 3.722642528582190136e-02
5.777217880186340335e+04 2.156575361913438940e+02 7.744677205478937010e-01 1.940326821961934622e-01 3.149959725591290616e-02
5.777218087349540292e+04 2.214559581331496929e+02 8.120026185400657237e-01 1.551600574583333891e-01 3.283732400160092879e-02
5.792428081768519769e+04 2.862035781039322728e+02 9.192556277810528531e-01 5.554729808680193559e-02 2.519707413214522171e-02
5.792428286165509780e+04 2.501867283812276810e+02 8.931512766575581130e-01 7.572087171952122941e-02 3.112785162292063326e-02
5.794530624362269737e+04 2.708353365051420951e+02 8.011789605772012823e-01 1.774475192862001727e-01 2.137352013659854152e-02
5.794530829116899986e+04 2.567797255047898375e+02 6.835031601355732178e-01 2.991912171950872890e-01 1.730562266933952792e-02
5.794531036168980063e+04 2.676409605354321570e+02 7.262824495667730140e-01 2.557315923623424969e-01 1.798595807088455845e-02
5.796536762567130063e+04 nan nan nan nan
5.796536967586810351e+04 nan nan nan nan
5.796537174803239759e+04 nan nan nan nan
5.798533858755789697e+04 3.003741045788996189e+02 8.651111316880479851e-01 1.146285409089235346e-01 2.026032740302848717e-02
5.798534066471060214e+04 3.060235507371805852e+02 8.966532777802519449e-01 8.237823891938765575e-02 2.096848330036027441e-02
5.798534274004629697e+04 2.849366649226419099e+02 7.761385368863213952e-01 2.057393240508559040e-01 1.812213906282273204e-02
5.800727823920139781e+04 2.719298234579588893e+02 7.512929560191632383e-01 2.300633232233588732e-01 1.864372075747790930e-02
5.800728031033559819e+04 2.913557549993270186e+02 8.600807856136759577e-01 1.186349362126400131e-01 2.128427817368399450e-02
5.779215533016200061e+04 1.468199775755304017e+02 3.383001367142556282e-01 6.487322014466975206e-01 1.296766183904694142e-02
5.779215737432870083e+04 2.326704297257721805e+02 8.489384079722038789e-01 1.185455543474696061e-01 3.251603768032647335e-02
5.781407066592590127e+04 2.098502831838390819e+02 7.389429301079298851e-01 2.307718790669069375e-01 3.028519082516310801e-02
5.781407271684030275e+04 2.132838428196303937e+02 7.620986749116868131e-01 2.067171589165816836e-01 3.118416617173142696e-02
5.781407476171299641e+04 2.350722225725621684e+02 9.137545463328197171e-01 4.934054698610185891e-02 3.690490668107838934e-02
5.784001739725690277e+04 2.330043202201759414e+02 7.760464315719112216e-01 1.968594451498527076e-01 2.709412327823607775e-02
5.784001944450230076e+04 2.300074656253798082e+02 7.830219048873716670e-01 1.886712417758132920e-01 2.830685333681507918e-02
5.784002148980319907e+04 2.212278203348034538e+02 7.226625233441344998e-01 2.512747876119224011e-01 2.606268904394302283e-02
5.787533455383100227e+04 nan nan nan nan
5.787533659894680022e+04 nan nan nan nan
5.787533865168980265e+04 nan nan nan nan
5.790430335493059829e+04 3.057310411121212610e+02 8.802981825429413432e-01 9.945260313908003968e-02 2.024921431797860674e-02
5.790430540251159982e+04 3.034431480311640712e+02 8.671298512344562948e-01 1.129248180894828063e-01 1.994533067606089546e-02
5.790430745078699692e+04 2.907630352661419124e+02 8.197725460795082242e-01 1.608125167659008037e-01 1.941493715459090968e-02
5.802722581484950206e+04 2.438534799323156506e+02 6.339951857461534335e-01 3.494950207286198207e-01 1.650979352522672847e-02
5.802722786241900030e+04 2.865541600614902222e+02 8.637886503760623391e-01 1.140176763447405539e-01 2.219367327919710697e-02
5.802722991431709670e+04 2.714317386545678801e+02 7.787959665400475684e-01 2.010967330234871564e-01 2.010730043646520582e-02
5.804717128001160017e+04 2.679369157608857677e+02 7.685175500451003616e-01 2.113882782749297862e-01 2.009417167996981751e-02
5.804717335414350237e+04 2.700172839114585486e+02 7.822852940492684981e-01 1.972137156351166098e-01 2.050099031561488858e-02
5.804717539915510133e+04 2.232440805805819366e+02 5.305394345885843244e-01 4.556661572216726408e-01 1.379440818974290474e-02
5.806711620378470252e+04 2.725213226171336487e+02 7.695402860342294149e-01 2.109841796355342303e-01 1.947553433023646238e-02
5.806711827559029916e+04 2.649099055882642801e+02 7.243897678763741022e-01 2.573470749926611290e-01 1.826315713096486257e-02
5.806712032084490056e+04 2.988854491307868102e+02 9.282022227195877440e-01 4.824168211341287038e-02 2.355609516699928158e-02
5.808724157672449655e+04 2.262215433349545606e+02 6.007717953468143524e-01 3.820024290220841445e-01 1.722577563110142679e-02
5.808724364856479951e+04 2.330093933793386611e+02 6.296407884784108733e-01 3.525244836650134883e-01 1.783472785657575291e-02
5.808724569266199978e+04 2.554526638730793024e+02 7.603833779890624145e-01 2.179758876344509155e-01 2.164073437648668732e-02
5.779215325717590167e+04 1.726939777771779916e+02 4.615216405205262440e-01 5.210339050985430820e-01 1.744445438093066014e-02
5.792427877131939749e+04 2.833018801801896984e+02 8.069576895301512343e-01 1.732256598702374695e-01 1.981665059961124423e-02
5.800728235692129965e+04 2.823133665360544455e+02 8.074766581406734867e-01 1.725419972914725153e-01 1.998134456785394253e-02
