5.769027430456019647e+04 1.070394174627467834e+02 5.233486684175292503e-01 4.182634914491311640e-01 5.838784013333958578e-02
5.769027637618059816e+04 7.576456478493209090e+01 2.612077094091418417e-01 7.097609324890169491e-01 2.903135810184119536e-02
5.769027842137729749e+04 9.587425683291483836e+01 4.173559790185694673e-01 5.363593804621297201e-01 4.628464051930082646e-02
5.771031376891199761e+04 2.558615067911280505e+01 3.328293864359300330e-02 9.625841027136440298e-01 4.132958642763059735e-03
5.771031584190970170e+04 2.520807367629903339e+01 3.215509097131760696e-02 9.638707265599949503e-01 3.974182468687571974e-03
5.771031791396989865e+04 2.504171276957596604e+01 3.286354507018266619e-02 9.629298822458037810e-01 4.206572684013545893e-03
5.773005960144680284e+04 nan nan nan nan
5.773006167439820274e+04 nan nan nan nan
5.773006371857639897e+04 1.077288391810358377e+02 5.484211914988464942e-01 3.882804959307282755e-01 6.329831257042510539e-02
5.775121951108799840e+04 7.649134777323524759e+01 3.308323886312334317e-01 6.234778329694429244e-01 4.568977839932365087e-02
5.775122158401620254e+04 1.209581922537888943e+02 8.177355890947914929e-01 7.063391334799169752e-02 1.116304975572167818e-01
5.775122365315970092e+04 7.478599880090112606e+01 3.199014385494067247e-01 6.354076279120185466e-01 4.469093353857482576e-02
5.777217672754629893e+04 nan nan nan nan
5.777217880186340335e+04 nan nan nan nan
5.777218087349540292e+04 nan nan nan nan
5.792428081768519769e+04 8.344327907784362708e+01 3.663146587433425694e-01 5.866143321651263731e-01 4.707100909153111301e-02
5.792428286165509780e+04 nan nan nan nan
5.794530624362269737e+04 nan nan nan nan
5.794530829116899986e+04 nan nan nan nan
5.794531036168980063e+04 nan nan nan nan
5.796536762567130063e+04 nan nan nan nan
5.796536967586810351e+04 nan nan nan nan
5.796537174803239759e+04 nan nan nan nan
5.798533858755789697e+04 4.986575535287086325e+01 1.063991358700875078e-01 8.824810114233938574e-01 1.111985270651870417e-02
5.798534066471060214e+04 4.820491164353520475e+01 1.018599851557605157e-01 8.872343468594472427e-01 1.090566798479225726e-02
5.798534274004629697e+04 6.891600258476208296e+01 2.097188808315839925e-01 7.676626846678098470e-01 2.261843450060615004e-02
5.800727823920139781e+04 6.370518542992221711e+01 1.766800195846582044e-01 8.045331746137648343e-01 1.878680580157701327e-02
5.800728031033559819e+04 6.702533750243554778e+01 1.924134394561584360e-01 7.874576428713695453e-01 2.012891767247200481e-02
5.779215533016200061e+04 nan nan nan nan
5.779215737432870083e+04 nan nan nan nan
5.781407066592590127e+04 nan nan nan nan
5.781407271684030275e+04 4.414463366082847529e+01 1.286701085054548777e-01 8.505794597585459860e-01 2.075043173599915719e-02
5.781407476171299641e+04 6.225596649268695870e+01 2.610592265050767358e-01 6.959926917177552408e-01 4.294808177716799569e-02
5.784001739725690277e+04 nan nan nan nan
5.784001944450230076e+04 nan nan nan nan
5.784002148980319907e+04 nan nan nan nan
5.787533455383100227e+04 nan nan nan nan
5.787533659894680022e+04 nan nan nan nan
5.787533865168980265e+04 nan nan nan nan
5.790430335493059829e+04 8.204355260871226108e+01 2.796093331540981941e-01 6.920217960666350532e-01 2.836887077926686720e-02
5.790430540251159982e+04 9.418381624026369536e+01 3.736193953067669660e-01 5.879449842443814633e-01 3.843562044885154294e-02
5.790430745078699692e+04 1.108243986357411046e+02 5.044131807713300164e-01 4.449892418355176349e-01 5.059757739315227931e-02
5.802722581484950206e+04 1.400324556741396407e+02 8.734875798249238654e-01 3.147739470051927335e-02 9.503502547455687510e-02
5.802722786241900030e+04 7.051288948035602289e+01 2.185326332151419915e-01 7.580076258729967487e-01 2.345974091186124599e-02
5.802722991431709670e+04 9.040475740064748322e+01 3.666530958252848249e-01 5.931719139845287314e-01 4.017499019018639511e-02
5.804717128001160017e+04 1.232004416627839589e+02 6.974904992610774235e-01 2.242242944774121838e-01 7.828520626151033723e-02
5.804717335414350237e+04 1.064791385821318102e+02 5.242397724892349231e-01 4.165552102755240571e-01 5.920501723524091570e-02
5.804717539915510133e+04 1.035970313972722749e+02 5.273724074143966156e-01 4.093328231406757611e-01 6.329476944492769264e-02
5.806711620378470252e+04 6.941206389248067410e+01 2.152183286176148902e-01 7.613006907699697567e-01 2.348098061241536000e-02
5.806711827559029916e+04 5.878989822851834646e+01 1.515049504541110537e-01 8.322741151552313088e-01 1.622093439065766876e-02
5.806712032084490056e+04 5.670280639684004598e+01 1.400804725777025361e-01 8.450130946612182115e-01 1.490643276107922292e-02
5.808724157672449655e+04 1.210487405233266429e+02 6.837347271525091585e-01 2.383392765166159610e-01 7.792599633087485267e-02
5.808724364856479951e+04 7.249975505328617942e+01 2.473878249673831520e-01 7.241733792211125786e-01 2.843879581150438388e-02
5.808724569266199978e+04 6.787500060886945619e+01 2.173445608449012523e-01 7.576113352779006993e-01 2.504410387719805189e-02
5.779215325717590167e+04 nan nan nan nan
5.792427877131939749e+04 5.368586105586355472e+01 1.322198387357878535e-01 8.529651823687328660e-01 1.481497889547932212e-02
5.800728235692129965e+04 6.968977323444877925e+01 2.058104029140432056e-01 7.728874107119765302e-01 2.130218637398031620e-02
