5.779215325717590167e+04 1.888303798075645830e+02 5.517996453114262234e-01 4.273435997827964572e-01 2.085675490577734367e-02
5.792428081768519769e+04 2.917088488901251253e+02 9.549604518950987053e-01 1.886379397027563784e-02 2.617575413462555275e-02
5.769027430456019647e+04 2.740927528584473976e+02 7.677523211308263651e-01 2.130841798973168999e-01 1.916349897185670031e-02
5.769027637618059816e+04 nan nan nan nan
5.769027842137729749e+04 nan nan nan nan
5.771031376891199761e+04 2.432090278780873120e+02 6.809502907149447282e-01 2.999027826778624672e-01 1.914692660719278031e-02
5.771031584190970170e+04 2.087998947971143764e+02 4.993061528188663112e-01 4.867269183065683347e-01 1.396692887456536802e-02
5.771031791396989865e+04 2.349869703059499955e+02 6.376428514597886066e-01 3.443727853857178611e-01 1.798436315449350106e-02
5.773005960144680284e+04 1.431475081904463877e+02 2.364406474506869082e-01 7.568958229412446892e-01 6.663529608068451994e-03
5.773006167439820274e+04 1.461409932935856375e+02 2.507420219068392520e-01 7.420678310109087850e-01 7.190147082251906706e-03
5.773006371857639897e+04 1.562749436994127450e+02 2.815706762215238745e-01 7.105002258352000055e-01 7.929097943276142493e-03
5.775121951108799840e+04 1.792142843773044376e+02 4.509174004745821751e-01 5.336202181262151845e-01 1.546238139920258145e-02
5.775122158401620254e+04 2.381034629883803291e+02 7.932816181939014166e-01 1.796070410684111329e-01 2.711134073768751637e-02
5.775122365315970092e+04 2.309157294122630049e+02 7.565992567963932824e-01 2.171795516183448183e-01 2.622119158526184032e-02
5.777217672754629893e+04 1.518390512193907114e+02 3.915750570920091822e-01 5.921810276894657887e-01 1.624391521852492498e-02
5.777217880186340335e+04 1.941780965273376012e+02 6.278769237516490520e-01 3.465857043221630129e-01 2.553737192618785179e-02
5.777218087349540292e+04 1.164637322061129225e+02 2.245763909424579319e-01 7.663417569254065143e-01 9.081852132135479275e-03
5.779215533016200061e+04 1.584296075086278108e+02 3.939168506310509188e-01 5.909835973519174113e-01 1.509955201703168208e-02
5.779215737432870083e+04 1.657051536076780565e+02 4.305918742348365802e-01 5.529155964179450766e-01 1.649252934721829114e-02
5.781407066592590127e+04 1.050908445621532650e+02 1.853196808644424487e-01 8.070850886110321198e-01 7.595230524525372479e-03
5.781407271684030275e+04 1.348204262385509082e+02 3.045135934042449422e-01 6.830260746061088684e-01 1.246033198964615132e-02
5.781407476171299641e+04 1.686068784944740742e+02 4.700861977555596538e-01 5.109278641390084807e-01 1.898593810543186891e-02
5.784001739725690277e+04 2.131470330555977171e+02 6.494090593246917287e-01 3.279181102936173375e-01 2.267283038169101358e-02
5.784001944450230076e+04 1.683430375782367605e+02 4.194501604286661189e-01 5.653863887160660573e-01 1.516345085526776132e-02
5.784002148980319907e+04 2.182925131339712266e+02 7.036128039049107663e-01 2.710115316277374453e-01 2.537566446735180573e-02
5.787533455383100227e+04 nan nan nan nan
5.787533659894680022e+04 nan nan nan nan
5.787533865168980265e+04 nan nan nan nan
5.790430335493059829e+04 2.768573811033945731e+02 7.218765725081395246e-01 2.615183342203745154e-01 1.660509327148599126e-02
5.790430540251159982e+04 2.779775289681979871e+02 7.276940882601731220e-01 2.555678197450681477e-01 1.673809199475874421e-02
5.790430745078699692e+04 2.446474875864394676e+02 5.803587043765834341e-01 4.058964735670087531e-01 1.374482205640776070e-02
5.792427877131939749e+04 2.652641185198711469e+02 7.074713663494864857e-01 2.751550921896964153e-01 1.737354146081719966e-02
5.792428286165509780e+04 2.422749401616329692e+02 8.375552732064436290e-01 1.332544911059003745e-01 2.919023568765596183e-02
5.794530624362269737e+04 2.624963848863513363e+02 7.526022893218432541e-01 2.273200988371247011e-01 2.007761184103206212e-02
5.794530829116899986e+04 2.528913404885287264e+02 6.629594770598855602e-01 3.202550459676519745e-01 1.678547697246253120e-02
5.794531036168980063e+04 2.615288194236516119e+02 6.934888721009354606e-01 2.893372835033028445e-01 1.717384439576176078e-02
5.796536762567130063e+04 nan nan nan nan
5.796536967586810351e+04 nan nan nan nan
5.796537174803239759e+04 nan nan nan nan
5.798533858755789697e+04 2.922343759560507692e+02 8.188597501298984227e-01 1.619630990658784964e-01 1.917715080422313992e-02
5.798534066471060214e+04 2.753793802932146377e+02 7.260686364292860961e-01 2.569520489848433065e-01 1.697931458587051759e-02
5.798534274004629697e+04 2.919619141823743007e+02 8.148824766891072935e-01 1.660907479858834690e-01 1.902677532500920282e-02
5.800727823920139781e+04 1.405962359303291294e+02 2.008366752205112959e-01 7.941794594834375998e-01 4.983865296051023623e-03
5.800728031033559819e+04 1.604535252448613676e+02 2.608498372812895760e-01 7.326949545671949116e-01 6.455208151515403996e-03
5.800728235692129965e+04 1.570239297829048724e+02 2.498036497203711959e-01 7.440148554351044830e-01 6.181494844524230980e-03
5.802722581484950206e+04 2.552026066221202996e+02 6.943816839291735432e-01 2.875360049001545737e-01 1.808231117067194207e-02
5.802722786241900030e+04 2.885348427191416931e+02 8.757710560749002449e-01 1.017274018205099884e-01 2.250154210458977372e-02
5.802722991431709670e+04 2.387314062168180158e+02 6.024507492939784603e-01 3.819949094733043338e-01 1.555434123271706888e-02
5.804717128001160017e+04 2.383184568957921385e+02 6.080006424870092463e-01 3.761021677989120349e-01 1.589718971407867720e-02
5.804717335414350237e+04 2.175685554344836135e+02 5.078954167367445427e-01 4.787944020556185176e-01 1.331018120763678182e-02
5.804717539915510133e+04 2.063054927445810165e+02 4.530846485943351154e-01 5.351348235509104656e-01 1.178052785475442767e-02
5.806711620378470252e+04 2.204748171973120634e+02 5.036726476196947688e-01 4.835803992734445389e-01 1.274695310686065584e-02
5.806711827559029916e+04 2.749272045445932235e+02 7.802096972380926365e-01 2.001198257236486144e-01 1.967047703825875599e-02
5.806712032084490056e+04 2.694650120434102973e+02 7.544627910842647278e-01 2.263903065794435066e-01 1.914690233629171359e-02
5.808724157672449655e+04 1.879449035299512900e+02 4.146700992671833452e-01 5.734401713110491849e-01 1.188972942176742299e-02
5.808724364856479951e+04 2.179843930056900092e+02 5.510573467928890912e-01 4.333338203721732174e-01 1.560883283493767065e-02
5.808724569266199978e+04 2.792571627905532523e+02 9.086997017573370528e-01 6.543843770892834866e-02 2.586186053373469226e-02
