5.829532741466440348e+04 2.261372266941709341e+01 7.810454571922292172e-03 9.920467769877819864e-01 1.427684402956618946e-04
5.808724157672449655e+04 2.845708897261433989e+01 1.128855460432899582e-02 9.885231154202521742e-01 1.883299754187609996e-04
5.829532946312500280e+04 2.293210897477704080e+01 7.943490370368547562e-03 9.919129082970629119e-01 1.436013325684756163e-04
5.775121951108799840e+04 2.836250166098811221e+01 1.399801767136247925e-02 9.857104627528938678e-01 2.915195757436885764e-04
5.796537174803239759e+04 4.880101522915800238e+00 2.365216726765105842e-03 9.973536528240465326e-01 2.811304491882926681e-04
5.779215325717590167e+04 1.994424415193861222e+01 7.223881966143827840e-03 9.926191071221296403e-01 1.570109117264734415e-04
5.817206415429399931e+04 2.688981268535616209e+01 1.157578231092895767e-02 9.882024241630767980e-01 2.217935259942178223e-04
5.784002148980319907e+04 2.356893327975225105e+01 9.988138470662065449e-03 9.897969236437828000e-01 2.149378855551259252e-04
5.798533858755789697e+04 4.302998156522077977e+01 2.182825481416174329e-02 9.778637673755645743e-01 3.079778102736590640e-04
5.819206921809029882e+04 2.859192239606110775e+01 1.355880240908374952e-02 9.861720567110067170e-01 2.691408799094043057e-04
5.796536967586810351e+04 6.754490970190730970e+00 3.321745759561236903e-03 9.963888057794725306e-01 2.894484609662351104e-04
5.814908097353010089e+04 2.220664726697667746e+01 7.266065985787504081e-03 9.926058023686801235e-01 1.281316455324454202e-04
5.812924428798609733e+04 2.612035536196899344e+01 1.156459341945580317e-02 9.882008075072604703e-01 2.345990732836495426e-04
5.775122365315970092e+04 2.748616314093854740e+01 1.336780343066971966e-02 9.863491124029659662e-01 2.830841663642170145e-04
5.771031791396989865e+04 2.938806386669582693e+01 1.189249799865347949e-02 9.879115146963265426e-01 1.959873050198935446e-04
5.787533455383100227e+04 nan nan nan nan
5.769027842137729749e+04 nan nan nan nan
5.779215533016200061e+04 1.955112953912271223e+01 7.033993045543257203e-03 9.928110953757747215e-01 1.549115786820730528e-04
5.821201456310189678e+04 2.382482330905530787e+01 1.042341359882197581e-02 9.893475079270249717e-01 2.290784741529712444e-04
5.833837217414350016e+04 2.949032114136485561e+01 1.420324275213496329e-02 9.855191442904196464e-01 2.776129574454490930e-04
5.773005960144680284e+04 3.030248410428011852e+01 1.392849157683751470e-02 9.858186511648553418e-01 2.528572583071137577e-04
5.781407271684030275e+04 2.428709687731704037e+01 1.165878774080853289e-02 9.880654217618629609e-01 2.757904973283949244e-04
5.794530829116899986e+04 2.791517768236725061e+01 1.133923455649171221e-02 9.884632912258790594e-01 1.974742176291317570e-04
5.829533153267359739e+04 2.320929265804268837e+01 8.084775132904975861e-03 9.917700017355182140e-01 1.452231315767554744e-04
5.781407476171299641e+04 2.468515045649095541e+01 1.194616692808550019e-02 9.877735419655315763e-01 2.802911063828876373e-04
5.802722786241900030e+04 3.327981204605126209e+01 1.405495647103991406e-02 9.857315813210727473e-01 2.134622078873257996e-04
5.802722581484950206e+04 3.299676632313176583e+01 1.404137650237180165e-02 9.857419028330420829e-01 2.167206645861192624e-04
5.800728235692129965e+04 3.744628969597353318e+01 1.704886662644784431e-02 9.827030502862070804e-01 2.480830873450482030e-04
5.794531036168980063e+04 2.669757137817730097e+01 1.089311585664533809e-02 9.889076405113652601e-01 1.992436319893653982e-04
5.812924838425929920e+04 2.533899016980083374e+01 1.131388262346601226e-02 9.884475184702398165e-01 2.385989062942228775e-04
5.806711620378470252e+04 3.832528472890803783e+01 1.853348759387225125e-02 9.811866353866525170e-01 2.798770194751482097e-04
5.769027637618059816e+04 nan nan nan nan
5.808724364856479951e+04 2.884764793988458109e+01 1.146524003765495708e-02 9.883457132183556260e-01 1.890467439894179572e-04
5.790430540251159982e+04 3.992640652344919516e+01 1.860673784725846991e-02 9.811333397302611781e-01 2.599224224801511196e-04
5.833638176340280188e+04 nan nan nan nan
5.773006371857639897e+04 3.186952816007548961e+01 1.487228228454978186e-02 9.848670857435957160e-01 2.606319718545193243e-04
5.821201249052079947e+04 2.400268552745155048e+01 1.071053942510903634e-02 9.890511590974652156e-01 2.383014774257391413e-04
5.808724569266199978e+04 2.812854535735354489e+01 1.097833476763122873e-02 9.888393587508124138e-01 1.823064815563421104e-04
5.773006167439820274e+04 3.004057108359115702e+01 1.391184047263062211e-02 9.858314886909266272e-01 2.566708364425378665e-04
5.794530624362269737e+04 2.534859959993647749e+01 1.030354788349056340e-02 9.894987144696617554e-01 1.977376468476276471e-04
5.804717539915510133e+04 3.791968052047759130e+01 1.871355191210185426e-02 9.809949693836589324e-01 2.914787042392718414e-04
5.781407066592590127e+04 2.437531681369557290e+01 1.189761507003892285e-02 9.878172548692225607e-01 2.851300607383900959e-04
5.833637767010420066e+04 2.229623191590629361e+01 1.032081895325812765e-02 9.894227390850565129e-01 2.564419616852987708e-04
5.812924633899309993e+04 2.647488014956610058e+01 1.205748001528756871e-02 9.876942816706312245e-01 2.482383140811245700e-04
5.817206622546300059e+04 2.666749297546906305e+01 1.152701167858895953e-02 9.882493775063431185e-01 2.236108150679194163e-04
5.804717335414350237e+04 3.836946454010783469e+01 1.927995483880277222e-02 9.804178661716845822e-01 3.021789895127412824e-04
5.819206714510419988e+04 2.838495076659243566e+01 1.354046440642893596e-02 9.861871936413666440e-01 2.723419522043104093e-04
5.800728031033559819e+04 3.752695233738405989e+01 1.716713771762023305e-02 9.825824054359209025e-01 2.504568464588565412e-04
5.833438367489579832e+04 nan nan nan nan
5.779215737432870083e+04 1.965373228293114849e+01 7.025909587705186053e-03 9.928211441885135269e-01 1.529462237812185676e-04
5.784001944450230076e+04 2.373799282576731429e+01 1.000799057755118529e-02 9.897792790482025094e-01 2.127303742461748534e-04
5.790430335493059829e+04 3.980925308450982669e+01 1.860503643164221690e-02 9.811335568723065226e-01 2.614066960510527302e-04
5.787533659894680022e+04 nan nan nan nan
5.824233037000000331e+04 nan nan nan nan
5.821201660828699823e+04 2.345105865756098495e+01 1.018788562715070706e-02 9.895862400140912341e-01 2.258743587579222813e-04
5.787533865168980265e+04 nan nan nan nan
5.814907685391200357e+04 2.238684748034922833e+01 7.480665717972379523e-03 9.923856998621803926e-01 1.336344198472469902e-04
5.806712032084490056e+04 3.995508779129418286e+01 1.972265440432059702e-02 9.799857303212674564e-01 2.916152744119214144e-04
5.829438320649309753e+04 2.796368555616099272e+01 1.223403119030535072e-02 9.875368957251058344e-01 2.290730845888038099e-04
5.792428081768519769e+04 3.370925421790516907e+01 1.540161802347389530e-02 9.843485441892524390e-01 2.498377872735430558e-04
5.784001739725690277e+04 2.476761191611925028e+01 1.055246450015881812e-02 9.892302837673476734e-01 2.172517324934254907e-04
5.824232628091429797e+04 nan nan nan nan
5.798534274004629697e+04 4.239595652450474716e+01 2.120751581378076817e-02 9.784930134158471571e-01 2.994707703721137884e-04
5.777217672754629893e+04 2.216590170601320153e+01 1.008616177284583047e-02 9.896660362483471474e-01 2.478019788068975345e-04
5.824232832606480224e+04 nan nan nan nan
5.790430745078699692e+04 4.095993925051109841e+01 1.937727485711823738e-02 9.803548758473635827e-01 2.678492955180203903e-04
5.802722991431709670e+04 3.302631992485914481e+01 1.398455313393586613e-02 9.858008612849377128e-01 2.145855811263274447e-04
5.833637971909720363e+04 2.321338927109335160e+01 1.090499612563260168e-02 9.888308860934378330e-01 2.641177809295396409e-04
5.792427877131939749e+04 3.798295673478082790e+01 1.729128788325901001e-02 9.824606840305241118e-01 2.480280862167520716e-04
5.771031376891199761e+04 2.960028807573272758e+01 1.206146876754035126e-02 9.877398155078156439e-01 1.987157246439150203e-04
5.833837629008100339e+04 3.127967698000358610e+01 1.558290250966015873e-02 9.841200705064852006e-01 2.970269838545947297e-04
5.798534066471060214e+04 4.259504891705473284e+01 2.142614603490944000e-02 9.782710276613753031e-01 3.028263037152857944e-04
5.817206208312499803e+04 2.742059481923738673e+01 1.212609028337127692e-02 9.876398581411184319e-01 2.340515755103294009e-04
5.833538252938660298e+04 nan nan nan nan
5.777217880186340335e+04 2.223197538130633788e+01 9.947690059751481892e-03 9.898126959881412557e-01 2.396139521071113162e-04
5.777218087349540292e+04 2.207555327864377048e+01 9.779799558746917268e-03 9.899853126573412432e-01 2.348877839118803442e-04
5.833837424369210203e+04 3.013138889556213229e+01 1.458107340937849807e-02 9.851386644670548920e-01 2.802621235664211818e-04
5.819207126362270355e+04 2.785775124945423187e+01 1.322482529330675990e-02 9.865054557371573107e-01 2.697189695359134757e-04
5.814907892689810251e+04 2.217783902856676548e+01 7.261748772628261010e-03 9.926099391007039419e-01 1.283121266679598945e-04
5.771031584190970170e+04 2.971024925271067474e+01 1.212180972179671169e-02 9.876789642616649045e-01 1.992260165383222996e-04
5.804717128001160017e+04 3.824212864747061502e+01 1.919621031595773394e-02 9.805022318608415111e-01 3.015578232007236109e-04
5.769027430456019647e+04 4.036803781498137056e+01 1.966771641027772674e-02 9.800481933507324550e-01 2.840902389898412352e-04
5.833538045563660125e+04 2.704581094781141459e+01 1.240338125494402054e-02 9.873449067640663879e-01 2.517119809894417001e-04
5.806711827559029916e+04 3.987231767530562365e+01 1.957474071685101624e-02 9.801368077897508746e-01 2.884514933981870057e-04
5.775122158401620254e+04 2.843902425385448041e+01 1.407003232491874437e-02 9.856370237311693483e-01 2.929439439119982500e-04
5.792428286165509780e+04 2.648809324871919912e+01 1.200585361766337913e-02 9.877482747573554933e-01 2.458716249810875441e-04
5.800727823920139781e+04 3.749686972054133349e+01 1.718428662931853479e-02 9.825643530595343789e-01 2.513603111469052301e-04
5.796536762567130063e+04 nan nan nan nan
