5.769027430456019647e+04 nan nan nan nan
5.769027637618059816e+04 nan nan nan nan
5.769027842137729749e+04 nan nan nan nan
5.771031376891199761e+04 2.372750714415627726e+02 7.030060543712189913e-01 2.755531181763862802e-01 2.144082745239473883e-02
5.771031584190970170e+04 8.528128203998544166e+01 8.853077570007669705e-02 9.088370858159624532e-01 2.632138483960860115e-03
5.771031791396989865e+04 8.786632675422657712e+01 9.665297015929966151e-02 9.003916513803162935e-01 2.955378460384096989e-03
5.773005960144680284e+04 1.670731219410282336e+02 3.358545772478550018e-01 6.542754261271876981e-01 9.869996624957298390e-03
5.773006167439820274e+04 1.832109521895179967e+02 4.091306533058856609e-01 5.786893039597574839e-01 1.218004273435688810e-02
5.773006371857639897e+04 1.972121441236655528e+02 4.670711836067710232e-01 5.192286300223106776e-01 1.370018637091822457e-02
5.775121951108799840e+04 1.678308136206020720e+02 4.635256984733268082e-01 5.178434857697631344e-01 1.863081575691011293e-02
5.775122158401620254e+04 1.575892262342551078e+02 4.131429265759802849e-01 5.700699905703364712e-01 1.678708285368317454e-02
5.775122365315970092e+04 1.878672979977727380e+02 5.948960150327102792e-01 3.806129364758576994e-01 2.449104849143200410e-02
5.777217672754629893e+04 1.708274461895898071e+02 6.178568701901525628e-01 3.501918616272705620e-01 3.195126818257697926e-02
5.777217880186340335e+04 1.725617216332390740e+02 6.214074717991225905e-01 3.469193496713591784e-01 3.167317852951825191e-02
5.777218087349540292e+04 1.234703834496276755e+02 3.179783041557842083e-01 6.658223670278694550e-01 1.619932881634634711e-02
5.792428081768519769e+04 2.367230373684001847e+02 7.124047902451242642e-01 2.654744392623198945e-01 2.212077049255584474e-02
5.792428286165509780e+04 2.181104289067461082e+02 7.678948207447249263e-01 2.018305906567622321e-01 3.027458859851296993e-02
5.794530624362269737e+04 nan nan nan nan
5.794530829116899986e+04 nan nan nan nan
5.794531036168980063e+04 nan nan nan nan
5.796536762567130063e+04 nan nan nan nan
5.796536967586810351e+04 5.941427753809037426e+01 2.340142869322828223e-01 7.280951777565347616e-01 3.789053531118237450e-02
5.796537174803239759e+04 5.743654294644743885e+01 2.753981986298446594e-01 6.684487652458686036e-01 5.615303612428675095e-02
5.798533858755789697e+04 2.728657591029396485e+02 7.742332767112672931e-01 2.061026618850530512e-01 1.966406140367976327e-02
5.798534066471060214e+04 2.485101730583145070e+02 6.398557828294569871e-01 3.439521054349130025e-01 1.619211173562996181e-02
5.798534274004629697e+04 2.598157920889167372e+02 6.978369533506338929e-01 2.845431046583670187e-01 1.761994199099918904e-02
5.800727823920139781e+04 1.134178522053090177e+02 1.506928720465170179e-01 8.449954112357356273e-01 4.311716717747506554e-03
5.800728031033559819e+04 1.148482243847692530e+02 1.536297018763428945e-01 8.419998150534038217e-01 4.370483070253458960e-03
5.779215533016200061e+04 1.376539051793969293e+02 3.912158341852641219e-01 5.890561497827691007e-01 1.972801603196671499e-02
5.779215737432870083e+04 1.532303859703214641e+02 4.903634060068094991e-01 4.846231235144295435e-01 2.501347047876090190e-02
5.781407066592590127e+04 1.762500354935263545e+02 5.347718808773601618e-01 4.427424229898035413e-01 2.248569613283625881e-02
5.781407271684030275e+04 2.023909362978141075e+02 7.046149249897925015e-01 2.657811569089310044e-01 2.960391810127643158e-02
5.781407476171299641e+04 1.767203763998076340e+02 5.318310317455993141e-01 4.460481223766878944e-01 2.212084587771286082e-02
5.784001739725690277e+04 1.800468593615396173e+02 5.509541854201622790e-01 4.261746905088041326e-01 2.287112407103355019e-02
5.784001944450230076e+04 2.097304236417257641e+02 7.692261387895541480e-01 1.979180014875611404e-01 3.285585972288470463e-02
5.784002148980319907e+04 1.894899854749997701e+02 6.366333962047800998e-01 3.357967828346004602e-01 2.756982096061944693e-02
5.787533455383100227e+04 nan nan nan nan
5.787533659894680022e+04 nan nan nan nan
5.787533865168980265e+04 nan nan nan nan
5.790430335493059829e+04 1.992556236954957569e+02 4.501881934325583368e-01 5.373438677047086554e-01 1.246793886273306166e-02
5.790430540251159982e+04 2.325255220804790213e+02 6.025982105854715831e-01 3.809980804239168628e-01 1.640370899061161306e-02
5.790430745078699692e+04 2.115444075241181281e+02 5.031195087995550264e-01 4.830649833119035619e-01 1.381550788854146554e-02
5.802722581484950206e+04 1.936650918396185546e+02 4.543139255358737416e-01 5.322449054352034192e-01 1.344116902892287906e-02
5.802722786241900030e+04 2.641359035806872271e+02 8.312442415751907232e-01 1.445660819382949824e-01 2.418967648651425273e-02
5.802722991431709670e+04 1.921464325585976098e+02 4.359510711428535856e-01 5.514759413552112743e-01 1.257298750193513830e-02
5.804717128001160017e+04 2.228632301650906697e+02 5.735858369532910173e-01 4.102353136042696247e-01 1.617884944243930256e-02
5.804717335414350237e+04 1.977765191862260110e+02 4.490115518995581034e-01 5.383993908803285100e-01 1.258905722011336922e-02
5.804717539915510133e+04 2.035578484248952691e+02 4.801057736647863505e-01 5.063071570229110696e-01 1.358706931230250527e-02
5.806711620378470252e+04 2.100668942912433295e+02 4.904874360915415510e-01 4.961967357398405221e-01 1.331582816861793389e-02
5.806711827559029916e+04 2.773446352538227870e+02 8.876006203977929720e-01 8.738306718525215566e-02 2.501631241695492433e-02
5.806712032084490056e+04 2.498278905742479310e+02 7.114400609601628789e-01 2.687527690865536556e-01 1.980716995328345165e-02
5.808724157672449655e+04 8.088004897821282668e+01 9.092458952360238378e-02 9.059886173529433373e-01 3.086793123454373462e-03
5.808724364856479951e+04 8.711487831865312614e+01 1.060118883657499844e-01 8.903710816459385891e-01 3.617029988311518032e-03
5.808724569266199978e+04 8.023136754906772694e+01 8.837541182305562459e-02 9.086611071678409868e-01 2.963481009103336589e-03
5.779215325717590167e+04 1.511518788966932050e+02 4.584554809039966816e-01 5.190749432089123427e-01 2.246957588709099299e-02
5.792427877131939749e+04 2.254139203508854621e+02 5.902884035357675030e-01 3.929623730581994212e-01 1.674922340603314519e-02
5.800728235692129965e+04 1.181012481500095959e+02 1.633727546147454024e-01 8.319533614288605605e-01 4.673883956394089129e-03
