5.769027430456019647e+04 nan nan nan nan
5.769027637618059816e+04 nan nan nan nan
5.769027842137729749e+04 nan nan nan nan
5.771031376891199761e+04 2.611868783021258196e+02 8.518390577332031199e-01 1.221808896904304914e-01 2.598005257636634702e-02
5.771031584190970170e+04 2.560109875691578054e+02 7.978183818460223842e-01 1.784614095659208255e-01 2.372020858805687013e-02
5.771031791396989865e+04 2.728675387922563687e+02 9.321246854946461102e-01 3.937353940870805258e-02 2.850177509664581291e-02
5.773005960144680284e+04 2.613535705179523347e+02 8.218545633792889715e-01 1.539930137678491573e-01 2.415242285286181220e-02
5.773006167439820274e+04 2.387243324519349699e+02 6.946283925053081676e-01 2.846921413220930841e-01 2.067946617259873443e-02
5.773006371857639897e+04 2.660323738742559385e+02 8.499331018811874250e-01 1.251365613580069924e-01 2.493033676080566238e-02
5.775121951108799840e+04 2.259215576712264522e+02 8.399351660737207625e-01 1.263047266044849404e-01 3.376010732179432483e-02
5.775122158401620254e+04 2.322810391209640386e+02 8.975833661773563454e-01 6.594546278993311528e-02 3.647117103271048377e-02
5.775122365315970092e+04 2.147786716681675614e+02 7.775368585732476134e-01 1.904530212948397916e-01 3.201012013191256028e-02
5.777217672754629893e+04 2.037306274435042894e+02 8.787902478206370827e-01 7.576482109733244374e-02 4.544493108203036258e-02
5.777217880186340335e+04 1.829731299073256992e+02 6.986540405263467202e-01 2.657355184020440686e-01 3.561044107160912103e-02
5.777218087349540292e+04 1.862828023477383965e+02 7.237980692727697951e-01 2.393282108301585109e-01 3.687371989707161762e-02
5.792428081768519769e+04 2.691289321649261979e+02 9.208026454119145887e-01 5.060565466270065815e-02 2.859169992538472538e-02
5.792428286165509780e+04 2.339822219033163435e+02 8.837198217766311092e-01 8.143913838578842324e-02 3.484103983758051609e-02
5.794530624362269737e+04 nan nan nan nan
5.794530829116899986e+04 nan nan nan nan
5.794531036168980063e+04 nan nan nan nan
5.796536762567130063e+04 nan nan nan nan
5.796536967586810351e+04 8.367189245007236309e+01 4.641089193934073709e-01 4.607446627145974083e-01 7.514641789199519306e-02
5.796537174803239759e+04 7.840740168642832941e+01 5.132141655563988714e-01 3.821426896395989647e-01 1.046431448040020251e-01
5.798533858755789697e+04 2.996544463945999155e+02 9.337168664446173771e-01 4.256849050437677001e-02 2.371464305100593611e-02
5.798534066471060214e+04 2.893526090907937487e+02 8.674582090224191022e-01 1.105900002406608323e-01 2.195179073692014524e-02
5.798534274004629697e+04 2.963781624774032366e+02 9.080615277065924307e-01 6.901049267635665785e-02 2.292797961705094270e-02
5.800727823920139781e+04 2.451356750804804392e+02 7.039517805314086107e-01 2.759063201246830244e-01 2.014189934390829897e-02
5.800728031033559819e+04 2.549713202124140423e+02 7.571976943266218729e-01 2.212614209130005782e-01 2.154088476037751068e-02
5.779215533016200061e+04 1.230750207311243827e+02 3.127369426535624997e-01 6.714925315155836349e-01 1.577052583085382723e-02
5.779215737432870083e+04 1.128405767191200226e+02 2.659248091097313749e-01 7.205103484066025521e-01 1.356484248366613375e-02
5.781407066592590127e+04 2.286517699597379760e+02 9.000347384957517738e-01 6.212126042175034057e-02 3.784400108249783012e-02
5.781407271684030275e+04 2.285409648308715873e+02 8.984581074972409764e-01 6.379378458102935578e-02 3.774810792172966084e-02
5.781407476171299641e+04 2.063917595338135982e+02 7.254126515379978324e-01 2.444147174860589744e-01 3.017263097594315158e-02
5.784001739725690277e+04 2.164511094911500209e+02 7.962767199043642163e-01 1.706683652991904110e-01 3.305491479644522695e-02
5.784001944450230076e+04 2.194374390792468432e+02 8.420785749263667297e-01 1.219538283705829673e-01 3.596759670305040707e-02
5.784002148980319907e+04 1.944393593984845552e+02 6.703247502557255766e-01 3.006464029068431354e-01 2.902884683743132965e-02
5.787533455383100227e+04 nan nan nan nan
5.787533659894680022e+04 nan nan nan nan
5.787533865168980265e+04 nan nan nan nan
5.790430335493059829e+04 2.784215197866543008e+02 8.789790529901024829e-01 9.667766734557788066e-02 2.434327966431965723e-02
5.790430540251159982e+04 2.878667627071525885e+02 9.235695994114467844e-01 5.128932536597377578e-02 2.514107522257945718e-02
5.790430745078699692e+04 2.633280508322411038e+02 7.795829090281760632e-01 1.990099826385594850e-01 2.140710833326444490e-02
5.802722581484950206e+04 2.414259985384332765e+02 7.060271943966938135e-01 2.730845379859122568e-01 2.088826761739402682e-02
5.802722786241900030e+04 2.416801709693257862e+02 6.959143828039611179e-01 2.838341159640542233e-01 2.025150123198457552e-02
5.802722991431709670e+04 2.843850621793386040e+02 9.549632501270685081e-01 1.749526229915596490e-02 2.754148757377543680e-02
5.804717128001160017e+04 2.823505101826214059e+02 9.206588474078025719e-01 5.337258795821138435e-02 2.596856463398607151e-02
5.804717335414350237e+04 2.767881368836917773e+02 8.794334914336631170e-01 9.590959607019898525e-02 2.465691249613785607e-02
5.804717539915510133e+04 2.881975405383012117e+02 9.623693116912256373e-01 1.039548461153424336e-02 2.723520369724015747e-02
5.806711620378470252e+04 2.877544600662593552e+02 9.203579866366090600e-01 5.465599353518681147e-02 2.498601982820409725e-02
5.806711827559029916e+04 2.821894656737952118e+02 9.188818054937513136e-01 5.522024694714797177e-02 2.589794755910070079e-02
5.806712032084490056e+04 2.729489089635366668e+02 8.492180175212734605e-01 1.271389427857788357e-01 2.364303969294776278e-02
5.808724157672449655e+04 2.616157675191648195e+02 9.513194333160196470e-01 1.638428357339087940e-02 3.229628311058947709e-02
5.808724364856479951e+04 2.427630563103886914e+02 8.232563606649615506e-01 1.486548750417367448e-01 2.808876429330174271e-02
5.808724569266199978e+04 2.398068856027828701e+02 7.895258587160652874e-01 1.839990749704031314e-01 2.647506631353161236e-02
5.779215325717590167e+04 1.396666573997266028e+02 3.914312979529956382e-01 5.893840797220742944e-01 1.918462232493005695e-02
5.792427877131939749e+04 2.855914232714174545e+02 9.475303040950048272e-01 2.558386068917230249e-02 2.688583521582280436e-02
5.800728235692129965e+04 2.834433413172204155e+02 9.410293624011496494e-01 3.204900032956287809e-02 2.692163726928750722e-02
