5.800727823920139781e+04 3.151273586027483731e+01 1.343500448553150775e-02 9.863474615222684871e-01 2.175339922000689918e-04
5.773005960144680284e+04 2.965040399045651043e+01 1.330973895301263213e-02 9.864491031087755379e-01 2.411579382117141380e-04
5.779215325717590167e+04 1.897229390811550065e+00 5.377807302264782071e-04 9.993660592592248371e-01 9.616001054867026881e-05
5.806711620378470252e+04 4.195496571701842470e+01 2.195873405091435665e-02 9.777134186775470193e-01 3.278472715386708146e-04
5.796536762567130063e+04 nan nan nan nan
5.812924838425929920e+04 1.845570690974760453e+01 9.719509567141947429e-03 9.899485569591371936e-01 3.319334737208373730e-04
5.781407476171299641e+04 2.725431902414075580e+01 1.426112926017669702e-02 9.854111824822443522e-01 3.276882575788726435e-04
5.829438320649309753e+04 3.203009149864851679e+01 1.642393624067036220e-02 9.832613890358532505e-01 3.146747234765077364e-04
5.829533153267359739e+04 2.027934164989643762e+01 6.555441635740906492e-03 9.933194979325683516e-01 1.250604316907144239e-04
5.833837629008100339e+04 3.129940512256570173e+01 1.665920015023238457e-02 9.830017528995161902e-01 3.390469502514896027e-04
5.792428081768519769e+04 3.648258044401461575e+01 1.929202043818660506e-02 9.803733162949269664e-01 3.346632668864697562e-04
5.794531036168980063e+04 nan nan nan nan
5.800728031033559819e+04 3.216158581628504010e+01 1.378852719971178538e-02 9.859914921062338244e-01 2.199806940543743751e-04
5.804717539915510133e+04 3.937437182656962165e+01 2.110500775250443578e-02 9.785511434794194052e-01 3.438487680761117779e-04
5.812924633899309993e+04 1.916575178622854381e+01 1.023681345075217429e-02 9.894217566291404475e-01 3.414299201073599591e-04
5.833538045563660125e+04 2.844431018322434213e+01 1.407816784134805800e-02 9.856286583410076574e-01 2.931738176442868376e-04
5.794530624362269737e+04 nan nan nan nan
5.821201660828699823e+04 2.085114190441204940e+01 1.083783949018589550e-02 9.888388279364940248e-01 3.233325733201034826e-04
5.833538252938660298e+04 nan nan nan nan
5.784001739725690277e+04 2.742235981320922278e+01 1.445387201402959648e-02 9.852136350088037675e-01 3.324929771666129122e-04
5.806711827559029916e+04 4.172228004207580199e+01 2.239581357700559314e-02 9.772593434846014171e-01 3.448429383930712994e-04
5.779215533016200061e+04 1.207024327803771158e+01 3.391329582949786751e-03 9.965141922048279532e-01 9.447821222235221238e-05
5.802722786241900030e+04 2.882061323055892288e+01 1.139337043464912214e-02 9.884195950673820841e-01 1.870344979686444674e-04
5.808724157672449655e+04 2.217699499482642267e+01 7.738485037211197473e-03 9.921157912544567026e-01 1.457237083320234888e-04
5.824233037000000331e+04 nan nan nan nan
5.802722581484950206e+04 2.814479609394370385e+01 1.101329286104510419e-02 9.888034495874127305e-01 1.832575515421058072e-04
5.781407271684030275e+04 2.688599348617638540e+01 1.401901350841218766e-02 9.856555948092453612e-01 3.253916823424717118e-04
5.817206622546300059e+04 2.438821887000462496e+01 1.095609036256846996e-02 9.888023775914220881e-01 2.415320460094123759e-04
5.814908097353010089e+04 nan nan nan nan
5.824232628091429797e+04 nan nan nan nan
5.796536967586810351e+04 7.089102991474512727e+00 3.795276479790363894e-03 9.958616967743952886e-01 3.430267458143785903e-04
5.817206415429399931e+04 2.458629774767307907e+01 1.104908680592007857e-02 9.887092056449834354e-01 2.417075490965064585e-04
5.833438367489579832e+04 nan nan nan nan
5.796537174803239759e+04 5.422053225694071443e+00 2.867040424405621277e-03 9.967983304051446503e-01 3.346291704498297308e-04
5.814907892689810251e+04 nan nan nan nan
5.833638176340280188e+04 nan nan nan nan
5.769027637618059816e+04 nan nan nan nan
5.804717128001160017e+04 3.913884314839052081e+01 2.082010543723765081e-02 9.788412270045535601e-01 3.386675582087583661e-04
5.821201456310189678e+04 2.079369669289732414e+01 1.075133459044387910e-02 9.889287132375947920e-01 3.199521719613563167e-04
5.808724364856479951e+04 2.236072066611503573e+01 7.881861864066502799e-03 9.919694385487740629e-01 1.486995871594800202e-04
5.821201249052079947e+04 2.122604869791103965e+01 1.106891257482046052e-02 9.886056291495820547e-01 3.254582755975197268e-04
5.790430335493059829e+04 3.977994245122258832e+01 2.117861994841977943e-02 9.784821528029197246e-01 3.392272486604883553e-04
5.829532946312500280e+04 2.032104534381133831e+01 6.635825252753213901e-03 9.932365539336862614e-01 1.276208135606418160e-04
5.819206714510419988e+04 2.424169405287664603e+01 1.280048414180507896e-02 9.868658201836959520e-01 3.336956744989704664e-04
5.829532741466440348e+04 1.977466458677125516e+01 6.276243902020744482e-03 9.936031955841675423e-01 1.205605138118855330e-04
5.787533865168980265e+04 nan nan nan nan
5.784002148980319907e+04 2.565221799927068247e+01 1.346994450570397628e-02 9.862000619179412952e-01 3.299935763547756423e-04
5.814907685391200357e+04 nan nan nan nan
5.779215737432870083e+04 1.238717334399815329e+01 3.555717074355717235e-03 9.963456700368661378e-01 9.861288877822138609e-05
5.794530829116899986e+04 nan nan nan nan
5.833837217414350016e+04 3.068124124774441341e+01 1.646338057030418897e-02 9.831920189315068725e-01 3.446004981889195617e-04
5.771031584190970170e+04 2.578603398231025778e+01 9.311161618148844701e-03 9.905327888947336179e-01 1.560494871175710887e-04
5.792427877131939749e+04 4.041503023784130022e+01 2.156881520248216458e-02 9.780903134637662921e-01 3.408713337516783358e-04
5.798533858755789697e+04 4.465617768630991691e+01 2.377934275001227296e-02 9.758812975117919786e-01 3.393597381957306862e-04
5.775122158401620254e+04 2.691793817310697889e+01 1.431704894165060533e-02 9.853443820873434289e-01 3.385689710060186750e-04
5.775121951108799840e+04 2.750354174953324105e+01 1.465450351837038062e-02 9.850057236189555532e-01 3.397728626741137970e-04
5.787533659894680022e+04 nan nan nan nan
5.833637971909720363e+04 2.298542696422955345e+01 1.142634990009118272e-02 9.882778940724361583e-01 2.957560274726869320e-04
5.806712032084490056e+04 4.123434485264193938e+01 2.169573063491615078e-02 9.779729444616951373e-01 3.313249033886992161e-04
5.787533455383100227e+04 nan nan nan nan
5.790430745078699692e+04 4.026682932444460050e+01 2.109686842072055687e-02 9.785746092921366879e-01 3.285222871427870154e-04
5.819206921809029882e+04 2.368595532252101066e+01 1.254085333408876471e-02 9.871236439168459276e-01 3.355027490653932640e-04
5.771031791396989865e+04 2.450439161662813348e+01 8.655373071092405460e-03 9.911953105491047022e-01 1.493163798028578971e-04
5.812924428798609733e+04 1.948075305528125512e+01 1.031507169185910157e-02 9.893493786997487049e-01 3.355496083922874313e-04
5.798534274004629697e+04 4.426470024046957263e+01 2.329394253989315600e-02 9.763746252890884714e-01 3.314321710184233208e-04
5.833837424369210203e+04 3.109114487542666083e+01 1.656410760671498533e-02 9.830961995677369725e-01 3.396928255481046488e-04
5.775122365315970092e+04 2.621448001777036296e+01 1.371541552766372164e-02 9.859569729549785277e-01 3.276115173578313848e-04
5.792428286165509780e+04 2.881411320002650100e+01 1.524955113872881671e-02 9.844152308676769048e-01 3.352179935942700239e-04
5.773006371857639897e+04 3.070254321442897805e+01 1.375980348695814669e-02 9.859998158784369915e-01 2.403806346047332096e-04
5.790430540251159982e+04 4.009855324842838087e+01 2.101756798438226062e-02 9.786536324526764474e-01 3.287995629413949499e-04
5.833637767010420066e+04 2.314386792212723876e+01 1.162733691093898250e-02 9.880705897849689778e-01 3.020733040920576119e-04
5.824232832606480224e+04 nan nan nan nan
5.773006167439820274e+04 2.812117789985534699e+01 1.239805510726100374e-02 9.873693159075601633e-01 2.326289851787466563e-04
5.804717335414350237e+04 3.949179086925393989e+01 2.107973305240866749e-02 9.785792780227202670e-01 3.409889248711168888e-04
5.777218087349540292e+04 2.066033087241545374e+01 1.009918611937864370e-02 9.896148429266675706e-01 2.859709539537790631e-04
5.781407066592590127e+04 2.689670497490604717e+01 1.423766853096376794e-02 9.854269776054890295e-01 3.353538635471759182e-04
5.798534066471060214e+04 4.451545493138034715e+01 2.362868682496928330e-02 9.760341180732482469e-01 3.371951017825348062e-04
5.819207126362270355e+04 2.364303130232075745e+01 1.223944710198454980e-02 9.874398218510425096e-01 3.207310469729823506e-04
5.771031376891199761e+04 2.492303715280021592e+01 8.902773031361763123e-03 9.909445152410113478e-01 1.527117276269043214e-04
5.802722991431709670e+04 2.858899094294520182e+01 1.118109753630749589e-02 9.886358418411975713e-01 1.830606224948725692e-04
5.777217672754629893e+04 2.094046618355580236e+01 1.047570153815276239e-02 9.892247843713952715e-01 2.995140904520080991e-04
5.777217880186340335e+04 2.091432936514129182e+01 1.040797930234715549e-02 9.892956272008217589e-01 2.963934968311383433e-04
5.769027842137729749e+04 nan nan nan nan
5.808724569266199978e+04 2.236101900465349601e+01 7.859603616478617882e-03 9.919925394063170421e-01 1.478569772043126964e-04
5.769027430456019647e+04 nan nan nan nan
5.817206208312499803e+04 2.525649382426895073e+01 1.159301319786447751e-02 9.881548302504874481e-01 2.521565516479204482e-04
5.800728235692129965e+04 3.162257964817081302e+01 1.346042570209993357e-02 9.863227306437599706e-01 2.168436541400979209e-04
5.784001944450230076e+04 2.596038475568528625e+01 1.343290443300788548e-02 9.862466595554399973e-01 3.204360115521236846e-04
