5.781407131400000071e+04 1.312578707660131556e+02 1.037982998017096398e-01 4.226963712226333714e-02 8.539320630760269815e-01
5.781407131400000071e+04 1.312578707660131556e+02 1.037982998017096398e-01 4.226963712226333714e-02 8.539320630760269815e-01
5.781407131400000071e+04 1.312578707660131556e+02 1.037982998017096398e-01 4.226963712226333714e-02 8.539320630760269815e-01
5.781407131400000071e+04 1.312578707660131556e+02 1.037982998017096398e-01 4.226963712226333714e-02 8.539320630760269815e-01
5.806711679400000139e+04 1.980092055744865434e+02 1.534688468780924797e-01 2.624902800378007758e-02 8.202821251181273698e-01
5.804717194600000221e+04 1.960127557991862943e+02 1.537685129186658339e-01 5.882443306424368738e-03 8.403490437749097097e-01
5.779215390399999887e+04 1.512813190298631980e+02 1.181644651772831706e-01 4.873630494768911581e-02 8.330992298750277136e-01
5.777217733199999930e+04 1.324272607294075499e+02 1.067098166471311671e-01 6.649802853743443792e-03 8.866403804991254134e-01
5.775122012600000016e+04 1.541376465162310865e+02 1.225516169591738258e-01 1.424289062486338436e-02 8.632054924159627829e-01
5.773006016000000091e+04 1.785474550185440421e+02 1.351447642154871842e-01 8.253480540503489726e-02 7.823204303794778491e-01
5.771031441199999972e+04 1.797228302938908655e+02 1.380708103510982498e-01 5.601129376400063031e-02 8.059178958849011476e-01
5.769027495199999976e+04 1.992061271338369863e+02 1.544562043336719648e-01 2.462748919416489490e-02 8.209163064721631820e-01
5.802722648599999957e+04 1.969289094391596961e+02 1.530071278774031707e-01 2.266890898624954534e-02 8.243239631363472597e-01
5.800727888800000073e+04 2.056246302855454076e+02 1.582336261939556454e-01 3.315314248419577725e-02 8.086132313218485912e-01
5.798533924600000319e+04 2.161303600552182616e+02 1.681836373434659193e-01 4.961131387613525179e-03 8.268552312689204653e-01
5.794530697499999951e+04 nan nan nan nan
5.792427942800000164e+04 1.935645856396972988e+02 1.511136884847823214e-01 1.664482963755328435e-02 8.322414818776644463e-01
5.790430399600000237e+04 2.139848284759253261e+02 1.662159662623008682e-01 9.886767198470741008e-03 8.238972665392283456e-01
5.784001806000000215e+04 nan nan nan nan
5.781407131400000071e+04 1.312578707660131556e+02 1.037982998017096398e-01 4.226963712226333714e-02 8.539320630760269815e-01
