5.769027430456019647e+04 3.548610028816327144e+02 9.351323976500940383e-01 4.790637433277629420e-02 1.696122801712966408e-02
5.769027637618059816e+04 3.540239543576036567e+02 9.325757640124486825e-01 5.047576247459469728e-02 1.694847351295653004e-02
5.769027842137729749e+04 3.343649915735220475e+02 8.325367704406226865e-01 1.523208933402931120e-01 1.514233621908419626e-02
5.771031376891199761e+04 3.208171499910231432e+02 8.644643461259446937e-01 1.178016558329514490e-01 1.773399804110376357e-02
5.771031584190970170e+04 3.311788017991771653e+02 9.270940561106184585e-01 5.376558091965279867e-02 1.914036296972866646e-02
5.771031791396989865e+04 3.400036849252314823e+02 9.736054689395097217e-01 6.367046819170216372e-03 2.002748424132003158e-02
5.773005960144680284e+04 3.093977309490770722e+02 8.015929867924082020e-01 1.820123988286691252e-01 1.639461437892273873e-02
5.773006167439820274e+04 2.913290122052648030e+02 7.170134337912381639e-01 2.681915737015198586e-01 1.479499250724198960e-02
5.773006371857639897e+04 3.382769810882821844e+02 9.502186477057090741e-01 3.050921668974520412e-02 1.927213560454577035e-02
5.775121951108799840e+04 2.730490038045498977e+02 7.745206287962822511e-01 2.058271147456217365e-01 1.965225645809593261e-02
5.775122158401620254e+04 2.853183085974432061e+02 8.556812591096017995e-01 1.223506459914299738e-01 2.196809489896814696e-02
5.775122365315970092e+04 2.807440633937475809e+02 8.342478854463140081e-01 1.441847686787912086e-01 2.156734587489487001e-02
5.777217672754629893e+04 2.700906744884228488e+02 9.100083548003673473e-01 6.226487918876804500e-02 2.772676601086467366e-02
5.777217880186340335e+04 2.722236582982906157e+02 9.238515845051314956e-01 4.801772962693953706e-02 2.813068586792894649e-02
5.777218087349540292e+04 2.224764051306889030e+02 6.262236237886519286e-01 3.544246988710974544e-01 1.935167734025063438e-02
5.792428081768519769e+04 3.072472054732788820e+02 8.225434599766417998e-01 1.599512439202290248e-01 1.750529610312918927e-02
5.792428286165509780e+04 2.483030592368722864e+02 6.876964699923628910e-01 2.935683838080439534e-01 1.873514619959312094e-02
5.794530624362269737e+04 3.081270824064526437e+02 7.825677964112942586e-01 2.016774419112507266e-01 1.575476167745496273e-02
5.794530829116899986e+04 3.078648620519671226e+02 7.523143381964028098e-01 2.331006740971378888e-01 1.458498770645933959e-02
5.794531036168980063e+04 3.463572401958590490e+02 9.412742929740021136e-01 4.068674718209246144e-02 1.803895984390540760e-02
5.796536762567130063e+04 nan nan nan nan
5.796536967586810351e+04 9.592676440820416417e+01 4.165290960977254819e-01 5.374199391805505321e-01 4.605096472172393041e-02
5.796537174803239759e+04 1.125485131205054188e+02 7.758341196899266601e-01 1.081049991706112684e-01 1.160608811394619883e-01
5.798533858755789697e+04 3.391247807722668313e+02 8.168813202845024435e-01 1.689468307521738710e-01 1.417184896332367335e-02
5.798534066471060214e+04 3.439561573854586527e+02 8.519295518795920730e-01 1.330864114615727678e-01 1.498403665883518351e-02
5.798534274004629697e+04 3.458148521627808805e+02 8.520254890833245387e-01 1.331477758149428592e-01 1.482673510173256048e-02
5.800727823920139781e+04 3.379248496405069773e+02 8.615201530349964054e-01 1.226046814943601015e-01 1.587516547064354161e-02
5.800728031033559819e+04 3.051305082363821839e+02 7.033080808922194116e-01 2.837157174232214363e-01 1.297620168455916427e-02
5.779215533016200061e+04 2.558519279272824178e+02 7.291185938248476717e-01 2.510457488666111292e-01 1.983565730854117831e-02
5.779215737432870083e+04 2.572602173933437371e+02 7.416668510475286080e-01 2.380329586337961989e-01 2.030019031867513063e-02
5.781407066592590127e+04 2.888592066841640644e+02 9.502672499895178371e-01 2.329973317076990472e-02 2.643301683971223046e-02
5.781407271684030275e+04 2.596540950637824494e+02 7.525486781042601825e-01 2.269346705254580154e-01 2.051665137028170841e-02
5.781407476171299641e+04 2.614064114459860093e+02 7.724685776083382027e-01 2.062030943829795127e-01 2.132832800868225340e-02
5.784001739725690277e+04 2.943131676402701373e+02 9.338940345495603257e-01 4.151342164899333997e-02 2.459254380144629964e-02
5.784001944450230076e+04 2.842174853735064062e+02 8.902971323426124295e-01 8.573684306415386980e-02 2.396602459323366255e-02
5.784002148980319907e+04 2.729793891504865542e+02 8.357970977377477961e-01 1.413063738508628653e-01 2.289652841138936287e-02
5.787533455383100227e+04 nan nan nan nan
5.787533659894680022e+04 nan nan nan nan
5.787533865168980265e+04 nan nan nan nan
5.790430335493059829e+04 3.418225640759673070e+02 8.605603333119898890e-01 1.239590296039667222e-01 1.548063708404344777e-02
5.790430540251159982e+04 3.520274757031509125e+02 9.105757049932805547e-01 7.308224136824188755e-02 1.634205363847759593e-02
5.790430745078699692e+04 3.339755817269588647e+02 8.149923439158948124e-01 1.704629394367108697e-01 1.454471664739433699e-02
5.802722581484950206e+04 2.958632549750931844e+02 6.988074390740877107e-01 2.875668047151296314e-01 1.362575621078267359e-02
5.802722786241900030e+04 3.325610155908461820e+02 8.651184494600289154e-01 1.183529490365854697e-01 1.652860150338574322e-02
5.802722991431709670e+04 2.962742510016095139e+02 7.036223153304287381e-01 2.826018149008432401e-01 1.377586976872799407e-02
5.804717128001160017e+04 3.420423328158620393e+02 9.093576784186866435e-01 7.337848191582799218e-02 1.726383966548544757e-02
5.804717335414350237e+04 3.479069299826578003e+02 9.298121921856408179e-01 5.274196516828612291e-02 1.744584264607310434e-02
5.804717539915510133e+04 3.479393841713290385e+02 9.380630060921550939e-01 4.418347387306364310e-02 1.775352003478133239e-02
5.806711620378470252e+04 3.437395950033595682e+02 9.267273978645624855e-01 5.551957076119477807e-02 1.775303137424261504e-02
5.806711827559029916e+04 3.455898525547813733e+02 9.205401057859278202e-01 6.213019192182681755e-02 1.732970229224540040e-02
5.806712032084490056e+04 2.984904190915811455e+02 6.870862113891692546e-01 2.999721487037348422e-01 1.294163990709590317e-02
5.808724157672449655e+04 3.180148684959071943e+02 8.798398593458727213e-01 1.014645129208155694e-01 1.869562773331168853e-02
5.808724364856479951e+04 3.289489549887534849e+02 9.520741386888055269e-01 2.746555402606594767e-02 2.046030728512850810e-02
5.808724569266199978e+04 3.239262398353470189e+02 9.062832756128227363e-01 7.459780645842131741e-02 1.911891792875603652e-02
5.779215325717590167e+04 2.538775889894859858e+02 6.982178486929354611e-01 2.833081572486564892e-01 1.847399405840819894e-02
5.792427877131939749e+04 3.265154262957754554e+02 8.488039585767215289e-01 1.346903006255777968e-01 1.650574079770070896e-02
5.800728235692129965e+04 3.345598097002904296e+02 8.324670005057006605e-01 1.524108281793158659e-01 1.512217131498353427e-02
