5.769027430456019647e+04 1.076007311484658118e+02 5.288519310762985759e-01 4.121462526025488349e-01 5.900181632115258923e-02
5.769027637618059816e+04 1.209240356697808210e+02 6.653941686369976294e-01 2.606520555258580729e-01 7.395377583714424219e-02
5.769027842137729749e+04 1.221824381121204510e+02 6.778290734325163047e-01 2.469999057254439467e-01 7.517102084203973467e-02
5.771031376891199761e+04 9.468528304501458592e+01 4.558025196316145555e-01 4.875975213600393099e-01 5.659995900834604438e-02
5.771031584190970170e+04 8.180109837440065235e+01 3.386013567118599799e-01 6.195494823910853155e-01 4.184916089705469078e-02
5.771031791396989865e+04 9.211249183799220930e+01 4.446552377875059303e-01 4.984283652417496047e-01 5.691639697074451359e-02
5.773005960144680284e+04 nan nan nan nan
5.773006167439820274e+04 nan nan nan nan
5.773006371857639897e+04 1.062396605026260517e+02 5.333638979037204075e-01 4.050756896858466183e-01 6.156041241043291867e-02
5.775121951108799840e+04 1.128162650564383682e+02 7.196591134578020910e-01 1.809519919028886037e-01 9.938889463930931922e-02
5.775122158401620254e+04 8.248996019439263705e+01 3.803159260378260464e-01 5.677664900649971313e-01 5.191758389717685690e-02
5.775122365315970092e+04 9.421941158407638284e+01 5.077575291248461742e-01 4.213076289103064864e-01 7.093484196484729776e-02
5.777217672754629893e+04 nan nan nan nan
5.777217880186340335e+04 nan nan nan nan
5.777218087349540292e+04 nan nan nan nan
5.792428081768519769e+04 8.554360053892666826e+01 3.849874967796363401e-01 5.655420560829014232e-01 4.947044713746229228e-02
5.792428286165509780e+04 nan nan nan nan
5.794530624362269737e+04 nan nan nan nan
5.794530829116899986e+04 nan nan nan nan
5.794531036168980063e+04 nan nan nan nan
5.796536762567130063e+04 nan nan nan nan
5.796536967586810351e+04 nan nan nan nan
5.796537174803239759e+04 nan nan nan nan
5.798533858755789697e+04 1.339133071139373214e+02 7.673275084023569725e-01 1.524785238429387235e-01 8.019396775470433170e-02
5.798534066471060214e+04 1.366972560895680431e+02 8.191069680301227285e-01 9.319511385506019929e-02 8.769791811481704447e-02
5.798534274004629697e+04 1.237806046717839337e+02 6.765541681310138777e-01 2.504786480021588546e-01 7.296718386682723989e-02
5.800727823920139781e+04 1.260815882404492356e+02 6.920559586363373983e-01 2.343560888080243321e-01 7.358795255563835291e-02
5.800728031033559819e+04 1.340759848434873902e+02 7.699444188208931505e-01 1.495095036149337031e-01 8.054607756417310471e-02
5.779215533016200061e+04 nan nan nan nan
5.779215737432870083e+04 nan nan nan nan
5.781407066592590127e+04 nan nan nan nan
5.781407271684030275e+04 8.844212209073580766e+01 5.164641040634109226e-01 4.002465192511917014e-01 8.328937668539729278e-02
5.781407476171299641e+04 7.003891747226060716e+01 3.304120955895299416e-01 6.152302557974698161e-01 5.435764861300016598e-02
5.784001739725690277e+04 nan nan nan nan
5.784001944450230076e+04 nan nan nan nan
5.784002148980319907e+04 nan nan nan nan
5.787533455383100227e+04 nan nan nan nan
5.787533659894680022e+04 nan nan nan nan
5.787533865168980265e+04 nan nan nan nan
5.790430335493059829e+04 1.400445779128585002e+02 8.146955540034326315e-01 1.026462863591379865e-01 8.265815963742934036e-02
5.790430540251159982e+04 9.847702970120428745e+01 4.084573613181808338e-01 5.495231067560881755e-01 4.201953192573101847e-02
5.790430745078699692e+04 1.116081123657731240e+02 5.115724942626831417e-01 4.371117791516581086e-01 5.131572658565879824e-02
5.802722581484950206e+04 1.185919125505894556e+02 6.264832594141106492e-01 3.053556654968344608e-01 6.816107508905484835e-02
5.802722786241900030e+04 1.077114052062217411e+02 5.099207197721388196e-01 4.353386778956356840e-01 5.474060233222549643e-02
5.802722991431709670e+04 1.249873588051334821e+02 7.008175478528967384e-01 2.223923242832517577e-01 7.679012786385147615e-02
5.804717128001160017e+04 1.242557205295773599e+02 7.094904449639168886e-01 2.108774942647710093e-01 7.963206077131215754e-02
5.804717335414350237e+04 1.124745157223069896e+02 5.849371061993163812e-01 3.490030233531898340e-01 6.605987044749377091e-02
5.804717539915510133e+04 1.186801470641174348e+02 6.921160706397130324e-01 2.248167713057943051e-01 8.306715805449256529e-02
5.806711620378470252e+04 1.046292937689822082e+02 4.890079575979152660e-01 4.576397724284869684e-01 5.335226997359780732e-02
5.806711827559029916e+04 1.192643379565100616e+02 6.235088331202064404e-01 3.097349596157824014e-01 6.675620726401124139e-02
5.806712032084490056e+04 5.228661896567970757e+01 1.191103798728586072e-01 8.682146852411493088e-01 1.267493488599202509e-02
5.808724157672449655e+04 1.173279798753760730e+02 6.423478496162555729e-01 2.844430618519918630e-01 7.320908853175249476e-02
5.808724364856479951e+04 9.954588402500104394e+01 4.663928235192850713e-01 4.799923703447835366e-01 5.361480613593128108e-02
5.808724569266199978e+04 1.155659598435459685e+02 6.300702074112062290e-01 2.973282806715281112e-01 7.260151191726567366e-02
5.779215325717590167e+04 nan nan nan nan
5.792427877131939749e+04 1.259999181871319109e+02 7.283117276949168106e-01 1.900823425270901090e-01 8.160592977799309422e-02
5.800728235692129965e+04 1.093045013819058511e+02 5.062969545561553097e-01 4.412993188400037847e-01 5.240372660384090553e-02
