5.769027430456019647e+04 3.107900809232804704e+02 7.172835175629206361e-01 2.697065500201450416e-01 1.300993241693437601e-02
5.769027637618059816e+04 3.167175228956996875e+02 7.463851865047059775e-01 2.400501359086595621e-01 1.356467758663441533e-02
5.769027842137729749e+04 3.172751111999234013e+02 7.496073461867025500e-01 2.367586536450561607e-01 1.363400016824126669e-02
5.771031376891199761e+04 1.831211466811350874e+02 2.816494655815088288e-01 7.125726546328363664e-01 5.777879785654810828e-03
5.771031584190970170e+04 2.566081264328901170e+02 5.565953159127345895e-01 4.319134698964267605e-01 1.149121419083868299e-02
5.771031791396989865e+04 2.131909597884759933e+02 3.827836034878203675e-01 6.093423727610206564e-01 7.874023751159024698e-03
5.773005960144680284e+04 2.182589907106974181e+02 3.988999163969816353e-01 5.929415662346440019e-01 8.158517368374473833e-03
5.773006167439820274e+04 2.425674807920307785e+02 4.970784959803211667e-01 4.926646911387067562e-01 1.025681288097204762e-02
5.773006371857639897e+04 2.410337495550569997e+02 4.824300707118787668e-01 5.077853836312679059e-01 9.784545656853322129e-03
5.775121951108799840e+04 2.675375074965708677e+02 7.435687851829360095e-01 2.375643132558230008e-01 1.886690156124095144e-02
5.775122158401620254e+04 2.795511692468496108e+02 8.214390880313967580e-01 1.574719239283916827e-01 2.108898804021157314e-02
5.775122365315970092e+04 2.541019867751489016e+02 6.834237594050990294e-01 2.989080668358207182e-01 1.766817375908019683e-02
5.777217672754629893e+04 1.814982371845761406e+02 4.109330043673364297e-01 5.765464037082802529e-01 1.252059192438325155e-02
5.777217880186340335e+04 2.098413520804282655e+02 5.489497957578195475e-01 4.343350364373876338e-01 1.671516780479278402e-02
5.777218087349540292e+04 1.668367643912579297e+02 3.521640724344086149e-01 6.369532887737986426e-01 1.088263879179261415e-02
5.792428081768519769e+04 2.703638089404982452e+02 6.369129556825067207e-01 3.495323199489376864e-01 1.355472436855566579e-02
5.792428286165509780e+04 2.334831258245807533e+02 6.080561035954527016e-01 3.753784194892123005e-01 1.656547691533484176e-02
5.794530624362269737e+04 2.025036660580342698e+02 3.380088011353622468e-01 6.551863595507910754e-01 6.804839313846630135e-03
5.794530829116899986e+04 1.943911952069738618e+02 2.999385388012265619e-01 6.942466047232250803e-01 5.814856475548407268e-03
5.794531036168980063e+04 1.944257886135548006e+02 2.966029015644263689e-01 6.977128809116873720e-01 5.684217523886305953e-03
5.796536762567130063e+04 nan nan nan nan
5.796536967586810351e+04 6.737273588220966758e+01 2.054632336947008475e-01 7.718209939495881411e-01 2.271577235571096282e-02
5.796537174803239759e+04 5.462902766451099978e+01 1.827832068510328034e-01 7.898733449733367218e-01 2.734344817563048868e-02
5.798533858755789697e+04 3.414917799117047821e+02 8.283243368118764494e-01 1.573052924837784750e-01 1.437037070434509824e-02
5.798534066471060214e+04 3.270960719029059192e+02 7.704565717707018146e-01 2.159923670060054368e-01 1.355106122329271211e-02
5.798534274004629697e+04 3.484944989234116974e+02 8.652809815234258073e-01 1.196616146007607878e-01 1.505740387581330775e-02
5.800727823920139781e+04 3.577509649822365532e+02 9.655767733751905446e-01 1.663061782983146428e-02 1.779260879497795295e-02
5.800728031033559819e+04 3.176768728494830043e+02 7.623344403156538940e-01 2.236003076029649816e-01 1.406525208138112958e-02
5.779215533016200061e+04 1.396144036304794440e+02 2.171107047221075281e-01 7.769828027355858424e-01 5.906492542306682365e-03
5.779215737432870083e+04 1.197380198268340905e+02 1.606673931963573387e-01 8.349349737487411494e-01 4.397633054901695787e-03
5.781407066592590127e+04 2.024027296845119679e+02 4.665584550544848441e-01 5.204635669090192929e-01 1.297797803649589771e-02
5.781407271684030275e+04 2.527121263569748066e+02 7.128471350444126609e-01 2.677185923622812380e-01 1.943427259330607337e-02
5.781407476171299641e+04 1.995666036938016532e+02 4.502192753716315887e-01 5.373498961658207396e-01 1.243082846254760926e-02
5.784001739725690277e+04 2.314447673240761674e+02 5.775278714271888658e-01 4.072638940738302349e-01 1.520823449898101032e-02
5.784001944450230076e+04 1.762516017133947628e+02 3.423730202031398107e-01 6.484105958232785349e-01 9.216383973581626643e-03
5.784002148980319907e+04 1.859484509086656203e+02 3.878164914004335051e-01 6.015593375683557786e-01 1.062417103121070759e-02
5.787533455383100227e+04 nan nan nan nan
5.787533659894680022e+04 nan nan nan nan
5.787533865168980265e+04 nan nan nan nan
5.790430335493059829e+04 3.180297889006048990e+02 7.449300102018949765e-01 2.416694289140519092e-01 1.340056088405306399e-02
5.790430540251159982e+04 3.184526519707262651e+02 7.451653904391286609e-01 2.414611660203551946e-01 1.337344354051616530e-02
5.790430745078699692e+04 3.622469313742482200e+02 9.588121514868449546e-01 2.407645947304661027e-02 1.711138904010839693e-02
5.802722581484950206e+04 1.721943609558765900e+02 2.367082026687958585e-01 7.586763223343567786e-01 4.615474996847591937e-03
5.802722786241900030e+04 1.730793871013398189e+02 2.343276815285300629e-01 7.611953490210845441e-01 4.476969450385426784e-03
5.802722991431709670e+04 1.815875133564227042e+02 2.643161804518797675e-01 7.305089051084570073e-01 5.174914439663221705e-03
5.804717128001160017e+04 3.358629546344869823e+02 8.767973471258874163e-01 1.065569597886080883e-01 1.664569308550444687e-02
5.804717335414350237e+04 3.072568424188749532e+02 7.252240598360477630e-01 2.611687354645758630e-01 1.360720469937647635e-02
5.804717539915510133e+04 3.064281715416093448e+02 7.275824381549738096e-01 2.586475386068744498e-01 1.377002323815165914e-02
5.806711620378470252e+04 3.246988069755295214e+02 8.269024271648361957e-01 1.572568576834141307e-01 1.584071515174965625e-02
5.806711827559029916e+04 3.254126312551665023e+02 8.161867942156637579e-01 1.684480152079368687e-01 1.536519057639936479e-02
5.806712032084490056e+04 3.368781734334126554e+02 8.751775908310324148e-01 1.083379665363679994e-01 1.648444263259956147e-02
5.808724157672449655e+04 2.296494535347636941e+02 4.588171200459313370e-01 5.314335216101239157e-01 9.749358343944809768e-03
5.808724364856479951e+04 1.796015877840671351e+02 2.838141799574673274e-01 7.100865835463037179e-01 6.099236496228988523e-03
5.808724569266199978e+04 1.841178633687912338e+02 2.927949345689865868e-01 7.010282744931085608e-01 6.176790937904785665e-03
5.779215325717590167e+04 1.198769565700699502e+02 1.556731212664891062e-01 8.402079575075430684e-01 4.118921225967904325e-03
5.792427877131939749e+04 1.808847085854741579e+02 2.604975820645359375e-01 7.344368129455971506e-01 5.065604989866878162e-03
5.800728235692129965e+04 3.360043686494803410e+02 8.396713555691106556e-01 1.450756024730854576e-01 1.525304195780381906e-02
