5.769028067156249745e+04 1.663923383731168428e+02 8.585319423438825259e-01 7.644402456541903035e-02 6.502403309069849924e-02
5.769028271791669977e+04 1.430397512627763774e+02 6.471419660587756084e-01 3.028645650077531060e-01 4.999346893347131338e-02
5.769028476307870005e+04 1.638340280184955020e+02 8.608809760338754780e-01 7.168087510054013678e-02 6.743814886558430199e-02
5.770036267664349725e+04 3.013104988062844924e+01 3.190013822555319567e-02 9.653621719740317353e-01 2.737689800415156211e-03
5.770036472405090171e+04 1.564783070841883159e+02 8.125682576997081963e-01 1.215691128547470301e-01 6.586262944554480137e-02
5.770036679471070238e+04 nan nan nan nan
5.771433220953700220e+04 1.318446017634817906e+02 6.006502701827938218e-01 3.486569292349391835e-01 5.069280058226693919e-02
5.771433425815970259e+04 1.090076359443254859e+02 4.048402549298382724e-01 5.614712838723884269e-01 3.368846119777317571e-02
5.771433632986110024e+04 1.331857041612678643e+02 6.070136392669461811e-01 3.422511680943360335e-01 5.073519263871772988e-02
5.772425128922449949e+04 1.327204553056553493e+02 6.290901513783403454e-01 3.160344505557150518e-01 5.487539806594454034e-02
5.772425333556709666e+04 1.377394590231830307e+02 6.939660925119123247e-01 2.440345207948125539e-01 6.199938669327519081e-02
5.772425540484950034e+04 1.529953522939789536e+02 8.286416772918677731e-01 9.971021800878906993e-02 7.164810469934307369e-02
5.773521590384260344e+04 nan nan nan nan
5.773521795435190143e+04 nan nan nan nan
5.773522000270830176e+04 nan nan nan nan
5.774518851109949901e+04 nan nan nan nan
5.774519055625000328e+04 nan nan nan nan
5.774519262672449986e+04 nan nan nan nan
5.775615824108800007e+04 1.452434061807256853e+02 7.771947955879848768e-01 1.528702084751464296e-01 6.993499593686859639e-02
5.775616031265049969e+04 1.491825660148394093e+02 8.116086749348563334e-01 1.161002219550485853e-01 7.229110311009509515e-02
5.775616238341439748e+04 1.517378873051509629e+02 8.300845228403055387e-01 9.682106060389471247e-02 7.309441655579984598e-02
5.776736949430560344e+04 nan nan nan nan
5.776737156701389904e+04 nan nan nan nan
5.776737363773149991e+04 nan nan nan nan
5.777933906694439793e+04 9.867344866180677343e+01 6.812631523909034037e-01 2.023090124651600041e-01 1.164278351439365367e-01
5.777934111552080140e+04 8.959310826763109503e+01 5.848017905618845269e-01 3.111353353087628615e-01 1.040628741293526116e-01
5.777934316069439956e+04 6.151630231362110379e+01 2.830626032028514261e-01 6.652229141160636017e-01 5.171448268108486818e-02
5.779009090420140274e+04 nan nan nan nan
5.779009295081019809e+04 nan nan nan nan
5.779009500322920212e+04 nan nan nan nan
5.780026133701390063e+04 nan nan nan nan
5.797234465217590332e+04 nan nan nan nan
5.797234669783560093e+04 nan nan nan nan
5.798228209060189693e+04 1.178675758496456609e+02 7.173840078794276875e-01 1.921381329879086608e-01 9.047785913266352675e-02
5.798228416128469689e+04 1.088781355730547489e+02 5.980685551073289252e-01 3.282347138983942592e-01 7.369673099427687113e-02
5.798228620649310324e+04 1.141634264219954105e+02 6.266591306593820576e-01 2.997478890402910934e-01 7.359298030032698779e-02
5.799333355103009671e+04 1.504896622125569081e+02 8.248439585147392394e-01 1.017793885088478650e-01 7.337665297641288165e-02
5.799333562310189882e+04 1.300389929525690889e+02 6.276278568010139614e-01 3.154757332395975999e-01 5.689640995938837625e-02
5.799333766741900035e+04 1.354082266043314178e+02 6.707235222402228025e-01 2.693491915902315181e-01 5.992728616954566545e-02
5.800324404768519889e+04 nan nan nan nan
5.800324609627309837e+04 nan nan nan nan
5.800324814269680064e+04 nan nan nan nan
5.804736309597219952e+04 1.337586172390854813e+02 6.677056932659498623e-01 2.714311807111673414e-01 6.086312602288282414e-02
5.804736515063660045e+04 1.242924983056888806e+02 5.771682961472986984e-01 3.701641998992707960e-01 5.266750395343048480e-02
5.804736722247690341e+04 1.216002577988474940e+02 5.514709136796086542e-01 3.982943799250065475e-01 5.023470639538481913e-02
5.805733465548609820e+04 1.344057992155160832e+02 6.763911240447217921e-01 2.617520798884534483e-01 6.185679606682475962e-02
5.805733670298609650e+04 1.335258068317506854e+02 6.620277103346278169e-01 2.779310637282162433e-01 6.004122593715602307e-02
5.805733874700230081e+04 1.270706286580710014e+02 6.082848120612127651e-01 3.357457138884407666e-01 5.596947405034637807e-02
5.806736476865739678e+04 nan nan nan nan
5.806736681638890150e+04 nan nan nan nan
5.806736886258100276e+04 nan nan nan nan
5.807827786126160208e+04 1.489505218129578168e+02 8.968431354604010641e-01 1.460931323751976652e-02 8.854755130207916936e-02
5.807827990872690134e+04 1.375117662919709574e+02 7.646780265649993913e-01 1.597944685898882444e-01 7.552750484511229490e-02
5.807828195469910133e+04 1.380257791581436493e+02 7.605736789933327247e-01 1.652628912824080920e-01 7.416342972425929436e-02
5.808827098557870340e+04 nan nan nan nan
5.808827305770829844e+04 nan nan nan nan
5.808827510299770074e+04 nan nan nan nan
5.780026545491899742e+04 nan nan nan nan
5.781422693438659917e+04 1.189754569604424574e+02 8.454071620766202555e-01 3.126965662106735017e-02 1.233231813023124429e-01
5.781422898768520099e+04 9.094708544432742769e+01 4.841558823267815281e-01 4.466258875055118538e-01 6.921823016770649317e-02
5.781423105940969981e+04 8.395961303913506413e+01 4.170929251215058642e-01 5.226299641690027586e-01 6.027711070949140493e-02
5.784601314594910218e+04 nan nan nan nan
5.784601524319440068e+04 nan nan nan nan
5.784601728746529989e+04 nan nan nan nan
5.785706177908559766e+04 nan nan nan nan
5.785706384946760227e+04 nan nan nan nan
5.785706593056709971e+04 nan nan nan nan
5.786702062585650128e+04 1.007305896033924313e+02 5.342209952239662663e-01 3.970805783963320401e-01 6.869842637970172139e-02
5.786702267342589766e+04 1.278058885935832762e+02 8.568953679733032347e-01 3.330990101601143116e-02 1.097947310106852647e-01
5.786702471924770362e+04 1.041755837352903598e+02 5.674421408707740477e-01 3.600910861054034129e-01 7.246677302382258101e-02
5.787699252589119715e+04 1.031056772383749234e+02 3.042832574288877878e-01 6.744442396352912095e-01 2.127250293582092638e-02
5.787699459777779703e+04 9.768624396871008742e+01 2.821474572618624110e-01 6.974768165540063958e-01 2.037572618413118972e-02
5.787699664407409728e+04 9.864794181300450759e+01 2.813547477974668864e-01 6.987769811514628060e-01 1.986827105107023470e-02
5.780026341004629649e+04 nan nan nan nan
5.797234258017360116e+04 nan nan nan nan
