5.769028067156249745e+04 1.639219702416994267e+02 7.295933489890005230e-01 2.220211726750287995e-01 4.838547833597069830e-02
5.769028271791669977e+04 1.781639996204608565e+02 8.780737719798332730e-01 6.259958977241526779e-02 5.932663824775141759e-02
5.769028476307870005e+04 1.826761357144786757e+02 9.253876484234467847e-01 1.193488964285044016e-02 6.267746193370270225e-02
5.770036267664349725e+04 1.664093524795235624e+02 7.456256025990287695e-01 2.053385370450104552e-01 4.903586035596085857e-02
5.770036472405090171e+04 1.711470822383462291e+02 7.655126588405986032e-01 1.856228487945345285e-01 4.886449236486684056e-02
5.770036679471070238e+04 1.563179656348162609e+02 6.678917266433550548e-01 2.875198643961618394e-01 4.458840896048304331e-02
5.771433220953700220e+04 1.488812384545923635e+02 6.210747348849871008e-01 3.364207156897711104e-01 4.250454942524179575e-02
5.771433425815970259e+04 1.569819487775604898e+02 6.860146059596317070e-01 2.673414861006300214e-01 4.664390793973834798e-02
5.771433632986110024e+04 1.477669361684154126e+02 6.131129509946537937e-01 3.448382031768782996e-01 4.204884582846785818e-02
5.772425128922449949e+04 1.778482340891686988e+02 9.175390793578833692e-01 1.745129524285913766e-02 6.500962539925742023e-02
5.772425333556709666e+04 1.589098992095273957e+02 7.398964788544762916e-01 2.071533151920927074e-01 5.295020595343090386e-02
5.772425540484950034e+04 1.661785884545019485e+02 7.956238251823513075e-01 1.483884183244617294e-01 5.598775649318691455e-02
5.773521590384260344e+04 nan nan nan nan
5.773521795435190143e+04 nan nan nan nan
5.773522000270830176e+04 nan nan nan nan
5.774518851109949901e+04 nan nan nan nan
5.774519055625000328e+04 nan nan nan nan
5.774519262672449986e+04 nan nan nan nan
5.775615824108800007e+04 1.722485089634200222e+02 8.422367229345765205e-01 9.936701599159558640e-02 5.839626107382789311e-02
5.775616031265049969e+04 1.487865924407654177e+02 6.423161003188863072e-01 3.121643813044651661e-01 4.551951837664856143e-02
5.775616238341439748e+04 1.703263220912711517e+02 8.324836435440946536e-01 1.091697612068099621e-01 5.834659524909542594e-02
5.776736949430560344e+04 nan nan nan nan
5.776737156701389904e+04 nan nan nan nan
5.776737363773149991e+04 nan nan nan nan
5.777933906694439793e+04 1.350347999799961372e+02 8.508710905479756059e-01 5.215302204484905529e-02 9.697588740717529021e-02
5.777934111552080140e+04 1.277748311115150415e+02 7.722456132698526377e-01 1.385373271244129956e-01 8.921705960573431127e-02
5.777934316069439956e+04 1.076575085721724321e+02 5.423548376847098229e-01 3.956573908140419982e-01 6.198777150124813728e-02
5.779009090420140274e+04 1.529797949074074666e+02 7.676802757120591014e-01 1.708133321434509577e-01 6.150639214448993392e-02
5.779009295081019809e+04 nan nan nan nan
5.779009500322920212e+04 nan nan nan nan
5.780026133701390063e+04 nan nan nan nan
5.797234465217590332e+04 nan nan nan nan
5.797234669783560093e+04 nan nan nan nan
5.798228209060189693e+04 1.694907589367327034e+02 8.602233979972911948e-01 7.686103851824059585e-02 6.291556348446826485e-02
5.798228416128469689e+04 1.521307002495797747e+02 6.806845140961066409e-01 2.704180992109334047e-01 4.889738669295996126e-02
5.798228620649310324e+04 1.227658683566993574e+02 4.421808005125644203e-01 5.261328564150974385e-01 3.168634307233818281e-02
5.799333355103009671e+04 1.821035507224613923e+02 8.412695918917564297e-01 1.066035928588621867e-01 5.212681524938139743e-02
5.799333562310189882e+04 1.638787944140438242e+02 6.952175072851505266e-01 2.608259510328932440e-01 4.395654168195630568e-02
5.799333766741900035e+04 1.755439099081527843e+02 7.875861893315274642e-01 1.632492359783958291e-01 4.916457469007674830e-02
5.800324404768519889e+04 nan nan nan nan
5.800324609627309837e+04 nan nan nan nan
5.800324814269680064e+04 nan nan nan nan
5.804736309597219952e+04 1.359212611404937832e+02 5.071323813770346467e-01 4.588663180039231904e-01 3.400130061904227396e-02
5.804736515063660045e+04 1.648257942533506082e+02 7.460067031689580075e-01 2.039595827720256660e-01 5.003371405901631264e-02
5.804736722247690341e+04 1.640448962045755366e+02 7.446959619744886183e-01 2.049701836011393052e-01 5.033385442437202789e-02
5.805733465548609820e+04 1.527272013819537335e+02 6.284257225757827747e-01 3.302216835733500222e-01 4.135259385086711981e-02
5.805733670298609650e+04 1.652738120747322625e+02 7.350117550966711599e-01 2.166814617294838541e-01 4.830678317384490272e-02
5.805733874700230081e+04 1.724544833398792605e+02 8.021349456296505975e-01 1.450237496168874374e-01 5.284130475346200673e-02
5.806736476865739678e+04 nan nan nan nan
5.806736681638890150e+04 nan nan nan nan
5.806736886258100276e+04 nan nan nan nan
5.807827786126160208e+04 1.252679869513989530e+02 4.314893619819127335e-01 5.395313556727769910e-01 2.897928234531021649e-02
5.807827990872690134e+04 1.394000105501577877e+02 5.510130670734755265e-01 4.108253992779951069e-01 3.816153364852935964e-02
5.807828195469910133e+04 1.616133380975150260e+02 7.563684823679670544e-01 1.901332051654018584e-01 5.349831246663105944e-02
5.808827098557870340e+04 nan nan nan nan
5.808827305770829844e+04 nan nan nan nan
5.808827510299770074e+04 nan nan nan nan
5.780026545491899742e+04 nan nan nan nan
5.781422693438659917e+04 nan nan nan nan
5.781422898768520099e+04 nan nan nan nan
5.781423105940969981e+04 nan nan nan nan
5.784601314594910218e+04 nan nan nan nan
5.784601524319440068e+04 nan nan nan nan
5.784601728746529989e+04 nan nan nan nan
5.785706177908559766e+04 nan nan nan nan
5.785706384946760227e+04 nan nan nan nan
5.785706593056709971e+04 nan nan nan nan
5.786702062585650128e+04 1.156986410635664697e+02 5.077745286079737852e-01 4.451805286442316878e-01 4.704494274779464497e-02
5.786702267342589766e+04 1.424408179796746765e+02 7.529350744281123609e-01 1.788194638693799687e-01 6.824546170250762878e-02
5.786702471924770362e+04 1.379597761182111810e+02 7.062620210112277030e-01 2.297270130479569517e-01 6.401096594081534530e-02
5.787699252589119715e+04 1.789557154001438448e+02 7.287426153143619079e-01 2.307546054991741202e-01 4.050277918646393027e-02
5.787699459777779703e+04 1.563990024817125573e+02 5.701329562679219309e-01 3.974097750027400511e-01 3.245726872933788615e-02
5.787699664407409728e+04 1.727042039163647473e+02 6.798409151294754205e-01 2.823116530453040895e-01 3.784743182522048305e-02
5.780026341004629649e+04 nan nan nan nan
5.797234258017360116e+04 nan nan nan nan
