5.786702330800000345e+04 3.545053898444851370e+02 2.576715310656985669e-01 2.092082176782774153e-02 7.214076471664737644e-01
5.807828053999999975e+04 4.251750999522327561e+02 2.933625098444265777e-01 5.655700243195481425e-02 6.500804877236184831e-01
5.806736744999999792e+04 4.495680981309782283e+02 3.169365607860786249e-01 4.411239299444098816e-03 6.786521999144772277e-01
5.784601585999999952e+04 3.577813623971250081e+02 2.561261653132317351e-01 4.408659603505774710e-02 6.997872386517105525e-01
5.783618446399999812e+04 3.440235529591795398e+02 2.476727202332022759e-01 4.458759983566158019e-02 7.077396799311361786e-01
5.781422962600000028e+04 3.454679005245575354e+02 2.532658943212572344e-01 1.284309272666142587e-02 7.338910129520813674e-01
5.780026402200000302e+04 3.752140895667506015e+02 2.721712476390993896e-01 9.340349240564370034e-03 7.184884031203362387e-01
5.779009358600000269e+04 3.944676948850053577e+02 2.802260510548488792e-01 3.066533339211031592e-02 6.891086155530408153e-01
5.776737219599999662e+04 3.406802958761044238e+02 2.465022632397329272e-01 3.860424837291690642e-02 7.148934883873501178e-01
5.775616091800000140e+04 4.440577237969716293e+02 3.139023585407970107e-01 3.752896099478485268e-03 6.823447453597245582e-01
5.773521859399999812e+04 4.325923425699264158e+02 3.013313906232323314e-01 3.610947293602070896e-02 6.625591364407469319e-01
5.772425395199999912e+04 4.528300765077319738e+02 3.172088757346995247e-01 1.273113970661502239e-02 6.700599845586854286e-01
5.771433489600000030e+04 4.501793738545669044e+02 3.174782836058572810e-01 3.395630429821604700e-03 6.791260859643211134e-01
5.805733732600000076e+04 4.538411152367934278e+02 3.160282958973233969e-01 2.185001571673604592e-02 6.621216883859405433e-01
5.770036536399999750e+04 4.853990274962121134e+02 3.375748395051955120e-01 1.981331487023341598e-03 6.604438290077810914e-01
5.769028334400000313e+04 4.772666079300691990e+02 3.298456614572324308e-01 1.793600419457528836e-02 6.522183343481923190e-01
5.804736576800000330e+04 3.321879175726940048e+02 2.466723465952153360e-01 3.764755889079370401e-04 7.529511778158767266e-01
5.800324672399999690e+04 4.749868632277299980e+02 3.281952918938272346e-01 1.988359398082316376e-02 6.519211141253496988e-01
5.799333623000000080e+04 4.797719882767319177e+02 3.305896750994163913e-01 2.107102717604742229e-02 6.483392977245360234e-01
5.798228477800000110e+04 4.596850814504367122e+02 3.229582534029418195e-01 3.033039183361634430e-03 6.740087074136965617e-01
5.797234527199999866e+04 4.731334348911918255e+02 3.191866416883310520e-01 5.934977244980774169e-02 6.214635858618612341e-01
5.787699520399999892e+04 5.656077979124537478e+02 3.727705838920359893e-01 3.410467274345903993e-02 5.931247433645049361e-01
5.786702330800000345e+04 3.545053898444851370e+02 2.576715310656985669e-01 2.092082176782774153e-02 7.214076471664737644e-01
