5.771433697399999801e+04 5.896502275371425412e+02 3.759793683270002407e-01 6.884213374328466972e-02 5.551784979297150757e-01
5.805733940499999881e+04 5.444469930510631457e+02 3.106216658308021406e-01 2.449048756461818244e-01 4.444734585230160628e-01
5.800324879199999850e+04 5.924410995672349145e+02 3.812085771508058052e-01 5.342694331589659812e-02 5.653644795332973816e-01
5.770036745599999995e+04 6.105579027507026240e+02 3.736205714405060330e-01 1.150492827966417553e-01 5.113301457628521840e-01
5.769028515000000334e+04 5.723073464714859711e+02 3.459332050177909568e-01 1.551600100987543807e-01 4.989067848834547458e-01
5.799333834000000206e+04 6.345475528967800756e+02 4.060140170041542373e-01 3.494035194093209756e-02 5.590456310549136720e-01
5.798228687999999966e+04 5.898820803461514970e+02 3.896345211488720928e-01 1.459634380854332725e-02 5.957691350425845522e-01
5.797234735399999772e+04 6.332834558133765768e+02 4.065543069401300613e-01 3.067120936155800365e-02 5.627744836983119558e-01
5.787699702332999732e+04 6.899184047153163419e+02 4.083262193888688163e-01 1.133602958810332323e-01 4.783134847300980486e-01
5.786702537666999706e+04 4.448315659715634069e+02 2.852423615598237983e-01 1.532826671595978740e-01 5.614749712805783277e-01
5.775616262000000279e+04 3.969208079132286571e+02 1.964783036160007434e-01 4.689301092992608222e-01 3.345915870847383511e-01
5.773522038667000015e+04 5.095776104252056484e+02 3.042749895526121739e-01 2.088635615688798630e-01 4.868614488785078520e-01
5.771433697399999801e+04 5.896502275371425412e+02 3.759793683270002407e-01 6.884213374328466972e-02 5.551784979297150757e-01
