5.769028067156249745e+04 2.114843507872111275e+02 8.031404481664893291e-01 1.616342955579843921e-01 3.522525627552617472e-02
5.769028271791669977e+04 2.258110864520619714e+02 9.171867127549502285e-01 4.251815129053167219e-02 4.029513595451815477e-02
5.769028476307870005e+04 2.276535955936419953e+02 9.494288548232289182e-01 8.089291170216906732e-03 4.248185400655413863e-02
5.770036267664349725e+04 2.134965341300210468e+02 8.152491965340015190e-01 1.491363128098107949e-01 3.561449065618770699e-02
5.770036472405090171e+04 2.138092964170357959e+02 8.253476828917831742e-01 1.382567625608211725e-01 3.639555454739563933e-02
5.770036679471070238e+04 2.035093097752071003e+02 7.517588094643034013e-01 2.149126630269694027e-01 3.332852750872720288e-02
5.771433220953700220e+04 1.868138905970317865e+02 6.969438755305749078e-01 2.690619171493532913e-01 3.399420732007177315e-02
5.771433425815970259e+04 1.956333874554230761e+02 7.550738816268963705e-01 2.085412688410146764e-01 3.638484953208910577e-02
5.771433632986110024e+04 1.878904830798307728e+02 6.936833047951513898e-01 2.730246438827160227e-01 3.329205132213272633e-02
5.772425128922449949e+04 2.182031493824213157e+02 9.422314679007275373e-01 1.222561792374759343e-02 4.554291417552483456e-02
5.772425333556709666e+04 1.992670052237529887e+02 8.044573564631813944e-01 1.557353268101835664e-01 3.980731672663501836e-02
5.772425540484950034e+04 2.059282247689112637e+02 8.485965912899419150e-01 1.099272572620704075e-01 4.147615144798758036e-02
5.773521590384260344e+04 2.061715276217866233e+02 9.146849385869963989e-01 3.724072311735700941e-02 4.807433829564657091e-02
5.773521795435190143e+04 1.633561249037996106e+02 5.807656541221999369e-01 3.883627812284052849e-01 3.087156464939472614e-02
5.773522000270830176e+04 nan nan nan nan
5.774518851109949901e+04 nan nan nan nan
5.774519055625000328e+04 nan nan nan nan
5.774519262672449986e+04 nan nan nan nan
5.775615824108800007e+04 2.066090746658298372e+02 8.802312981697799632e-01 7.543617710933332721e-02 4.433252472088663326e-02
5.775616031265049969e+04 1.853060301631341815e+02 7.145918452398326570e-01 2.490865821173023076e-01 3.632157264286495213e-02
5.775616238341439748e+04 2.045571532524861880e+02 8.724407676137608814e-01 8.312985808639695995e-02 4.442937429984213787e-02
5.776736949430560344e+04 nan nan nan nan
5.776737156701389904e+04 nan nan nan nan
5.776737363773149991e+04 nan nan nan nan
5.777933906694439793e+04 1.655206068063501164e+02 8.911309099855829752e-01 3.807344982530801170e-02 7.079564018910908252e-02
5.777934111552080140e+04 1.590317088191748098e+02 8.301148558569099167e-01 1.033369065932199099e-01 6.654823754987011786e-02
5.777934316069439956e+04 1.387584472315484732e+02 6.292120196650272668e-01 3.205649636988244788e-01 5.022301663614823358e-02
5.779009090420140274e+04 1.836317388081149033e+02 8.172644075411802378e-01 1.343565448210154445e-01 4.837904763780436629e-02
5.779009295081019809e+04 1.600214126671532142e+02 6.046819258875192338e-01 3.604421750424042226e-01 3.487589907007653672e-02
5.779009500322920212e+04 1.966176097772676030e+02 9.376861644276500707e-01 6.762074834469661636e-03 5.555176073788025554e-02
5.780026133701390063e+04 1.482961437015759145e+02 5.611158515719807394e-01 4.039159710124963776e-01 3.496817741552276509e-02
5.797234465217590332e+04 1.891164185670601796e+02 7.042070222117285949e-01 2.619265125292267737e-01 3.386646525904469379e-02
5.797234669783560093e+04 2.129982397233703182e+02 8.828324998658154676e-01 7.520781375834079130e-02 4.195968637584375494e-02
5.798228209060189693e+04 2.102948060550006062e+02 9.005016351704290267e-01 5.471264533615866760e-02 4.478571949341237507e-02
5.798228416128469689e+04 2.088730423115391091e+02 7.784542665507468984e-01 1.876200146010790215e-01 3.392571884817401767e-02
5.798228620649310324e+04 1.603540472408184883e+02 5.301002782194598195e-01 4.432075537669331045e-01 2.669216801360712460e-02
5.799333355103009671e+04 2.169813850491683809e+02 8.781733876862927168e-01 8.181894530006195154e-02 4.000766701364527611e-02
5.799333562310189882e+04 1.991889057501599609e+02 7.560281299353943663e-01 2.087855981098282743e-01 3.518627195477743580e-02
5.799333766741900035e+04 2.129077307968390187e+02 8.369355555948074787e-01 1.253221053782467842e-01 3.774233902694573012e-02
5.800324404768519889e+04 1.802789089823660618e+02 6.307294369042675264e-01 3.393738119990665769e-01 2.989675109666602160e-02
5.800324609627309837e+04 1.873656654293325516e+02 6.884640940299115996e-01 2.785589770933799558e-01 3.297692887670840983e-02
5.800324814269680064e+04 1.518185287844676736e+02 4.415387469276152999e-01 5.378019473960652386e-01 2.065930567631953096e-02
5.804736309597219952e+04 1.720788345844989067e+02 5.874212771723463788e-01 3.841162865591129516e-01 2.846243626854068343e-02
5.804736515063660045e+04 2.017213870183221047e+02 8.033503331755059707e-01 1.579119783797370835e-01 3.873768844475686951e-02
5.804736722247690341e+04 2.001077718654574369e+02 8.013337517319280012e-01 1.594986812499503137e-01 3.916756701812161567e-02
5.805733465548609820e+04 1.886576481709768416e+02 6.988474815190139910e-01 2.676371797168546340e-01 3.351533876413136798e-02
5.805733670298609650e+04 1.998467144566288312e+02 7.904142898046389032e-01 1.713786891162292769e-01 3.820702107913171580e-02
5.805733874700230081e+04 2.082408526557345567e+02 8.482473305087409043e-01 1.112260131736154956e-01 4.052665631764360704e-02
5.806736476865739678e+04 1.897688521647711752e+02 7.509259790615853136e-01 2.108292526131381461e-01 3.824476832527651943e-02
5.806736681638890150e+04 1.691707045972458729e+02 6.088475588941251182e-01 3.595155019745107650e-01 3.163693913136395031e-02
5.806736886258100276e+04 1.799538152696585485e+02 6.852981959597521655e-01 2.792804876953539073e-01 3.542131634489381620e-02
5.807827786126160208e+04 1.554446864974197524e+02 5.014218070670611871e-01 4.731636496368140654e-01 2.541454329612475443e-02
5.807827990872690134e+04 1.732969247871969287e+02 6.255562673931133189e-01 3.426179798879382954e-01 3.182575271894839269e-02
5.807828195469910133e+04 1.960384338827818453e+02 8.100729458373636671e-01 1.482215433641289604e-01 4.170551079850733089e-02
5.808827098557870340e+04 1.861026505487376994e+02 7.570006765027434970e-01 2.025868851485167210e-01 4.041243834873974039e-02
5.808827305770829844e+04 1.880669125794826471e+02 7.608501934476442630e-01 1.991736388992796647e-01 3.997616765307597519e-02
5.808827510299770074e+04 2.081008813358743339e+02 9.120492416034108318e-01 4.103525602920953669e-02 4.691550236737963148e-02
5.780026545491899742e+04 1.920855893141420552e+02 9.299012689353959304e-01 1.285713311232251389e-02 5.724159795228146025e-02
5.781422693438659917e+04 1.537020389415773138e+02 7.355610796386803374e-01 2.085010584160134073e-01 5.593786194530626921e-02
5.781422898768520099e+04 1.555303272296779369e+02 7.550592658496073639e-01 1.873755963738805153e-01 5.756513777651207919e-02
5.781423105940969981e+04 1.425790749348346083e+02 6.145968500803492551e-01 3.400197830498242757e-01 4.538336686982637896e-02
5.784601314594910218e+04 1.873100416079754211e+02 9.316600835075691256e-01 7.914382942296401685e-03 6.042553355013435823e-02
5.784601524319440068e+04 1.704458380381615541e+02 7.776647960456687381e-01 1.714912035255375944e-01 5.084400042879364673e-02
5.784601728746529989e+04 1.713039183703924380e+02 7.585657461879837804e-01 1.935404315114859219e-01 4.789382230053023520e-02
5.785706177908559766e+04 nan nan nan nan
5.785706384946760227e+04 nan nan nan nan
5.785706593056709971e+04 nan nan nan nan
5.786702062585650128e+04 1.507371055809206553e+02 5.979152138445487097e-01 3.636551297401761085e-01 3.842965641527523041e-02
5.786702267342589766e+04 1.755331446329191181e+02 8.111701608925461215e-01 1.366703529996259325e-01 5.215948610782798062e-02
5.786702471924770362e+04 1.710025810324270878e+02 7.717267123167936838e-01 1.785282949063404234e-01 4.974499277686589283e-02
5.787699252589119715e+04 2.233528533436670216e+02 7.935265241902227373e-01 1.756439018673876529e-01 3.082957394238965143e-02
5.787699459777779703e+04 2.027534414089013808e+02 6.586411877175414320e-01 3.155843900164779781e-01 2.577442226598069056e-02
5.787699664407409728e+04 2.189514960008688718e+02 7.545930631079805773e-01 2.163962895220937765e-01 2.901064736992566354e-02
5.780026341004629649e+04 1.395254434417398670e+02 5.022227574161894914e-01 4.661316239220606450e-01 3.164561866174991217e-02
5.797234258017360116e+04 2.092678439069739511e+02 8.471857445369802564e-01 1.127847784428254452e-01 4.002947702019434700e-02
