5.769028067156249745e+04 1.299190411931473079e+02 7.990110805515745485e-01 1.086068625685132072e-01 9.238205687991220272e-02
5.769028271791669977e+04 1.063632450832458858e+02 5.458976827086107209e-01 3.897644025823084890e-01 6.433791470908070687e-02
5.769028476307870005e+04 1.303652080391277366e+02 8.069474262847019519e-01 9.947005829837977930e-02 9.358251541691821329e-02
5.770036267664349725e+04 nan nan nan nan
5.770036472405090171e+04 nan nan nan nan
5.770036679471070238e+04 nan nan nan nan
5.771433220953700220e+04 nan nan nan nan
5.771433425815970259e+04 7.982473898450231786e+01 3.174733696550298134e-01 6.438928482498574857e-01 3.863378209511261763e-02
5.771433632986110024e+04 nan nan nan nan
5.772425128922449949e+04 1.017921325350521755e+02 5.383083086924930205e-01 3.933852943800916213e-01 6.830639692741538593e-02
5.772425333556709666e+04 1.073540265523772490e+02 6.103278017767476138e-01 3.107285363932231759e-01 7.894366183002905768e-02
5.772425540484950034e+04 1.221504715865592345e+02 7.686747408977497864e-01 1.346038619630487432e-01 9.672139713920140103e-02
5.773521590384260344e+04 nan nan nan nan
5.773521795435190143e+04 nan nan nan nan
5.773522000270830176e+04 nan nan nan nan
5.774518851109949901e+04 nan nan nan nan
5.774519055625000328e+04 nan nan nan nan
5.774519262672449986e+04 nan nan nan nan
5.775615824108800007e+04 1.266346120053221682e+02 7.366702846081699674e-01 1.806747225491614761e-01 8.265499284266848712e-02
5.775616031265049969e+04 1.286254671681477078e+02 7.711908155531224107e-01 1.410086005311036172e-01 8.780058391577393040e-02
5.775616238341439748e+04 1.304125439685200831e+02 7.910804937506917822e-01 1.190462959232899964e-01 8.987321032601811033e-02
5.776736949430560344e+04 nan nan nan nan
5.776737156701389904e+04 nan nan nan nan
5.776737363773149991e+04 nan nan nan nan
5.777933906694439793e+04 nan nan nan nan
5.777934111552080140e+04 nan nan nan nan
5.777934316069439956e+04 nan nan nan nan
5.779009090420140274e+04 nan nan nan nan
5.779009295081019809e+04 nan nan nan nan
5.779009500322920212e+04 nan nan nan nan
5.780026133701390063e+04 nan nan nan nan
5.797234465217590332e+04 nan nan nan nan
5.797234669783560093e+04 nan nan nan nan
5.798228209060189693e+04 nan nan nan nan
5.798228416128469689e+04 nan nan nan nan
5.798228620649310324e+04 nan nan nan nan
5.799333355103009671e+04 1.207997464233838514e+02 7.657308491421991326e-01 1.361287382302507343e-01 9.814041262755006378e-02
5.799333562310189882e+04 1.011642692287758791e+02 5.416868786047189799e-01 3.882854039063863283e-01 7.002771748889473347e-02
5.799333766741900035e+04 1.064463198337760019e+02 5.890429812338408011e-01 3.361641303262205005e-01 7.479288843993868452e-02
5.800324404768519889e+04 nan nan nan nan
5.800324609627309837e+04 nan nan nan nan
5.800324814269680064e+04 nan nan nan nan
5.804736309597219952e+04 1.085837685762381994e+02 5.969565350770192902e-01 3.292219016244569141e-01 7.382156329852365695e-02
5.804736515063660045e+04 1.168101186816394659e+02 5.558983907371763955e-01 3.887847466707917143e-01 5.531686259203191097e-02
5.804736722247690341e+04 9.734717993082460907e+01 4.768104124477900441e-01 4.645929967816531114e-01 5.859659077055686532e-02
5.805733465548609820e+04 1.095967228175148591e+02 6.074533137551777484e-01 3.175126494123174381e-01 7.503403683250475797e-02
5.805733670298609650e+04 1.070385496278652511e+02 5.868005350301523926e-01 3.397940314713494558e-01 7.340543349849804056e-02
5.805733874700230081e+04 1.014932584011424268e+02 5.313948282106819576e-01 4.016494197279021350e-01 6.695575206141583802e-02
5.806736476865739678e+04 nan nan nan nan
5.806736681638890150e+04 nan nan nan nan
5.806736886258100276e+04 nan nan nan nan
5.807827786126160208e+04 1.292990230643094094e+02 8.709070925141925157e-01 1.828243549878696278e-02 1.108104719870205007e-01
5.807827990872690134e+04 1.177122641732940309e+02 7.173664629669144199e-01 1.919212013932782290e-01 9.071233563980733716e-02
5.807828195469910133e+04 1.167073235347739768e+02 7.089952213456681696e-01 2.008646789342464767e-01 9.014009972008538152e-02
5.808827098557870340e+04 nan nan nan nan
5.808827305770829844e+04 nan nan nan nan
5.808827510299770074e+04 nan nan nan nan
5.780026545491899742e+04 nan nan nan nan
5.781422693438659917e+04 nan nan nan nan
5.781422898768520099e+04 nan nan nan nan
5.781423105940969981e+04 nan nan nan nan
5.784601314594910218e+04 nan nan nan nan
5.784601524319440068e+04 nan nan nan nan
5.784601728746529989e+04 nan nan nan nan
5.785706177908559766e+04 nan nan nan nan
5.785706384946760227e+04 nan nan nan nan
5.785706593056709971e+04 nan nan nan nan
5.786702062585650128e+04 nan nan nan nan
5.786702267342589766e+04 nan nan nan nan
5.786702471924770362e+04 nan nan nan nan
5.787699252589119715e+04 nan nan nan nan
5.787699459777779703e+04 nan nan nan nan
5.787699664407409728e+04 nan nan nan nan
5.780026341004629649e+04 nan nan nan nan
5.797234258017360116e+04 nan nan nan nan
