5.786702128400000220e+04 1.217742059097491278e+02 9.829445618032553456e-02 1.201087798871791103e-02 8.896946658309565770e-01
5.807827851999999984e+04 1.522568070078748974e+02 1.216294020140365750e-01 6.971195222110820530e-03 8.713994027638525264e-01
5.806736539400000038e+04 1.551776106053376338e+02 1.228452747571476683e-01 2.139401768885005467e-02 8.557607075540022423e-01
5.785706242599999678e+04 6.558071303401025887e+01 5.448940825214864531e-02 2.828047632346513025e-03 9.426825441155047836e-01
5.784601378799999657e+04 1.234573127185400807e+02 9.884541239053376560e-02 2.582230241328728124e-02 8.753322851961790052e-01
5.783618264400000044e+04 1.113971402992427500e+02 9.044282316424065438e-02 9.451113663310712482e-03 9.001060631724485672e-01
5.781422753399999783e+04 1.123241581979092274e+02 9.075424583335489626e-02 1.782834812091461246e-02 8.914174060457304982e-01
5.780026200399999652e+04 1.281219170958932239e+02 1.036490279387714541e-01 2.681009886524110888e-03 8.936699621747044020e-01
5.779009156000000075e+04 1.373510571225623664e+02 1.107306939053515349e-01 1.774988634919458502e-03 8.874943174597290652e-01
5.777933970399999816e+04 1.035651429339723819e+02 8.375282733921057821e-02 2.321873926820713918e-02 8.930284333925823104e-01
5.776737014600000111e+04 1.106102435284606571e+02 8.933001878598272050e-02 2.003919274065074640e-02 8.906307884733665192e-01
5.775615890400000353e+04 1.578914093643928709e+02 1.257414619782518950e-01 8.227296791685590610e-03 8.660312412300624763e-01
5.773521652000000176e+04 1.520594250468315920e+02 1.202610176727986063e-01 2.562346550467576103e-02 8.541155168225256222e-01
5.805733528600000136e+04 1.642359963498888646e+02 1.309256008822422823e-01 1.301659110011617803e-03 8.677727400077460684e-01
5.772425191600000107e+04 1.621666523132360282e+02 1.293000157825825447e-01 2.604287091378116713e-03 8.680956971260394006e-01
5.771433286999999837e+04 1.604219734546720417e+02 1.270055595859188591e-01 1.711753804733492576e-02 8.558769023667462950e-01
5.770036333400000149e+04 1.709220592954649476e+02 1.341410613303330168e-01 2.481091664959220178e-02 8.410480220200747814e-01
5.769028132999999798e+04 1.713638641964268459e+02 1.355052539956606850e-01 1.067277464202887917e-02 8.538219713623104168e-01
5.804736375599999883e+04 1.585237619985601611e+02 1.242753928799236046e-01 3.650600901746365451e-02 8.392185981026127894e-01
5.800324470599999768e+04 1.683360791780212935e+02 1.337120454905817157e-01 4.738521879464743965e-03 8.615494326299534267e-01
5.799333421800000360e+04 1.702408501819001287e+02 1.344352311246106713e-01 1.404999378892663776e-02 8.515147750864627829e-01
5.798228270599999814e+04 1.592576682835076554e+02 1.259731929271142581e-01 1.965065157641874422e-02 8.543761554964669491e-01
5.797234323600000062e+04 1.703620251122822538e+02 1.350801180137787549e-01 6.438609543321744018e-03 8.584812724428994013e-01
5.787699316600000020e+04 2.060523931535529982e+02 1.614326295101096154e-01 4.190741481708590657e-04 8.381482963417195009e-01
5.786702128400000220e+04 1.217742059097491278e+02 9.829445618032553456e-02 1.201087798871791103e-02 8.896946658309565770e-01
