5.769028067156249745e+04 1.428818523122689328e+02 4.552365391204796219e-01 5.199693967867180522e-01 2.479406409280229817e-02
5.769028271791669977e+04 1.880581959309866420e+02 7.976085885808800180e-01 1.584551854226065593e-01 4.393622599651340888e-02
5.769028476307870005e+04 1.919938843193678792e+02 8.361347267994080346e-01 1.175413461438837293e-01 4.632392705670826394e-02
5.770036267664349725e+04 1.821358365272523088e+02 7.821987357262919494e-01 1.727537276708086267e-01 4.504753660289943090e-02
5.770036472405090171e+04 1.892211900255803414e+02 8.594340560128502782e-01 9.017955719285002114e-02 5.038638679429974232e-02
5.770036679471070238e+04 1.977773840555273068e+02 9.243932298539353498e-01 2.225020147571063825e-02 5.335656867035388357e-02
5.771433220953700220e+04 1.707274475345768110e+02 7.188695862971102857e-01 2.378270969138457647e-01 4.330331678904395659e-02
5.771433425815970259e+04 1.564258732911294203e+02 5.937044473723249727e-01 3.711110784562319242e-01 3.518447417144302675e-02
5.771433632986110024e+04 1.958750186403892428e+02 9.427963718167484686e-01 6.181043734210140165e-04 5.658552380983052077e-02
5.772425128922449949e+04 1.940780602400531905e+02 9.359601472472487416e-01 7.234473279267122393e-03 5.680537947348407446e-02
5.772425333556709666e+04 1.727037122691031641e+02 7.508759480244800999e-01 2.029539665727588815e-01 4.617008540276101858e-02
5.772425540484950034e+04 1.708557376499260840e+02 7.297718260293369896e-01 2.256684299913452318e-01 4.455974397931782710e-02
5.773521590384260344e+04 nan nan nan nan
5.773521795435190143e+04 nan nan nan nan
5.773522000270830176e+04 nan nan nan nan
5.774518851109949901e+04 nan nan nan nan
5.774519055625000328e+04 nan nan nan nan
5.774519262672449986e+04 nan nan nan nan
5.775615824108800007e+04 1.867280755810402297e+02 8.568558226029556746e-01 9.171330410166318725e-02 5.143087329538118674e-02
5.775616031265049969e+04 1.722214846793603158e+02 7.420926188442750204e-01 2.125582257391374352e-01 4.534915541658748189e-02
5.775616238341439748e+04 1.868932563791386769e+02 8.508691559074696986e-01 9.850573918439048393e-02 5.062510490813981051e-02
5.776736949430560344e+04 nan nan nan nan
5.776737156701389904e+04 nan nan nan nan
5.776737363773149991e+04 nan nan nan nan
5.777933906694439793e+04 9.203571140543590445e+01 3.423631962964497344e-01 6.238389568021691645e-01 3.379784690138112890e-02
5.777934111552080140e+04 1.073202025370787851e+02 4.645813155685623030e-01 4.896479218009499590e-01 4.577076263048766164e-02
5.777934316069439956e+04 6.998435208379122230e+01 2.049752386555333539e-01 7.740726136911668664e-01 2.095214765329981785e-02
5.779009090420140274e+04 nan nan nan nan
5.779009295081019809e+04 nan nan nan nan
5.779009500322920212e+04 nan nan nan nan
5.780026133701390063e+04 nan nan nan nan
5.797234465217590332e+04 nan nan nan nan
5.797234669783560093e+04 nan nan nan nan
5.798228209060189693e+04 1.738402622501579913e+02 8.422962855383191449e-01 1.003638488133088147e-01 5.733986564837195016e-02
5.798228416128469689e+04 1.624679910029394989e+02 7.132829336032138201e-01 2.396393181127632332e-01 4.707774828402298134e-02
5.798228620649310324e+04 1.812299564896879076e+02 8.946318523880106843e-01 4.584904453084756581e-02 5.951910308114174986e-02
5.799333355103009671e+04 1.891657564955735609e+02 8.088938290453554503e-01 1.464454593749777711e-01 4.466071157966684108e-02
5.799333562310189882e+04 2.036703882324116250e+02 9.394152356562780470e-01 8.622621396789830611e-03 5.196214294693202174e-02
5.799333766741900035e+04 1.679251503722899770e+02 6.296310151750846851e-01 3.360315086503350424e-01 3.433747617458016849e-02
5.800324404768519889e+04 nan nan nan nan
5.800324609627309837e+04 nan nan nan nan
5.800324814269680064e+04 nan nan nan nan
5.804736309597219952e+04 1.903171823336250554e+02 8.829204876261717017e-01 6.451231449559799436e-02 5.256719787823025541e-02
5.804736515063660045e+04 1.615529036790632063e+02 6.413271504018143165e-01 3.201820128212172767e-01 3.849083677696833738e-02
5.804736722247690341e+04 1.950703974860298615e+02 9.280227680204685692e-01 1.669797948176608704e-02 5.527925249776537153e-02
5.805733465548609820e+04 1.737192076691072486e+02 7.038356954353711670e-01 2.560707524703640936e-01 4.009355209426467698e-02
5.805733670298609650e+04 1.822298286842730022e+02 7.790900994376013244e-01 1.762658003740315005e-01 4.464410018836713345e-02
5.805733874700230081e+04 1.895028224564205743e+02 8.422362489979529077e-01 1.095174380380070089e-01 4.824631296403997932e-02
5.806736476865739678e+04 1.512685187292410092e+02 5.481465693065221689e-01 4.197815868028320629e-01 3.207184389064570568e-02
5.806736681638890150e+04 nan nan nan nan
5.806736886258100276e+04 nan nan nan nan
5.807827786126160208e+04 2.005688609386544670e+02 9.304638150721225021e-01 1.697083041396274181e-02 5.256535451391474573e-02
5.807827990872690134e+04 1.909181813113771966e+02 8.718774425051850629e-01 7.718431659588388671e-02 5.093824089893099483e-02
5.807828195469910133e+04 1.953753129543637215e+02 8.857658615191308371e-01 6.403154659507213908e-02 5.020259188579700299e-02
5.808827098557870340e+04 nan nan nan nan
5.808827305770829844e+04 nan nan nan nan
5.808827510299770074e+04 nan nan nan nan
5.780026545491899742e+04 nan nan nan nan
5.781422693438659917e+04 1.401012491948692968e+02 7.048735512062808128e-01 2.333011745277789595e-01 6.182527426594015135e-02
5.781422898768520099e+04 1.101899361433618481e+02 4.294641038255180843e-01 5.334338797136276566e-01 3.710201646085419663e-02
5.781423105940969981e+04 1.132044711594672464e+02 4.655326380630245287e-01 4.931625408548576672e-01 4.130482108211773473e-02
5.784601314594910218e+04 nan nan nan nan
5.784601524319440068e+04 nan nan nan nan
5.784601728746529989e+04 nan nan nan nan
5.785706177908559766e+04 nan nan nan nan
5.785706384946760227e+04 nan nan nan nan
5.785706593056709971e+04 nan nan nan nan
5.786702062585650128e+04 1.507374507989643746e+02 7.759545020746351218e-01 1.593226202138640912e-01 6.472287771150071756e-02
5.786702267342589766e+04 1.351252969537388822e+02 6.130340717683361307e-01 3.366942319156998598e-01 5.027169631596398180e-02
5.786702471924770362e+04 1.507077844750743054e+02 7.590678668106003446e-01 1.789712670105835512e-01 6.196086617881607639e-02
5.787699252589119715e+04 1.684159667617059881e+02 5.494908589170809377e-01 4.245086197563741615e-01 2.600052132654481069e-02
5.787699459777779703e+04 1.574957787363728698e+02 4.907213759902546713e-01 4.855670844260234764e-01 2.371153958372184539e-02
5.787699664407409728e+04 1.860723874442255408e+02 6.816520287804066491e-01 2.855694587920147298e-01 3.277851242757875289e-02
5.780026341004629649e+04 nan nan nan nan
5.797234258017360116e+04 nan nan nan nan
