5.769028067156249745e+04 2.083928350876009290e+02 5.817661348428934120e-01 3.991985993892008810e-01 1.903526576790563404e-02
5.769028271791669977e+04 2.546418369825025820e+02 8.689754994385301412e-01 1.025809908918436930e-01 2.844350966962623517e-02
5.769028476307870005e+04 2.569800050512682787e+02 8.951629630162026841e-01 7.520010928567592845e-02 2.963692769812138750e-02
5.770036267664349725e+04 2.463660224664997429e+02 8.570787470897234250e-01 1.133610463004698227e-01 2.956020660980674189e-02
5.770036472405090171e+04 2.526832444808044613e+02 9.113613969500444778e-01 5.686576525227564349e-02 3.177283779767978156e-02
5.770036679471070238e+04 2.588982725090978647e+02 9.530954555300065190e-01 1.380346710443505591e-02 3.310107736555842339e-02
5.771433220953700220e+04 2.331219157171419454e+02 8.090263545142853951e-01 1.615574319928325675e-01 2.941621349288212062e-02
5.771433425815970259e+04 2.187457277726776113e+02 7.061102229448241729e-01 2.684394436632058234e-01 2.545033339196990305e-02
5.771433632986110024e+04 2.550061857654248172e+02 9.646655769967585892e-01 3.818002823290511530e-04 3.495262272091220757e-02
5.772425128922449949e+04 2.526190039644367005e+02 9.602171936523959950e-01 4.494195990849378548e-03 3.528861035675453367e-02
5.772425333556709666e+04 2.351140510891976874e+02 8.341231448794657055e-01 1.351349475988588567e-01 3.074190752167537191e-02
5.772425540484950034e+04 2.335854686829527793e+02 8.182437579503736291e-01 1.517852309097829366e-01 2.997101113984334403e-02
5.773521590384260344e+04 2.465726320990618774e+02 9.484322352476936002e-01 1.543089692158469521e-02 3.613686783072175140e-02
5.773521795435190143e+04 2.078683374004664302e+02 6.723130804540523586e-01 3.021367330798800932e-01 2.555018646606747532e-02
5.773522000270830176e+04 2.343546238360810321e+02 8.565075364703786942e-01 1.108680313818293517e-01 3.262443214779203737e-02
5.774518851109949901e+04 nan nan nan nan
5.774519055625000328e+04 nan nan nan nan
5.774519262672449986e+04 1.044535122191816612e+02 5.646170787973541216e-01 3.640172157248006690e-01 7.136570547784527874e-02
5.775615824108800007e+04 2.449067092723393557e+02 9.068029958202538099e-01 5.971186073459894272e-02 3.348514344514726820e-02
5.775616031265049969e+04 2.337018425849352639e+02 8.263355834460076599e-01 1.431281264278763954e-01 3.053629012611595861e-02
5.775616238341439748e+04 2.435347022060187214e+02 9.014250224116863164e-01 6.511195649369978800e-02 3.346302109461384011e-02
5.776736949430560344e+04 nan nan nan nan
5.776737156701389904e+04 nan nan nan nan
5.776737363773149991e+04 nan nan nan nan
5.777933906694439793e+04 1.388248423628267858e+02 4.655440578360192094e-01 5.069887140419150340e-01 2.746722812206580863e-02
5.777934111552080140e+04 1.541666320987112897e+02 5.864949590273758062e-01 3.781561791805369555e-01 3.534886179208723139e-02
5.777934316069439956e+04 1.097412226455859354e+02 3.013149309144693699e-01 6.802718655698563044e-01 1.841320351567425628e-02
5.779009090420140274e+04 1.795085967308605177e+02 6.131989744592096780e-01 3.583000337641378263e-01 2.850099177665237071e-02
5.779009295081019809e+04 1.695151202498012424e+02 5.243214836581080451e-01 4.523113495349978530e-01 2.336716680689410880e-02
5.779009500322920212e+04 2.176045925283526969e+02 8.828151395855157180e-01 7.698439621398374400e-02 4.020046420050055191e-02
5.780026133701390063e+04 2.185772210074334509e+02 9.254617728537758437e-01 3.075227421343329839e-02 4.378595293279076428e-02
5.797234465217590332e+04 1.862710519034093863e+02 5.629285274504481906e-01 4.147643569136294506e-01 2.230711563592229288e-02
5.797234669783560093e+04 1.962956976331896897e+02 6.483716487556324681e-01 3.249809962463706681e-01 2.664735499799688809e-02
5.798228209060189693e+04 2.212564059918520627e+02 8.910503838258624354e-01 6.933636815907766315e-02 3.961324801505980431e-02
5.798228416128469689e+04 2.083764481678926757e+02 7.875284644594686689e-01 1.775845942314487891e-01 3.488694130908243096e-02
5.798228620649310324e+04 2.255581843351580744e+02 9.269709469069077334e-01 3.177727219463644809e-02 4.125178089845577684e-02
5.799333355103009671e+04 2.407513713866053422e+02 8.650621489047281010e-01 1.034034405692181718e-01 3.153441052605373413e-02
5.799333562310189882e+04 2.533205951309907391e+02 9.591721831384583119e-01 5.810748148779867027e-03 3.501706871276184796e-02
5.799333766741900035e+04 2.210208170056300503e+02 7.202413152279942832e-01 2.538218283758585381e-01 2.593685639614715099e-02
5.800324404768519889e+04 2.288128014339740162e+02 8.789709492154483828e-01 8.498645649626204723e-02 3.604259428828970185e-02
5.800324609627309837e+04 2.123037881033909855e+02 7.448038268433293529e-01 2.251356905119153984e-01 3.006048264475523132e-02
5.800324814269680064e+04 1.931154088483900182e+02 6.100549362567507794e-01 3.655707906723255629e-01 2.437427307092362994e-02
5.804736309597219952e+04 2.411632977942557545e+02 9.207102197556701340e-01 4.368968691188783449e-02 3.560009333244192054e-02
5.804736515063660045e+04 2.180251809051155760e+02 7.387168204145515560e-01 2.332436772109099943e-01 2.803950237453846014e-02
5.804736722247690341e+04 2.481142276664038206e+02 9.530742964186108557e-01 1.088628187024893827e-02 3.603942171114032922e-02
5.805733465548609820e+04 2.290963376917867436e+02 7.870574688287815812e-01 1.841152135809084323e-01 2.882731759030989979e-02
5.805733670298609650e+04 2.353402580085412410e+02 8.444070293697752971e-01 1.241488925163090201e-01 3.144407811391573132e-02
5.805733874700230081e+04 2.421781781689683157e+02 8.917180976774318202e-01 7.516781550215242969e-02 3.311408682041571544e-02
5.806736476865739678e+04 2.011274756202612082e+02 6.455253859910914382e-01 3.293145649499854000e-01 2.516004905892309240e-02
5.806736681638890150e+04 2.091628959872456051e+02 6.821491461935359490e-01 2.918721771666278331e-01 2.597867663983614503e-02
5.806736886258100276e+04 2.313832825755477245e+02 8.200013364203985189e-01 1.493230822769771593e-01 3.067558130262420732e-02
5.807827786126160208e+04 2.457050760807746599e+02 9.515418905957335749e-01 1.182656709933140732e-02 3.663154230493512881e-02
5.807827990872690134e+04 2.405482121782297327e+02 9.117428739013391237e-01 5.316835767126783935e-02 3.508876842739313412e-02
5.807828195469910133e+04 2.424671856176698270e+02 9.199878958101052051e-01 4.484910417968457352e-02 3.516300001021021443e-02
5.808827098557870340e+04 2.210466755987909835e+02 8.774817580813197848e-01 8.402931040590116973e-02 3.848893151277896219e-02
5.808827305770829844e+04 1.887541407654380237e+02 6.081001504047295336e-01 3.665494456891585373e-01 2.535040390611199498e-02
5.808827510299770074e+04 2.272461604962617798e+02 8.729599273157884198e-01 9.099688901965390098e-02 3.604318366455765837e-02
5.780026545491899742e+04 2.070792167030732287e+02 8.327375210235710146e-01 1.277648635902716989e-01 3.949761538615731427e-02
5.781422693438659917e+04 1.874797457635218620e+02 7.919535136267358277e-01 1.644633675688814134e-01 4.358311880438273112e-02
5.781422898768520099e+04 1.541205782824349342e+02 5.395998415743444854e-01 4.304602819498296595e-01 2.993987647582577877e-02
5.781423105940969981e+04 1.598946243442715058e+02 5.817037061334321413e-01 3.859694301365634850e-01 3.232686373000436680e-02
5.784601314594910218e+04 1.943513776031216196e+02 7.458851221345651483e-01 2.181402525465239717e-01 3.597462531891101878e-02
5.784601524319440068e+04 1.936394388059431435e+02 7.421844040715499524e-01 2.219346689517542881e-01 3.588092697669571091e-02
5.784601728746529989e+04 1.792256411904068045e+02 6.328934618484213237e-01 3.366494367074985283e-01 3.045710144408008552e-02
5.785706177908559766e+04 nan nan nan nan
5.785706384946760227e+04 nan nan nan nan
5.785706593056709971e+04 nan nan nan nan
5.786702062585650128e+04 2.014023079271028394e+02 8.495595033271738927e-01 1.069808335277252220e-01 4.345966314510089218e-02
5.786702267342589766e+04 1.836629835520908216e+02 7.150362292361009953e-01 2.479434258194251894e-01 3.702034494447384999e-02
5.786702471924770362e+04 1.973000388243203815e+02 8.313687848869272257e-01 1.252640809127602839e-01 4.336713420031245575e-02
5.787699252589119715e+04 2.301303930393118833e+02 6.560578108904384642e-01 3.240920342346892413e-01 1.985015487487236038e-02
5.787699459777779703e+04 2.197485685343184798e+02 6.038619528727307006e-01 3.776942276888615724e-01 1.844381943840779983e-02
5.787699664407409728e+04 2.510011834346700539e+02 7.742750797711114297e-01 2.024832860052071248e-01 2.324163422368140386e-02
5.780026341004629649e+04 2.110040764056680302e+02 8.717405759051096714e-01 8.657052102290678508e-02 4.168890307198353656e-02
5.797234258017360116e+04 2.124736631921578009e+02 7.396056831247005414e-01 2.307993467957222544e-01 2.959497007957720763e-02
