5.790136867042820086e+04 3.401053913618121527e+01 2.803194175716586245e-01 5.537574384125782956e-01 1.659231440157631632e-01
5.769016214704859885e+04 1.198926049450051181e+02 7.364341231997554305e-01 1.714126277895084705e-01 9.215324901073608521e-02
5.769016402178240241e+04 1.320501234168110898e+02 8.811005343729192418e-01 1.015655745973985391e-02 1.087429081673408210e-01
5.769016591982640239e+04 8.573394826723257722e+01 3.710639791066220883e-01 5.831830201623994236e-01 4.575300073097858522e-02
5.771210143005789723e+04 1.180676539183476308e+02 6.624504302507008280e-01 2.606590949340960028e-01 7.689047481520321081e-02
5.771210333067129977e+04 9.192881615939559481e+01 4.250886675211768551e-01 5.226857422760735616e-01 5.222559020274965963e-02
5.771210520216439909e+04 1.160710702366168476e+02 6.692916730026627903e-01 2.494981414517678242e-01 8.121018554556927449e-02
5.781938355751160270e+04 1.070357657669526219e+02 6.849031113195613862e-01 2.150904241468279132e-01 1.000064645336106173e-01
5.781938543133100029e+04 nan nan nan nan
5.782038083650459885e+04 5.764686371657731456e+01 4.978741960474085682e-01 3.199395926811836599e-01 1.821862112714077442e-01
5.782138153717589739e+04 nan nan nan nan
5.785730091833329789e+04 nan nan nan nan
5.785730279201389931e+04 nan nan nan nan
5.785730467506939749e+04 nan nan nan nan
5.790136495271990134e+04 nan nan nan nan
5.790136679890049709e+04 nan nan nan nan
5.792331731246529671e+04 1.164959827529664835e+02 7.613849692125878033e-01 1.342837987002475364e-01 1.043312320871645910e-01
5.792331918533559656e+04 1.152926457790028962e+02 7.395736489200571695e-01 1.599214400836908023e-01 1.005049109962520421e-01
5.792332105572919681e+04 1.190658270533074727e+02 7.866602134962286108e-01 1.067224712565431749e-01 1.066173152472282420e-01
5.794425958180559974e+04 nan nan nan nan
5.794426145711809659e+04 nan nan nan nan
5.794426335319440113e+04 nan nan nan nan
5.796536169552079809e+04 nan nan nan nan
5.796536356960650301e+04 nan nan nan nan
5.796536544467590284e+04 nan nan nan nan
5.798614419361110049e+04 1.025246826449424020e+02 5.226475860991163236e-01 4.138794662031809457e-01 6.347294769770273071e-02
5.798614606745370111e+04 1.219743861273625498e+02 7.171486559213202661e-01 1.984190222065015385e-01 8.443232187217823703e-02
5.798614793914349866e+04 1.331158620984828644e+02 8.755039749946543770e-01 1.884243386925548228e-02 1.056535911360901581e-01
5.801028912216440222e+04 1.219297421463556788e+02 8.212769447505228193e-01 6.791085227512128064e-02 1.108122029743559001e-01
5.801029099593750288e+04 9.027325882592184314e+01 4.718301291745916060e-01 4.614460764531754799e-01 6.672379437223296961e-02
5.801029286637729820e+04 1.077359257984608121e+02 6.528215298184879556e-01 2.574984951411568024e-01 8.967997504035526979e-02
5.804714278081020166e+04 1.196844998930324380e+02 7.459122506043209810e-01 1.592180994736192012e-01 9.486964992205984548e-02
5.804714465343749907e+04 1.053946672513246199e+02 5.758759104967633435e-01 3.512038331554926951e-01 7.292025634774396137e-02
5.804714655027780100e+04 6.503248111686268373e+01 2.293313682162715639e-01 7.402951964931225870e-01 3.037343529060580055e-02
5.806805274693290266e+04 8.924343843374387575e+01 4.441024543472077979e-01 4.954134217794222694e-01 6.048412387336994656e-02
5.806805461968750024e+04 9.232305521619446154e+01 4.765221272250105278e-01 4.584089758221056021e-01 6.506889695288385622e-02
5.806805649126160279e+04 9.900624475159871452e+01 5.242743265180812573e-01 4.072368599961319058e-01 6.848881348578673978e-02
5.809007905913190189e+04 1.030170993020808936e+02 6.641232027168632035e-01 2.343673857680756423e-01 1.015094115150610432e-01
5.809008093148149783e+04 7.671690783150457094e+01 3.615266501691121737e-01 5.842325491584301478e-01 5.424080067245771325e-02
5.809008282870370022e+04 1.002447802652366846e+02 6.351899321971434809e-01 2.667456820632759240e-01 9.806438573958058125e-02
