5.790136867042820086e+04 nan nan nan nan
5.769016214704859885e+04 2.746307083419882815e+02 9.590624832950254142e-01 1.115075795498806158e-02 2.978675874998643752e-02
5.769016402178240241e+04 2.186077100170240897e+02 6.032503629952702395e-01 3.781505395075606679e-01 1.859909749716908561e-02
5.769016591982640239e+04 2.215172626086155105e+02 6.190665793001003392e-01 3.618574255658216221e-01 1.907599513407797626e-02
5.771210143005789723e+04 1.945616790655952002e+02 4.797676963192405997e-01 5.053806425523199586e-01 1.485166112843934981e-02
5.771210333067129977e+04 1.892060764660462553e+02 4.533389513361085199e-01 5.326392557583844445e-01 1.402179290550695061e-02
5.771210520216439909e+04 2.041405789245598896e+02 5.345634689608804724e-01 4.486883554254832429e-01 1.674817561363636451e-02
5.781938355751160270e+04 2.279655003471310692e+02 8.770074528458684515e-01 8.684357519407599757e-02 3.614897196005556479e-02
5.781938543133100029e+04 nan nan nan nan
5.782038083650459885e+04 1.314799134837022052e+02 7.906810265783035252e-01 1.209883180622334103e-01 8.833065535946302282e-02
5.782138153717589739e+04 nan nan nan nan
5.785730091833329789e+04 nan nan nan nan
5.785730279201389931e+04 nan nan nan nan
5.785730467506939749e+04 nan nan nan nan
5.790136495271990134e+04 nan nan nan nan
5.790136679890049709e+04 nan nan nan nan
5.792331731246529671e+04 2.642112628313591358e+02 9.022496972937850135e-01 6.926777861546097592e-02 2.848252409075401406e-02
5.792331918533559656e+04 2.268226077649874810e+02 6.759149343510323371e-01 3.023960898977423595e-01 2.168897575122527566e-02
5.792332105572919681e+04 2.633762417506395650e+02 9.051915307247955234e-01 6.595783214954115126e-02 2.885063712566327335e-02
5.794425958180559974e+04 nan nan nan nan
5.794426145711809659e+04 nan nan nan nan
5.794426335319440113e+04 nan nan nan nan
5.796536169552079809e+04 nan nan nan nan
5.796536356960650301e+04 nan nan nan nan
5.796536544467590284e+04 nan nan nan nan
5.798614419361110049e+04 2.418501998619676385e+02 6.514255443869847451e-01 3.308544316475881542e-01 1.772002396542705221e-02
5.798614606745370111e+04 2.379349237012706055e+02 6.349202003366037905e-01 3.476877990236801885e-01 1.739200063971590993e-02
5.798614793914349866e+04 2.465141314206611298e+02 6.796027743861157155e-01 3.018339641061141831e-01 1.856326150777010825e-02
5.801028912216440222e+04 1.624975721385810630e+02 3.501441718944272585e-01 6.385154460081308159e-01 1.134038209744190132e-02
5.801029099593750288e+04 1.801526326555295157e+02 3.485432538506321176e-01 6.423143555230699242e-01 9.142390626298046649e-03
5.801029286637729820e+04 1.649615872837051143e+02 3.639267629435650186e-01 6.241857523176250755e-01 1.188748473880998219e-02
5.804714278081020166e+04 2.043844065297853092e+02 5.162314023539376073e-01 4.681866780629354019e-01 1.558191958312695781e-02
5.804714465343749907e+04 2.286096977210928571e+02 6.501699171242938391e-01 3.300743984372226381e-01 1.975568443848349509e-02
5.804714655027780100e+04 2.363461336128509629e+02 7.037978828638860040e-01 2.745437084214549794e-01 2.165840871465897488e-02
5.806805274693290266e+04 2.459993393066785927e+02 7.423194127372859663e-01 2.354402488183099384e-01 2.224033844440413341e-02
5.806805461968750024e+04 2.337256038839118730e+02 6.687173152192812386e-01 3.112886615158427239e-01 1.999402326487609641e-02
5.806805649126160279e+04 2.254125155577922897e+02 6.210208533101496675e-01 3.604402470707134265e-01 1.853889961913691986e-02
5.809007905913190189e+04 1.359935711182172895e+02 2.536947570575213140e-01 7.378053419991636996e-01 8.499900943314877069e-03
5.809008093148149783e+04 1.433123071922264273e+02 2.829075466066739986e-01 7.075743651604081697e-01 9.518088232917902916e-03
5.809008282870370022e+04 1.455480145526530293e+02 2.858667942899481562e-01 7.047112189638758961e-01 9.421986746176023997e-03
