5.769016645399999834e+04 4.869054156651424137e+02 5.319793959707104225e-01 6.051463621972093948e-02 4.075059678095686033e-01
5.828632774800000334e+04 3.552793917003035631e+02 4.431407866286839470e-01 2.575838993658447970e-02 5.311008234347316392e-01
5.822230702400000155e+04 3.773790549631377758e+02 4.521414575582352047e-01 5.782406798580343871e-02 4.900344744559612664e-01
5.806805704600000172e+04 4.301852787937401672e+02 4.888514859377401378e-01 7.031322810946999402e-02 4.408352859527899792e-01
5.792332160399999702e+04 3.941763101971901051e+02 4.759383830670699811e-01 2.637727036794423538e-02 4.976843465649856690e-01
5.809008337400000164e+04 3.973415607138941255e+02 4.666821336463258252e-01 6.239701306124663394e-02 4.709208532924274437e-01
5.833222427800000150e+04 3.589405137400701733e+02 4.443638265115839592e-01 3.243827001533125531e-02 5.231979034730848133e-01
5.798614848799999891e+04 4.705894943891655089e+02 5.311623687743048938e-01 3.392331654508740080e-02 4.349143146806077609e-01
5.831136626999999862e+04 3.650889895422810696e+02 4.587781755397548067e-01 2.156262248845598143e-03 5.390655622113997847e-01
5.827136885199999961e+04 3.594033474443897376e+02 4.424016205230141829e-01 4.034570834805648043e-02 5.172526711289293644e-01
5.771210574400000041e+04 4.519547763623618266e+02 5.261804518852793988e-01 1.110514565893876149e-02 4.627144024557818258e-01
5.801029341399999976e+04 4.775921339022150391e+02 5.423619408897868421e-01 1.738980599793498935e-02 4.402482531122782761e-01
5.804714707400000043e+04 4.128954556948336858e+02 4.918491364960894119e-01 2.373631297587379396e-02 4.844145505280366693e-01
