5.790136867042820086e+04 nan nan nan nan
5.769016214704859885e+04 5.639896323625819008e+01 1.641952566406503222e-01 8.151030148134016384e-01 2.070172854594807751e-02
5.769016402178240241e+04 8.528690683975533204e+01 3.687732282942510209e-01 5.855619591054217477e-01 4.566481260032718287e-02
5.769016591982640239e+04 7.642832360731729580e+01 2.964462038097526730e-01 6.668077382078632098e-01 3.674605798238400611e-02
5.771210143005789723e+04 1.350217734597933088e+02 8.705518549418145291e-01 2.791465573597157537e-02 1.015334893222137741e-01
5.771210333067129977e+04 7.206435422384086564e+01 2.620118385883083434e-01 7.057011038564363625e-01 3.228705755525516918e-02
5.771210520216439909e+04 1.116834185853096812e+02 6.214345636073603796e-01 3.029446745852235612e-01 7.562076180741601761e-02
5.781938355751160270e+04 nan nan nan nan
5.781938543133100029e+04 nan nan nan nan
5.782038083650459885e+04 nan nan nan nan
5.782138153717589739e+04 nan nan nan nan
5.785730091833329789e+04 nan nan nan nan
5.785730279201389931e+04 nan nan nan nan
5.785730467506939749e+04 nan nan nan nan
5.790136495271990134e+04 nan nan nan nan
5.790136679890049709e+04 nan nan nan nan
5.792331731246529671e+04 8.609915394661814503e+01 4.120234611962332871e-01 5.320428114167481404e-01 5.593372738701862107e-02
5.792331918533559656e+04 7.339857279839108628e+01 3.013137076703715223e-01 6.575248878242226924e-01 4.116140450540570206e-02
5.792332105572919681e+04 6.796163242691476114e+01 2.569994303421035409e-01 7.080733227463275048e-01 3.492724691156890576e-02
5.794425958180559974e+04 nan nan nan nan
5.794426145711809659e+04 nan nan nan nan
5.794426335319440113e+04 nan nan nan nan
5.796536169552079809e+04 nan nan nan nan
5.796536356960650301e+04 nan nan nan nan
5.796536544467590284e+04 nan nan nan nan
5.798614419361110049e+04 6.785171076058736617e+01 2.291566010851140700e-01 7.429840619097537457e-01 2.785933700513227099e-02
5.798614606745370111e+04 6.855882884842813496e+01 2.269531403427276772e-01 7.462814897709711959e-01 2.676536988630105751e-02
5.798614793914349866e+04 8.499124399893483428e+01 3.572615983832362341e-01 5.995813329257239088e-01 4.315706869103991261e-02
5.801028912216440222e+04 7.464008070357553493e+01 3.077499332941646126e-01 6.507279608486736810e-01 4.152210585716169244e-02
5.801029099593750288e+04 6.667310501278083734e+01 2.577045470619510059e-01 7.058057407364313196e-01 3.648971220161766754e-02
5.801029286637729820e+04 7.407100526767106885e+01 3.089380262456370430e-01 6.485732296198455371e-01 4.248874413451753790e-02
5.804714278081020166e+04 1.138154934955506974e+02 6.734181888692710727e-01 2.410762128253421954e-01 8.550559830538667638e-02
5.804714465343749907e+04 7.321769660138745905e+01 2.784330955564514043e-01 6.862455601071200118e-01 3.532134433642849375e-02
5.804714655027780100e+04 8.075841388216471728e+01 3.598152580038351811e-01 5.916993147360471994e-01 4.848542726011768889e-02
5.806805274693290266e+04 5.721940470522526567e+01 1.830730587187557046e-01 7.919240724888371163e-01 2.500286879240727622e-02
5.806805461968750024e+04 5.654815230813397875e+01 1.805341754626091366e-01 7.945709665919983289e-01 2.489485794539263164e-02
5.806805649126160279e+04 5.242646718070302825e+01 1.486883810318163635e-01 8.316653305259213980e-01 1.964628844226223164e-02
5.809007905913190189e+04 nan nan nan nan
5.809008093148149783e+04 nan nan nan nan
5.809008282870370022e+04 nan nan nan nan
