5.790136495271990134e+04 3.021440994372603051e+00 2.837322710556746015e-03 9.966242130334688198e-01 5.384642559745929759e-04
5.828632533869209874e+04 4.987876547638665414e+01 5.032898846748977417e-02 9.490493232849600558e-01 6.216882475502358589e-04
5.831136581925929931e+04 4.719048043176292850e+01 4.457264167358557239e-02 9.548826103869189064e-01 5.447479394955799048e-04
5.801028912216440222e+04 5.128080022331901233e+01 4.664307904614440475e-02 9.528517568509069502e-01 5.051641029487608479e-04
5.769016402178240241e+04 5.299409079397550926e+01 4.699926145132617139e-02 9.525204581951355332e-01 4.802803535382957280e-04
5.804714465343749907e+04 5.719160102766621634e+01 5.471549614966255554e-02 9.447256170917601725e-01 5.588867585775092678e-04
5.806805461968750024e+04 5.779384825882389976e+01 5.311120080846698510e-02 9.463731234992891483e-01 5.156756922439146955e-04
5.833222185671299667e+04 4.269462172108767106e+01 3.810570756320681013e-02 9.614078837011293954e-01 4.864087356639069308e-04
5.796536169552079809e+04 7.334002161595852165e+00 7.165618158708258675e-03 9.922514833892992492e-01 5.828984519924953946e-04
5.822230459268519917e+04 4.176007683561984152e+01 3.946009146277542484e-02 9.599947017638703617e-01 5.452067733542286486e-04
5.769016214704859885e+04 5.232422356421800202e+01 4.565171032478933938e-02 9.538834789225534294e-01 4.648107526573551861e-04
5.798614793914349866e+04 6.719620582886869897e+01 6.583307640329656707e-02 9.335808307202747569e-01 5.860928764287438950e-04
5.806805274693290266e+04 5.641866572403866797e+01 5.105337866100833483e-02 9.484466201919833361e-01 5.000011470084260749e-04
5.771210143005789723e+04 4.954080359684233770e+01 4.372619144669853686e-02 9.557981176399559242e-01 4.756909133456819843e-04
5.771210520216439909e+04 4.539449295764666203e+01 3.989325179547962424e-02 9.596351629871909816e-01 4.715852173293521655e-04
5.801029286637729820e+04 5.186467665069497457e+01 4.834458942074881110e-02 9.511248682388981912e-01 5.305423403530750998e-04
5.804714655027780100e+04 5.413520249196604794e+01 5.239772847317914622e-02 9.470302227852804844e-01 5.720487415404466912e-04
5.794426335319440113e+04 nan nan nan nan
5.782038083650459885e+04 1.598740614398670878e+01 1.550855742190928969e-02 9.839168573790503247e-01 5.745851990404248367e-04
5.785730467506939749e+04 nan nan nan nan
5.785730279201389931e+04 nan nan nan nan
5.827136831038189848e+04 1.854173620580841586e+01 7.153434250905926425e-03 9.927556799501809914e-01 9.088579891312637687e-05
5.822230646538190194e+04 4.319210598573049253e+01 4.143159002151745873e-02 9.580065577775154217e-01 5.618522009671769821e-04
5.831136207416669640e+04 4.612710720870335734e+01 4.349674883813741538e-02 9.559602899560283307e-01 5.429612058342797500e-04
5.809007905913190189e+04 2.918190513631705940e+01 1.787761923684456217e-02 9.818932097263310954e-01 2.291710368243954940e-04
5.794426145711809659e+04 nan nan nan nan
5.826538098899309989e+04 4.270231609804203998e+01 3.629914999775256390e-02 9.632596274580590423e-01 4.412225441884162921e-04
5.833221995740739658e+04 4.281040569448604316e+01 3.860471050274977278e-02 9.608987548492534669e-01 4.965346479967690631e-04
5.822230268997690291e+04 4.260627286382239731e+01 4.067212355478281444e-02 9.587714416838365450e-01 5.564347613807660168e-04
5.790136867042820086e+04 nan nan nan nan
5.801029099593750288e+04 5.318746499213389711e+01 4.924204829134482680e-02 9.502345666963989412e-01 5.233850122562785836e-04
5.792331918533559656e+04 4.335756181752774552e+01 4.151583626508032615e-02 9.579243216755837231e-01 5.598420593359279464e-04
5.828632343831020262e+04 4.981571072241838749e+01 5.030187009592059638e-02 9.490755383186392224e-01 6.225915854401648008e-04
5.827136456357639690e+04 1.865139235932157646e+01 7.205769284127216436e-03 9.927030913852390448e-01 9.113933063369281074e-05
5.769016591982640239e+04 5.215787595586892422e+01 4.549659749738997616e-02 9.540387955666709274e-01 4.646069359392305804e-04
5.809008093148149783e+04 3.065311959017917687e+01 1.830212915180779581e-02 9.814801893499464081e-01 2.176814982458014742e-04
5.796536544467590284e+04 2.625035915191586522e+00 2.539811566036787645e-03 9.968885780107918926e-01 5.716104231713256285e-04
5.781938543133100029e+04 nan nan nan nan
5.771210333067129977e+04 4.682274695805469378e+01 4.132176505220461205e-02 9.582026680737361080e-01 4.755668740592915991e-04
5.792332105572919681e+04 4.491303396795416347e+01 4.301686080539469936e-02 9.564229944225942637e-01 5.601447720111503697e-04
5.806805649126160279e+04 5.588375673247596609e+01 5.005695357813389618e-02 9.494531262861181098e-01 4.899201357479841682e-04
5.785730091833329789e+04 nan nan nan nan
5.796536356960650301e+04 nan nan nan nan
5.798614606745370111e+04 6.824388444264627651e+01 6.718779887437098530e-02 9.322203383931486620e-01 5.918627324803656066e-04
5.828632720989579684e+04 4.793974351971822756e+01 4.780053246832664804e-02 9.515923934353005542e-01 6.070740963727816984e-04
5.826538286181710282e+04 nan nan nan nan
5.790136679890049709e+04 nan nan nan nan
5.809008282870370022e+04 3.035013361977341262e+01 1.767879800332951973e-02 9.821140200554033806e-01 2.071819412672089452e-04
5.798614419361110049e+04 6.672876466640087756e+01 6.513181454018575345e-02 9.342864469274276829e-01 5.817385323867047551e-04
5.792331731246529671e+04 4.608070160556270878e+01 4.482570941781913176e-02 9.545964822197552380e-01 5.778083624256477287e-04
5.794425958180559974e+04 nan nan nan nan
5.826438382359949901e+04 nan nan nan nan
5.782138153717589739e+04 nan nan nan nan
5.831136394791670318e+04 4.705329037642545131e+01 4.474498198586220749e-02 9.547028435430495730e-01 5.521744710883912804e-04
5.804714278081020166e+04 5.658975980744137502e+01 5.356015748702026846e-02 9.458928572380049804e-01 5.469852749748586873e-04
5.827136643611110048e+04 1.836174439060721753e+01 7.064743635586718737e-03 9.928448638255567005e-01 9.039253885652156237e-05
5.781938355751160270e+04 3.553796293162987041e+01 3.033670620604891899e-02 9.692183353661663059e-01 4.449584277849160698e-04
5.833222372849540261e+04 4.215305077517893295e+01 3.723477728249893065e-02 9.622887838941794891e-01 4.764388233216903731e-04
