5.796536356960650301e+04 nan nan nan nan
5.833222185671299667e+04 1.043207432271988999e+01 1.069143017589644327e-02 9.886672156750319074e-01 6.413541490716106455e-04
5.826438382359949901e+04 nan nan nan nan
5.827136456357639690e+04 6.494959804439891293e+00 4.319601531266344455e-03 9.954103124623643328e-01 2.700860063694243045e-04
5.771210333067129977e+04 1.133670311909861361e+01 1.079841886455855209e-02 9.886475751748666774e-01 5.540059605747862633e-04
5.827136831038189848e+04 6.247958967153160792e+00 4.126266211322081323e-03 9.956074125540445019e-01 2.663212346334231781e-04
5.804714655027780100e+04 1.164853912291928317e+01 1.172052031598696913e-02 9.876612946249410108e-01 6.181850590719579824e-04
5.809008282870370022e+04 1.027107801154090083e+01 8.666997768587599016e-03 9.908982188262590585e-01 4.347834051533391018e-04
5.831136581925929931e+04 2.588247326229548673e+00 2.674000704815342536e-03 9.966742521577095504e-01 6.517471374751709423e-04
5.782138153717589739e+04 nan nan nan nan
5.801029099593750288e+04 1.284590158929571047e+01 1.269500673856703565e-02 9.867086389877574026e-01 5.963542736756330485e-04
5.790136867042820086e+04 nan nan nan nan
5.790136495271990134e+04 nan nan nan nan
5.801029286637729820e+04 1.335657760825489326e+01 1.336044633676130092e-02 9.860285846341746430e-01 6.109690290640444089e-04
5.782038083650459885e+04 4.314331888100699786e+00 4.425032145219285999e-03 9.949326153771340664e-01 6.423524776466432717e-04
5.798614606745370111e+04 1.601575427485474989e+01 1.695321751977862251e-02 9.823625918530494161e-01 6.841906271719432791e-04
5.833222372849540261e+04 1.060062551684084831e+01 1.080082172561089293e-02 9.885652819172382477e-01 6.338963571508573949e-04
5.798614419361110049e+04 1.514913948068803506e+01 1.573313628366847239e-02 9.836082628063085309e-01 6.586009100230714010e-04
5.794425958180559974e+04 nan nan nan nan
5.785730279201389931e+04 nan nan nan nan
5.801028912216440222e+04 1.380772582676574345e+01 1.401372994778542387e-02 9.853572987591912025e-01 6.289712930233773511e-04
5.806805649126160279e+04 1.254067427512793742e+01 1.223632834120248238e-02 9.871823344594837790e-01 5.813371993138263154e-04
5.796536544467590284e+04 nan nan nan nan
5.828632533869209874e+04 1.230632915790686255e+01 1.291152541393483268e-02 9.864163253637548978e-01 6.721492223102508608e-04
5.826538098899309989e+04 1.095226942605192022e+01 1.068724117268211697e-02 9.887313379423913196e-01 5.814208849266298308e-04
5.769016591982640239e+04 1.281540685660659484e+01 1.221658612515113748e-02 9.872285294038699588e-01 5.548844709789154360e-04
5.769016402178240241e+04 1.336729472884395165e+01 1.289559356736341353e-02 9.865361252544947446e-01 5.682811781419899993e-04
5.796536169552079809e+04 nan nan nan nan
5.828632720989579684e+04 1.199344366928402295e+01 1.263120888596376383e-02 9.866915088844537829e-01 6.772822295823933232e-04
5.781938355751160270e+04 9.637527149781917046e+00 9.416230145684299085e-03 9.900008745642878694e-01 5.828952900278206025e-04
5.822230268997690291e+04 1.049469653992452045e+01 1.070915787742402099e-02 9.886550157793380089e-01 6.358263432378948466e-04
5.828632343831020262e+04 1.228434424399272906e+01 1.294822716589448357e-02 9.863733752235265273e-01 6.783976105789631117e-04
5.827136643611110048e+04 6.639627581392348432e+00 4.481528700671385743e-03 9.952402870292782477e-01 2.781842700504214829e-04
5.785730091833329789e+04 nan nan nan nan
5.831136207416669640e+04 2.021409022884669948e+00 2.087447221296760084e-03 9.972613889723417335e-01 6.511638063615233021e-04
5.771210143005789723e+04 1.295658571755777544e+01 1.247283350717522978e-02 9.869612963874467848e-01 5.658701053780060188e-04
5.794426335319440113e+04 nan nan nan nan
5.794426145711809659e+04 nan nan nan nan
5.826538286181710282e+04 nan nan nan nan
5.792331731246529671e+04 1.011313111397358888e+01 1.041379595768403277e-02 9.889387417235347977e-01 6.474623187811697714e-04
5.798614793914349866e+04 1.541879528038661640e+01 1.632345788003604359e-02 9.829921719253174039e-01 6.843701946464855702e-04
5.804714465343749907e+04 1.361196929384434817e+01 1.411985719452395031e-02 9.852231110913446388e-01 6.570317141313923451e-04
5.833221995740739658e+04 1.018218498252322135e+01 1.028277395451575142e-02 9.890944867687666564e-01 6.227392767175799230e-04
5.806805274693290266e+04 1.239507342282628777e+01 1.198366108611482322e-02 9.874455855569311824e-01 5.707533569540405600e-04
5.769016214704859885e+04 1.323631131793875326e+01 1.258012922679522388e-02 9.868682966238125909e-01 5.515741493922939878e-04
5.771210520216439909e+04 1.134054579232407534e+01 1.084826104288671295e-02 9.885929858042012963e-01 5.587531529121099981e-04
5.792332105572919681e+04 1.099383073104405817e+01 1.141310393456148459e-02 9.879288184807597517e-01 6.580775846787953638e-04
5.809008093148149783e+04 1.043613778645491763e+01 8.943456977395389251e-03 9.906081086631736143e-01 4.484343594310524089e-04
5.781938543133100029e+04 nan nan nan nan
5.822230646538190194e+04 1.039272372238172615e+01 1.049800324340339867e-02 9.888789476374411080e-01 6.230491191555129074e-04
5.822230459268519917e+04 1.027575876181200165e+01 1.034405849296830826e-02 9.890371821478345371e-01 6.187593591971592968e-04
5.785730467506939749e+04 nan nan nan nan
5.831136394791670318e+04 2.061356688696615702e+00 2.092332970774284009e-03 9.972785623008186828e-01 6.291047284069524979e-04
5.806805461968750024e+04 1.258775407098010035e+01 1.247053987200417643e-02 9.869301637439303887e-01 5.992963840654489619e-04
5.809007905913190189e+04 9.371623037020722080e+00 7.902340033958470469e-03 9.916635003249030245e-01 4.341596411385053385e-04
5.804714278081020166e+04 1.337664212380563455e+01 1.362467977969982098e-02 9.857418502425967510e-01 6.334699777034237577e-04
5.790136679890049709e+04 nan nan nan nan
5.792331918533559656e+04 1.090314779129589695e+01 1.150100390744918967e-02 9.878195807501762848e-01 6.794153423745353517e-04
