5.790136867042820086e+04 nan nan nan nan
5.769016214704859885e+04 2.347898456294688856e+02 7.434675038451702411e-01 2.320422585938590743e-01 2.449023756097073665e-02
5.769016402178240241e+04 2.590047339414766725e+02 9.148580993382093851e-01 5.466858518923187193e-02 3.047331547255872908e-02
5.769016591982640239e+04 2.507276889340164701e+02 8.673906837213980481e-01 1.033777188991318735e-01 2.923159737947005413e-02
5.771210143005789723e+04 2.647893548690897774e+02 9.294277933807533199e-01 4.047973187227955211e-02 3.009247474696711416e-02
5.771210333067129977e+04 2.688388689266531060e+02 9.637211812158074098e-01 4.892070356745322618e-03 3.138674842744732657e-02
5.771210520216439909e+04 2.547615950180824598e+02 8.882439506999981749e-01 8.206508960952432763e-02 2.969095969047742811e-02
5.781938355751160270e+04 2.109785671252951715e+02 8.488995740477893737e-01 1.115579743808957081e-01 3.954245157131492522e-02
5.781938543133100029e+04 nan nan nan nan
5.782038083650459885e+04 1.281324557008111924e+02 8.247665271245491203e-01 7.403559821529054341e-02 1.011978746601603224e-01
5.782138153717589739e+04 nan nan nan nan
5.785730091833329789e+04 nan nan nan nan
5.785730279201389931e+04 nan nan nan nan
5.785730467506939749e+04 nan nan nan nan
5.790136495271990134e+04 5.405191633273960861e+01 5.575278141343753546e-01 1.826127314581913741e-01 2.598594544074333546e-01
5.790136679890049709e+04 nan nan nan nan
5.792331731246529671e+04 2.474449447971918232e+02 7.891069337338515455e-01 1.860536043122901495e-01 2.483946195385831543e-02
5.792331918533559656e+04 2.551107803507620986e+02 8.398641569468727752e-01 1.336637604728622697e-01 2.647208258026497937e-02
5.792332105572919681e+04 2.458584377280119497e+02 7.769001123077972082e-01 1.987112371877166606e-01 2.438865050448613125e-02
5.794425958180559974e+04 nan nan nan nan
5.794426145711809659e+04 nan nan nan nan
5.794426335319440113e+04 nan nan nan nan
5.796536169552079809e+04 8.203655417588149135e+01 6.285615758180492785e-01 2.280518546702108296e-01 1.433865695117399197e-01
5.796536356960650301e+04 2.599091281139358856e+01 2.199917441391813222e-01 6.050246595313915066e-01 1.749835963294271157e-01
5.796536544467590284e+04 3.368131687166552268e+01 3.085931774622009960e-01 4.863745850801678428e-01 2.050322374576311057e-01
5.798614419361110049e+04 3.038885868448898577e+02 9.741637986008082617e-01 7.368308142385480639e-04 2.509937058495324141e-02
5.798614606745370111e+04 2.914742051444498543e+02 8.909295162552133274e-01 8.625056581507770104e-02 2.281991792970895078e-02
5.798614793914349866e+04 3.027726992908865782e+02 9.660926796669070393e-01 9.039839359790335580e-03 2.486748097330254703e-02
5.801028912216440222e+04 2.279069837477480860e+02 7.491722180874731407e-01 2.244355755831742849e-01 2.639220632935250152e-02
5.801029099593750288e+04 2.462295015585490887e+02 8.864291056310410477e-01 8.191639275100064121e-02 3.165450161795828332e-02
5.801029286637729820e+04 2.392875071669157023e+02 8.631878220441639993e-01 1.050289358898264386e-01 3.178324206600962459e-02
5.804714278081020166e+04 2.680473697204938617e+02 9.029514687327332423e-01 6.933235245248391132e-02 2.771617881478283252e-02
5.804714465343749907e+04 2.689901499759924377e+02 9.054373741870557213e-01 6.688863980015456734e-02 2.767398601278969750e-02
5.804714655027780100e+04 2.754504770473652684e+02 9.604203216544495714e-01 9.886050521924590745e-03 2.969362782362577891e-02
5.806805274693290266e+04 2.666847161472084622e+02 8.344692513416797075e-01 1.416167577259914434e-01 2.391399093232886991e-02
5.806805461968750024e+04 2.873531894515924705e+02 9.708347602532088061e-01 1.285659648678937799e-03 2.787958009811223464e-02
5.806805649126160279e+04 2.723948840832396741e+02 8.808965427860646624e-01 9.356000720276604066e-02 2.554345001116923100e-02
5.809007905913190189e+04 nan nan nan nan
5.809008093148149783e+04 nan nan nan nan
5.809008282870370022e+04 nan nan nan nan
