5.790136867042820086e+04 nan nan nan nan
5.769016214704859885e+04 3.326112833158377953e+02 8.955247811907747213e-01 8.676969018687873125e-02 1.770552862234661337e-02
5.769016402178240241e+04 3.285506484561241791e+02 8.809902152654683904e-01 1.014481415282467019e-01 1.756164320628485209e-02
5.769016591982640239e+04 3.387042642451617098e+02 9.392601612900703945e-01 4.195713479467184925e-02 1.878270391525777017e-02
5.771210143005789723e+04 3.468243490259058603e+02 9.553193798673954573e-01 2.614933008864000347e-02 1.853129004396451146e-02
5.771210333067129977e+04 3.255042955866520629e+02 8.496867311968615555e-01 1.336702592976191373e-01 1.664300950551934888e-02
5.771210520216439909e+04 3.289889191377118323e+02 8.897388740449785338e-01 9.239665217780511364e-02 1.786447377721634561e-02
5.781938355751160270e+04 2.882959574175906710e+02 8.843616082275407297e-01 9.265520251267120311e-02 2.298318925978805674e-02
5.781938543133100029e+04 nan nan nan nan
5.782038083650459885e+04 1.585573955326652253e+02 7.340626043838593962e-01 2.135868960373695780e-01 5.235049957877100507e-02
5.782138153717589739e+04 nan nan nan nan
5.785730091833329789e+04 nan nan nan nan
5.785730279201389931e+04 nan nan nan nan
5.785730467506939749e+04 nan nan nan nan
5.790136495271990134e+04 5.030968102338484016e+01 3.177171345469454455e-01 5.848723629963525905e-01 9.741050245670200558e-02
5.790136679890049709e+04 nan nan nan nan
5.792331731246529671e+04 3.442413071780596852e+02 9.551920230181865090e-01 2.600255659048155907e-02 1.880542039133197355e-02
5.792331918533559656e+04 3.423139171736587514e+02 9.610587491082723810e-01 1.968913807638490721e-02 1.925211281534266322e-02
5.792332105572919681e+04 3.459247427488428457e+02 9.679918561104045027e-01 1.288286438774686668e-02 1.912527950184863060e-02
5.794425958180559974e+04 nan nan nan nan
5.794426145711809659e+04 nan nan nan nan
5.794426335319440113e+04 nan nan nan nan
5.796536169552079809e+04 1.086153267726437406e+02 6.705397840779653285e-01 2.363720419397866424e-01 9.308817398224801531e-02
5.796536356960650301e+04 2.951223220247446832e+01 1.898587826961714298e-01 7.090566392757309266e-01 1.010845780280975187e-01
5.796536544467590284e+04 4.853070176454284734e+01 3.762507745953025395e-01 4.769413682358824014e-01 1.468078571688148926e-01
5.798614419361110049e+04 3.524869970612234624e+02 8.895518207225618923e-01 9.489268049854406029e-02 1.555549877889408732e-02
5.798614606745370111e+04 3.562823139867081181e+02 9.009211499160613146e-01 8.346130841562449110e-02 1.561754166831413881e-02
5.798614793914349866e+04 3.658001089520487312e+02 9.614348891400289476e-01 2.169259938954933367e-02 1.687251147042170482e-02
5.801028912216440222e+04 3.397254138418725233e+02 9.279644938678738297e-01 5.381190156630430432e-02 1.822360456582180696e-02
5.801029099593750288e+04 3.438678490463686330e+02 9.557252344374094211e-01 2.540742889926722592e-02 1.886733666332340159e-02
5.801029286637729820e+04 3.435315195680053080e+02 9.607889992583485972e-01 2.010584862656234970e-02 1.910515211508909128e-02
5.804714278081020166e+04 3.493422986505081553e+02 9.531273141985839858e-01 2.869129420468872343e-02 1.818139159672721092e-02
5.804714465343749907e+04 3.374190417233406833e+02 8.967779442020403780e-01 8.596930701677441000e-02 1.725274878118518082e-02
5.804714655027780100e+04 3.518784471302873271e+02 9.773702359691486263e-01 3.786309587080157781e-03 1.884345444377119247e-02
5.806805274693290266e+04 3.298942117381450885e+02 8.319053522106042431e-01 1.525626942524034857e-01 1.553195353699233366e-02
5.806805461968750024e+04 3.154304362551126246e+02 7.594631819854136268e-01 2.263777752685531830e-01 1.415904274603307055e-02
5.806805649126160279e+04 3.018384697965350369e+02 6.974390404127215337e-01 2.895205580504716658e-01 1.304040153680681956e-02
5.809007905913190189e+04 7.624468451866368923e+01 5.021076653696808501e-02 9.487299743804270546e-01 1.059259082604821316e-03
5.809008093148149783e+04 6.674963743697745144e+01 3.860101206991861655e-02 9.605821663600473403e-01 8.168215700340538321e-04
5.809008282870370022e+04 nan nan nan nan
