5.790136867042820086e+04 nan nan nan nan
5.769016214704859885e+04 2.601619919999201329e+02 8.601522465279831664e-01 1.131490240217004339e-01 2.669872945031631639e-02
5.769016402178240241e+04 2.763344545598846480e+02 9.636626044172444949e-01 6.633899161017992735e-03 2.970349642173751928e-02
5.769016591982640239e+04 2.745266101914369301e+02 9.498027068791244920e-01 2.096078185412060188e-02 2.923651126675494080e-02
5.771210143005789723e+04 2.572373782505525242e+02 8.383099929474886469e-01 1.357500785923911601e-01 2.593992846012025191e-02
5.771210333067129977e+04 2.381249934928812877e+02 7.176301766435941865e-01 2.601868856282139042e-01 2.218293772819186077e-02
5.771210520216439909e+04 2.430985737824519788e+02 7.579174647025738176e-01 2.183411178442859202e-01 2.374141745314031077e-02
5.781938355751160270e+04 2.330573728043356994e+02 9.150583213235273794e-01 4.728868654157180468e-02 3.765299213490081592e-02
5.781938543133100029e+04 nan nan nan nan
5.782038083650459885e+04 1.222121586162422631e+02 6.809607482292590053e-01 2.432089184155035444e-01 7.583033335523736707e-02
5.782138153717589739e+04 nan nan nan nan
5.785730091833329789e+04 nan nan nan nan
5.785730279201389931e+04 nan nan nan nan
5.785730467506939749e+04 nan nan nan nan
5.790136495271990134e+04 2.794122939698273456e+01 1.521603328364332652e-01 7.754061599138027949e-01 7.243350724976391208e-02
5.790136679890049709e+04 nan nan nan nan
5.792331731246529671e+04 2.586143053723293974e+02 8.631397508587981271e-01 1.096529905660455356e-01 2.720725857515632340e-02
5.792331918533559656e+04 2.459105804815909551e+02 7.928872708762945143e-01 1.817207765405969844e-01 2.539195258310851175e-02
5.792332105572919681e+04 2.448464088612495004e+02 7.814940939573409295e-01 1.936235465588213300e-01 2.488235948383770574e-02
5.794425958180559974e+04 nan nan nan nan
5.794426145711809659e+04 nan nan nan nan
5.794426335319440113e+04 nan nan nan nan
5.796536169552079809e+04 7.325902048836262281e+01 4.909118592409347781e-01 3.994119219790759900e-01 1.096762187799891070e-01
5.796536356960650301e+04 nan nan nan nan
5.796536544467590284e+04 5.295257751619055853e+01 5.344569478406568930e-01 2.167267209779944470e-01 2.488163311813487155e-01
5.798614419361110049e+04 2.881039068182133178e+02 9.243970914242745085e-01 5.045820718051458736e-02 2.514470139521092149e-02
5.798614606745370111e+04 2.695414754839454758e+02 8.147177147148482179e-01 1.629676006704360303e-01 2.231468461471575182e-02
5.798614793914349866e+04 2.764624551052082211e+02 8.545929825317716277e-01 1.220684626065162703e-01 2.333855486171211926e-02
5.801028912216440222e+04 2.491017733480269669e+02 8.227343401019578950e-01 1.506220388635509388e-01 2.664362103449125288e-02
5.801029099593750288e+04 2.611859549664218889e+02 8.469479857636492692e-01 1.273692670265710314e-01 2.568274720977978612e-02
5.801029286637729820e+04 2.645902699830972438e+02 9.361171918003413639e-01 3.330964740691406967e-02 3.057316079274447623e-02
5.804714278081020166e+04 2.285393328503406281e+02 6.452563077104245259e-01 3.352734998574660175e-01 1.947019243210937681e-02
5.804714465343749907e+04 2.777068672476162874e+02 9.594852708489751691e-01 1.135852228912923728e-02 2.915620686189555194e-02
5.804714655027780100e+04 2.628478784701885047e+02 8.702645661982948422e-01 1.029609388721106494e-01 2.677449492959443900e-02
5.806805274693290266e+04 2.654791641262102644e+02 8.644043970967463242e-01 1.097015107853915594e-01 2.589409211786207130e-02
5.806805461968750024e+04 2.359906790274687296e+02 6.816977027220705310e-01 2.979214798709497458e-01 2.038081740697974056e-02
5.806805649126160279e+04 2.663994483686701074e+02 8.680575021678204051e-01 1.060091858797600761e-01 2.593331195241955003e-02
5.809007905913190189e+04 2.539571822841036806e+02 8.841678099086548448e-01 8.622644222868333652e-02 2.960574786266177358e-02
5.809008093148149783e+04 2.227567327445484011e+02 6.811265830046178138e-01 2.960373336759920537e-01 2.283608331939014982e-02
5.809008282870370022e+04 2.442589953313813851e+02 8.053689520550614267e-01 1.680778844148350937e-01 2.655316353010341371e-02
