5.831136446199999773e+04 3.079466260555702206e+02 4.029456130746469356e-01 1.256648978844356057e-02 5.844878971369095177e-01
5.804714517399999750e+04 3.733709896280908538e+02 4.622843671286603340e-01 1.439141596492636045e-02 5.233242169064131755e-01
5.822230508399999962e+04 3.361400039102085771e+02 4.325240745758070493e-01 2.260860260654153596e-03 5.652150651635388101e-01
5.809008142400000361e+04 3.608771625969827141e+02 4.528260754872204252e-01 9.674980983526551559e-03 5.374989435292529816e-01
5.801029151200000342e+04 4.247530027807814008e+02 5.023017591514220559e-01 2.028985634154873915e-02 4.774083845070292154e-01
5.828632583400000294e+04 3.030237949595597797e+02 3.988417874443719868e-01 9.758101827021999422e-03 5.914001107286059877e-01
5.769016453999999794e+04 4.539914097778025734e+02 5.304537442072538855e-01 3.495381556769823483e-03 4.660508742359762979e-01
5.806805513999999675e+04 3.831285423478963139e+02 4.689242651840317966e-01 1.968841193106863480e-02 5.113873228848995200e-01
5.771210383000000002e+04 4.153166263783047611e+02 4.939466533017463634e-01 2.317801587930931606e-02 4.828753308189441817e-01
5.792331970200000069e+04 3.162519359606458238e+02 4.102656443405436337e-01 1.522451088648377367e-02 5.745098447729726221e-01
5.798614657799999986e+04 4.019425802707811499e+02 4.863811978899919009e-01 1.374648862094911966e-02 4.998723134890589725e-01
5.833222235999999975e+04 2.991896928369574766e+02 3.967352518396086714e-01 3.001317155026823284e-03 6.002634310053645006e-01
