5.828632394200000272e+04 1.426755742970337622e+02 2.137186231133273162e-01 2.029854504383519359e-02 7.659828318428375526e-01
5.831136257399999886e+04 1.357988500502119678e+02 2.031104016644156574e-01 3.321964305471769574e-02 7.636699552808666747e-01
5.801028966400000354e+04 1.891955128198877958e+02 2.738258693473288874e-01 1.108389859686499321e-02 7.150902320558061298e-01
5.833222043600000325e+04 1.366742940959508985e+02 2.054524790490437069e-01 2.314216080439678372e-02 7.714053601465594712e-01
5.806805324400000245e+04 1.817158539926996355e+02 2.658794438647426039e-01 3.288743158395877365e-03 7.308318129768615057e-01
5.792331785400000081e+04 1.419478714756572515e+02 2.152214996832401417e-01 8.712791602824675848e-19 7.847785003167598861e-01
5.809007957000000170e+04 1.605306584150051776e+02 2.376973809675371752e-01 1.384643932459554520e-02 7.484561797078673751e-01
5.798614471000000049e+04 1.899964500030052648e+02 2.740642303299425930e-01 1.562679739015779279e-02 7.103089722798996419e-01
5.822230318000000261e+04 1.500462433625718006e+02 2.257442539974859885e-01 1.545420650703620800e-03 7.727103253518103898e-01
5.826538148999999976e+04 1.574264961765834414e+02 2.344100456293823354e-01 8.704186332439052889e-03 7.568857680381786412e-01
5.804714329400000133e+04 1.718354161800861561e+02 2.536368273270055429e-01 2.603160044200776915e-03 7.437600126287936542e-01
5.769016267800000060e+04 1.936284885831479698e+02 2.800122753055904745e-01 6.068314982550798535e-03 7.139194097118587434e-01
5.781938399000000209e+04 1.340684331812788912e+02 2.043239220674246404e-01 2.775153236436484795e-03 7.929009246961388202e-01
5.771210198400000081e+04 1.874249115401481163e+02 2.733741312884209740e-01 3.631313686714540321e-04 7.262627373429075828e-01
5.827136506599999848e+04 1.355156829442977937e+02 2.055523629803098495e-01 9.032276644316793168e-03 7.854153603753734059e-01
