5.790136867042820086e+04 nan nan nan nan
5.769016214704859885e+04 2.038862566221859254e+02 5.609378402839213518e-01 4.205745310882830768e-01 1.848762862779564781e-02
5.769016402178240241e+04 1.905313283970295402e+02 4.952122422832943571e-01 4.882879990856172081e-01 1.649975863108845212e-02
5.769016591982640239e+04 2.039309270241328704e+02 5.741444881718139603e-01 4.064955788297398565e-01 1.935993299844614157e-02
5.771210143005789723e+04 2.335437325877128956e+02 7.231965660455466072e-01 2.533825159503054758e-01 2.342091800414801070e-02
5.771210333067129977e+04 2.100890636418327801e+02 5.887574444282870356e-01 3.920605695946369207e-01 1.918198597707615125e-02
5.771210520216439909e+04 2.534081183555055361e+02 8.789640836240765198e-01 9.165070309639197776e-02 2.938521327953135670e-02
5.781938355751160270e+04 1.482394669073843261e+02 4.190887497768285841e-01 5.613898056004196224e-01 1.952144462275179695e-02
5.781938543133100029e+04 nan nan nan nan
5.782038083650459885e+04 8.792972937916296416e+01 3.884124533271726687e-01 5.639288177177583794e-01 4.765872895506886864e-02
5.782138153717589739e+04 nan nan nan nan
5.785730091833329789e+04 nan nan nan nan
5.785730279201389931e+04 nan nan nan nan
5.785730467506939749e+04 nan nan nan nan
5.790136495271990134e+04 nan nan nan nan
5.790136679890049709e+04 nan nan nan nan
5.792331731246529671e+04 2.115668106397235988e+02 5.769030248814878137e-01 4.049360406662553258e-01 1.816093445225677380e-02
5.792331918533559656e+04 1.976422119074728698e+02 5.041320357113567852e-01 4.799767597366800809e-01 1.589120455196308887e-02
5.792332105572919681e+04 1.838595001877280311e+02 4.344798771437644036e-01 5.518807368453125806e-01 1.363938601092301063e-02
5.794425958180559974e+04 nan nan nan nan
5.794426145711809659e+04 nan nan nan nan
5.794426335319440113e+04 nan nan nan nan
5.796536169552079809e+04 4.089055375664491265e+01 1.562457551094179053e-01 8.080928679847444451e-01 3.566137690583776054e-02
5.796536356960650301e+04 nan nan nan nan
5.796536544467590284e+04 nan nan nan nan
5.798614419361110049e+04 2.647123265952213274e+02 7.392737394751333069e-01 2.416764848628091822e-01 1.904977566205745543e-02
5.798614606745370111e+04 2.456099669243666881e+02 6.326845332821707801e-01 3.511081880571348401e-01 1.620727866069425829e-02
5.798614793914349866e+04 2.922227794515384858e+02 9.034870410072868285e-01 7.316529911191638202e-02 2.334765988079674781e-02
5.801028912216440222e+04 2.069367926366160759e+02 6.178035400413887102e-01 3.604267323575758297e-01 2.176972760103548094e-02
5.801029099593750288e+04 2.112040866248746340e+02 6.521617546801907750e-01 3.245501668603676393e-01 2.328807845944155450e-02
5.801029286637729820e+04 1.767629488825980673e+02 4.710368311261306506e-01 5.116189440679930200e-01 1.734422480587636747e-02
5.804714278081020166e+04 2.465098328951215478e+02 7.677084861925355108e-01 2.086022357819412587e-01 2.368927802552334497e-02
5.804714465343749907e+04 2.134737145593247192e+02 5.703850394986940131e-01 4.121778277169375060e-01 1.743713278436843234e-02
5.804714655027780100e+04 2.611760678338971502e+02 8.633941511100794441e-01 1.099139738169623154e-01 2.669187507295824394e-02
5.806805274693290266e+04 2.662156206318313707e+02 8.316934935130027018e-01 1.444675536059105980e-01 2.383895288108672447e-02
5.806805461968750024e+04 2.813863275626344489e+02 9.310991013037109854e-01 4.215769273330830652e-02 2.674320596298070118e-02
5.806805649126160279e+04 2.750937546899240829e+02 8.986493509244478650e-01 7.528631070623216515e-02 2.606433836932000106e-02
5.809007905913190189e+04 nan nan nan nan
5.809008093148149783e+04 nan nan nan nan
5.809008282870370022e+04 nan nan nan nan
