5.833222185671299667e+04 6.941824789445634281e+01 5.946323144526116655e-02 9.400887279620858683e-01 4.480405926529746285e-04
5.801029099593750288e+04 8.422866674058222713e+01 7.464262808978472385e-02 9.248778354454526562e-01 4.795364647626592096e-04
5.798614419361110049e+04 9.099666541566600131e+01 8.867970664229440914e-02 9.107403772317090862e-01 5.799161259965444513e-04
5.833221995740739658e+04 6.875787814967080180e+01 5.837862470555331418e-02 9.411811951659856401e-01 4.401801284611577578e-04
5.790136679890049709e+04 nan nan nan nan
5.809008093148149783e+04 4.055357231993731659e+01 1.767867578834879036e-02 9.822052839031440996e-01 1.160403085070778963e-04
5.792331918533559656e+04 7.597589474084458061e+01 7.209526038362752687e-02 9.273549083551969607e-01 5.498312611756379486e-04
5.809007905913190189e+04 3.766380476881546713e+01 1.665230053054294126e-02 9.832283370135229683e-01 1.193624559339822189e-04
5.769016214704859885e+04 8.745334747592458768e+01 8.087420953184656924e-02 9.186035928724074484e-01 5.221975957460629021e-04
5.828632720989579684e+04 7.837121055372766421e+01 7.538875969317813952e-02 9.240462152182521427e-01 5.650250885699068665e-04
5.785730279201389931e+04 nan nan nan nan
5.801028912216440222e+04 8.567941774759042062e+01 7.528502902827581555e-02 9.242435250566534144e-01 4.714459150708388965e-04
5.771210520216439909e+04 7.634779417089592357e+01 7.106564810239977825e-02 9.284053050879416125e-01 5.290468096586788908e-04
5.785730091833329789e+04 nan nan nan nan
5.790136495271990134e+04 5.767150419853943610e+00 5.604742890646847303e-03 9.938185484434323147e-01 5.767086659210081097e-04
5.801029286637729820e+04 8.435885934529505903e+01 7.434054214686448836e-02 9.251852620608671529e-01 4.741957922684087107e-04
5.794425958180559974e+04 nan nan nan nan
5.828632533869209874e+04 8.179638126944574594e+01 8.023364062331704571e-02 9.191788531656923666e-01 5.875062109906342613e-04
5.796536544467590284e+04 4.545576297305359503e+00 4.467495262644005649e-03 9.949426868443088656e-01 5.898178930471400030e-04
5.790136867042820086e+04 nan nan nan nan
5.782138153717589739e+04 nan nan nan nan
5.822230268997690291e+04 6.886735361947064860e+01 6.399188381171910800e-02 9.354808976811966881e-01 5.272185070842513041e-04
5.771210333067129977e+04 7.875280452697069222e+01 7.252320016837783545e-02 9.269589670891037470e-01 5.178327425185343677e-04
5.804714655027780100e+04 8.835155559671822800e+01 8.355925929562273147e-02 9.158945699922523831e-01 5.461707121250695355e-04
5.809008282870370022e+04 3.944899544428614035e+01 1.697869350417357398e-02 9.829081956406611198e-01 1.131108551652765433e-04
5.792332105572919681e+04 7.880296031950641122e+01 7.447209826816431066e-02 9.249825587087521228e-01 5.453430230835948226e-04
5.781938355751160270e+04 6.190525531252464475e+01 5.354057148310234493e-02 9.460026784575580328e-01 4.567500593396807548e-04
5.781938543133100029e+04 nan nan nan nan
5.833222372849540261e+04 6.827174320388485285e+01 5.789139740407302920e-02 9.416695528527591064e-01 4.390497431679031429e-04
5.831136394791670318e+04 7.018121839592228639e+01 6.634873183319989209e-02 9.331055215009886883e-01 5.457466658115998123e-04
5.806805461968750024e+04 9.438358769981151397e+01 8.762695725692805360e-02 9.118467224133148807e-01 5.263203297571366788e-04
5.769016591982640239e+04 8.537140833112874816e+01 7.879532245650765210e-02 9.206845095473332741e-01 5.201679961590730721e-04
5.826438382359949901e+04 nan nan nan nan
5.806805649126160279e+04 9.159472439593389481e+01 8.344275775430720632e-02 9.160504802671267655e-01 5.067619785660242146e-04
5.785730467506939749e+04 nan nan nan nan
5.794426145711809659e+04 nan nan nan nan
5.826538286181710282e+04 nan nan nan nan
5.796536169552079809e+04 1.406245855539390810e+01 1.388845708734621522e-02 9.855159450409529676e-01 5.955978717008176583e-04
5.769016402178240241e+04 8.555591003219029744e+01 7.869499882100970678e-02 9.207883922813178135e-01 5.166088976725871943e-04
5.806805274693290266e+04 9.193300172229102429e+01 8.437333338994472409e-02 9.151123445180073812e-01 5.143220920480058274e-04
5.828632343831020262e+04 8.119937213472228166e+01 8.015981580446229771e-02 9.192451036882109960e-01 5.950805073266927014e-04
5.798614793914349866e+04 8.946288735959795702e+01 8.614958399593163063e-02 9.132841921080980807e-01 5.662238959705158002e-04
5.794426335319440113e+04 nan nan nan nan
5.804714278081020166e+04 9.227491749777433938e+01 8.707289144784378931e-02 9.123833998959103297e-01 5.437086562459075021e-04
5.792331731246529671e+04 8.212708456213788111e+01 7.963532532897692195e-02 9.197905498133165381e-01 5.741248577066659659e-04
5.826538098899309989e+04 7.190791707192038018e+01 6.064458011669023735e-02 9.389211114976406813e-01 4.343083856692225809e-04
5.822230459268519917e+04 6.973391809188886725e+01 6.501357852210432053e-02 9.344556743484661032e-01 5.307471294296814152e-04
5.798614606745370111e+04 9.478788069044179565e+01 9.367913403783691140e-02 9.057244520653653375e-01 5.964138967977253378e-04
5.827136643611110048e+04 2.659947788119111678e+01 8.867071958644801369e-03 9.910650730362532412e-01 6.785500510198715822e-05
5.827136831038189848e+04 2.559061866777536665e+01 8.349571413665936651e-03 9.915854254304303783e-01 6.500315590370479607e-05
5.827136456357639690e+04 2.625703112957215524e+01 8.666072912580780399e-03 9.912674118592913475e-01 6.651522812799477561e-05
5.822230646538190194e+04 7.116064254235776332e+01 6.706426718396658881e-02 9.323933944970077548e-01 5.423383190258058376e-04
5.831136581925929931e+04 7.257362011825085801e+01 6.976227448246075102e-02 9.296735018044320897e-01 5.642237131073472422e-04
5.804714465343749907e+04 9.206774948965200167e+01 8.653475608975795541e-02 9.129258155957542531e-01 5.394283144878768204e-04
5.771210143005789723e+04 8.333944480408213451e+01 7.594840117954003433e-02 9.235444870261522166e-01 5.071117943078603477e-04
5.782038083650459885e+04 2.706405644675714939e+01 2.648843188742943180e-02 9.729266509531192542e-01 5.849171594513749659e-04
5.796536356960650301e+04 3.547691855564193197e+00 3.572346870915194678e-03 9.958085213342730002e-01 6.191317948117601140e-04
5.831136207416669640e+04 7.014504515761321102e+01 6.716182972365147830e-02 9.322783885900937095e-01 5.597816862549858611e-04
