5.780125464600000123e+04 2.800774800911042917e+02 2.003434982592857405e-01 1.009614368733361689e-01 6.986950648673780906e-01
5.794902188600000227e+04 2.956224821332536408e+02 2.158192298819336663e-01 5.640279321034815524e-02 7.277779769077181715e-01
5.809433256599999731e+04 3.391533479056168972e+02 2.387009879982078253e-01 8.488940560304300553e-02 6.764096063987491414e-01
5.794201764199999889e+04 2.770611765931685682e+02 2.055960831491518426e-01 4.248350336211350470e-02 7.519204134887346180e-01
5.793308969999999681e+04 3.922874130321027906e+02 2.737686823258412283e-01 6.118432346705365843e-02 6.650469942071051133e-01
5.792505683999999746e+04 4.209274155641576840e+02 2.911533069428244858e-01 5.553176858051604714e-02 6.533149244766593977e-01
5.791804831600000034e+04 1.971224594941173223e+02 1.524999888619678612e-01 3.023866963559034005e-02 8.172613415024417849e-01
5.791098435800000152e+04 4.152983721912249848e+02 2.893052731824563018e-01 4.804230088044001562e-02 6.626524259371036063e-01
5.790323610400000325e+04 3.584595300135228513e+02 2.520853008531931949e-01 7.259668637316633866e-02 6.753180127736404526e-01
5.789498652399999992e+04 4.238501404313234957e+02 2.900207673910006889e-01 7.064629014254338035e-02 6.393329424664558891e-01
5.788727394199999981e+04 2.378306084544148860e+02 1.769021414562812755e-01 6.761565703502783742e-02 7.554822015086908316e-01
5.787822224200000346e+04 4.501637150910937635e+02 3.076585354104015013e-01 5.453265336012037140e-02 6.378088112294781897e-01
5.786411109399999987e+04 2.709455588414047611e+02 1.985473581809016896e-01 6.819313420784642310e-02 7.332595076112518040e-01
5.808635601399999723e+04 3.362756066340452890e+02 2.363579871906527075e-01 8.904659513324544862e-02 6.745954176761019827e-01
5.785705604199999652e+04 1.471635399441931042e+02 1.166555278197765888e-01 2.531195913483884688e-02 8.580325130453845262e-01
5.781718901400000323e+04 2.983318800112606368e+02 2.214278070809430898e-01 2.632852826296328344e-02 7.522436646560936024e-01
5.780936719199999789e+04 2.503737488282812649e+02 1.836994210286435059e-01 8.122576675041412453e-02 7.350748122209423974e-01
5.779425045400000090e+04 2.992946558479527539e+02 2.172015625483147139e-01 6.364507277397717100e-02 7.191533646777080735e-01
5.778635191399999894e+04 3.066350834668358516e+02 2.221328860660914395e-01 6.126912781331107088e-02 7.165979861205974411e-01
5.777233883400000195e+04 2.791010254438679112e+02 2.035165454944483920e-01 7.042743399000775395e-02 7.260560205155439650e-01
5.776435761199999979e+04 3.261844797548927772e+02 2.340940145169060349e-01 6.259470404774597485e-02 7.033112814353479347e-01
5.775723262200000318e+04 3.300198910801573220e+02 2.338903113835637537e-01 8.024604616662761591e-02 6.858636424498085749e-01
5.774928212199999689e+04 3.133772129974031486e+02 2.242434249082233821e-01 7.656182512172106380e-02 6.991947499700554847e-01
5.807925367800000095e+04 3.240002248977336876e+02 2.338076900871566555e-01 5.510895964570335093e-02 7.110833502671399797e-01
5.774122727999999915e+04 3.071391313316622700e+02 2.177701735988745446e-01 9.576222973493372925e-02 6.864675966661917261e-01
5.773335532799999783e+04 3.177610236298110635e+02 2.345355478024858109e-01 2.157285628156259405e-02 7.438915959159516644e-01
5.772634267800000089e+04 3.254213119212207062e+02 2.337585030765867988e-01 6.165161469498726954e-02 7.045898822284260010e-01
5.771924844599999778e+04 2.949959711026452283e+02 2.145870746545280594e-01 6.286193606720889837e-02 7.225509892782630006e-01
5.770134986000000208e+04 3.124659080793007320e+02 2.225805168398996559e-01 8.453224326696277824e-02 6.928872398931376075e-01
5.769338653799999884e+04 3.099491691453689555e+02 2.221846748764071400e-01 7.613257805675220646e-02 7.016827470668406397e-01
5.759899491000000125e+04 3.302464719193632732e+02 2.332161840518143237e-01 8.580351759278095902e-02 6.809802983554046341e-01
5.759101594399999885e+04 5.643835414855777799e+02 3.667139919828746319e-01 5.678531796967396100e-02 5.765006900474514140e-01
5.758399295800000255e+04 3.178048745403735325e+02 2.284933361498115989e-01 6.564512327362079236e-02 7.058615405765675810e-01
5.756911854999999923e+04 2.874815855188413707e+02 2.092108539995529426e-01 6.761663022500391529e-02 7.231725157754431699e-01
5.807036049600000115e+04 3.483823751498964612e+02 2.470516092108965556e-01 6.626495185695255308e-02 6.866834389321508914e-01
5.756209302400000161e+04 3.169200158200551414e+02 2.279389915330121419e-01 6.569229074787728828e-02 7.063687177191105837e-01
5.754706852200000139e+04 3.277391988195196291e+02 2.310101924537416862e-01 9.056915686583633107e-02 6.784206506804218995e-01
5.753021771799999988e+04 3.415113094417425259e+02 2.416225038100946187e-01 7.484662986281624686e-02 6.835308663270890372e-01
5.752321354799999972e+04 8.168498449661652216e+01 6.525929573292074681e-02 6.318760005535033197e-02 8.715531042117288241e-01
5.751604065599999740e+04 3.237666047871175010e+02 2.324945424964569018e-01 6.337201025258613896e-02 7.041334472509569453e-01
5.806233058400000300e+04 3.186251594924270307e+02 2.248413407199112701e-01 9.519492306948457161e-02 6.799637362106041305e-01
5.805532506200000353e+04 3.457176105597308720e+02 2.499838767387445315e-01 3.605503495925121982e-02 7.139610883020043319e-01
5.796499347000000125e+04 1.505765627569101071e+02 1.179885452857478423e-01 4.359752437751055615e-02 8.384139303367414975e-01
5.795602603000000090e+04 3.942928894095200576e+02 2.730092336094293581e-01 7.233901817753990438e-02 6.546517482130308485e-01
5.794902188600000227e+04 2.956224821332536408e+02 2.158192298819336663e-01 5.640279321034815524e-02 7.277779769077181715e-01
