5.779425246399999742e+04 1.485004335392432949e+03 6.720704473690964909e-01 4.824549921435465627e-02 2.796840534165487835e-01
5.809433462600000348e+04 1.670966973771492576e+03 7.150586502324561833e-01 3.488312267886997664e-02 2.500582270886737568e-01
5.809433462600000348e+04 1.670966973771492576e+03 7.150586502324561833e-01 3.488312267886997664e-02 2.500582270886737568e-01
5.793309171000000060e+04 1.728911479091213323e+03 7.156313509795175776e-01 5.041665476257831818e-02 2.339519942579040834e-01
5.792505889800000296e+04 1.783638388217035299e+03 7.195478972260588302e-01 5.822381214482771905e-02 2.222282906291134230e-01
5.791805034999999771e+04 1.192270387215241726e+03 5.926262882374020435e-01 7.000417821179219513e-02 3.373695335508057336e-01
5.791098640000000159e+04 1.757895647656692745e+03 7.176712028529310672e-01 5.473605458594930223e-02 2.275927425611197763e-01
5.790323814000000129e+04 nan nan nan nan
5.789498855200000253e+04 1.804163413227940964e+03 7.243289252368763087e-01 5.557440828557981549e-02 2.200966664775438342e-01
5.788727594600000157e+04 1.270112614920073838e+03 6.122554836010388746e-01 7.044131148982761548e-02 3.173032049091334406e-01
5.787822426000000269e+04 1.936080159665623114e+03 7.657004970285063994e-01 2.071745833020498945e-02 2.135820446412885765e-01
5.786411311399999977e+04 1.345932133688831527e+03 6.397809310632107671e-01 5.168025186031022233e-02 3.085388170764789550e-01
5.781719103599999653e+04 1.443356543143769159e+03 6.658286944519331563e-01 4.358756159322609014e-02 2.905837439548406564e-01
5.808635807599999680e+04 1.661386880865606599e+03 7.036330287447907228e-01 5.143559005255699673e-02 2.449313812026523707e-01
5.780936923199999728e+04 1.363673694179809900e+03 6.593651712977124379e-01 2.138944097755695467e-02 3.192453877247306560e-01
5.780125667999999860e+04 1.438870671145039978e+03 6.707603612687798034e-01 3.249368223620424656e-02 2.967459564950159501e-01
5.778635394800000358e+04 1.487219497371125271e+03 6.726358786362585107e-01 4.804319869843304280e-02 2.793209226653084465e-01
5.777234083999999712e+04 1.447962471618864356e+03 6.783100508318294919e-01 2.202534817313510015e-02 2.996646009950354461e-01
5.776435963400000037e+04 1.555970680193387579e+03 6.969010662364650832e-01 2.917310117109486733e-02 2.739258325924400772e-01
5.775723464399999648e+04 1.614414574860105176e+03 7.024464340852313304e-01 3.903613245276287697e-02 2.585174334620057857e-01
5.774928413600000204e+04 1.555047206987996560e+03 6.823731568059048236e-01 5.469071472216209540e-02 2.629361284719332059e-01
5.774123006200000236e+04 1.556937244134383945e+03 6.921131346329498779e-01 3.804736898926738137e-02 2.698394963777828726e-01
5.773335736400000314e+04 1.548648080379720113e+03 6.793865285777130891e-01 5.781554402696975625e-02 2.627979273953171546e-01
5.807925570600000356e+04 1.581100771148786180e+03 6.729662884263167832e-01 7.965571492188044944e-02 2.473779966518026840e-01
5.772634468200000265e+04 1.611245220262559315e+03 6.853627230699935735e-01 6.757227737758676744e-02 2.470649995524196452e-01
5.771925050200000260e+04 1.562654625004510535e+03 6.798076511187230997e-01 6.176430297225600496e-02 2.584280459090209647e-01
5.771136154666999937e+04 nan nan nan nan
5.770135188400000334e+04 1.641959678177337310e+03 6.960711772876456704e-01 5.852807768824912216e-02 2.454007450241053601e-01
5.769338857200000348e+04 1.626056005501245181e+03 6.910759031199443791e-01 6.227811134707709334e-02 2.466459855329785344e-01
5.759899691599999642e+04 1.806821612441465959e+03 7.518522135831318121e-01 1.170396896392089138e-02 2.364438174529473469e-01
5.759101800399999775e+04 8.898804701832298178e+02 5.025863566224790802e-01 6.185003271419262094e-02 4.355636106633283267e-01
5.758399498599999788e+04 1.742950180122237725e+03 7.123011413905778744e-01 5.963793224444225577e-02 2.280609263649799601e-01
5.756912056199999643e+04 1.614297215521072530e+03 6.969705601238543879e-01 4.848980117295736969e-02 2.545396387031882979e-01
5.756209504600000218e+04 1.762797380327392375e+03 7.375403066833796650e-01 2.342536424866009659e-02 2.390343290679602106e-01
5.807036255399999936e+04 1.662584549864046949e+03 6.977791064026197532e-01 6.169491381434781541e-02 2.405259797830324175e-01
5.755421884200000204e+04 9.445589220193794517e+02 5.210713702338007902e-01 6.337233495821724405e-02 4.155562948079820074e-01
5.754707057399999758e+04 1.719860272957453390e+03 7.118866674642402304e-01 5.416015954691709433e-02 2.339531729888427725e-01
5.753021978400000080e+04 1.748048338186722731e+03 7.110995512419654441e-01 6.293216658514869111e-02 2.259682821728858093e-01
5.752321562999999878e+04 9.022186620928035836e+02 5.082206013768673092e-01 5.849358485825807003e-02 4.332858137648746832e-01
5.751604265999999916e+04 1.797695653494528642e+03 7.394159102172163101e-01 2.956982579095417465e-02 2.310142639918294771e-01
5.806233260400000290e+04 1.598144831308400171e+03 6.887136174686405710e-01 5.769258820845971081e-02 2.535937943228997460e-01
5.805532712599999650e+04 1.645513042344175346e+03 6.973623165607699681e-01 5.738834515784426576e-02 2.452493382813857592e-01
5.796499549400000251e+04 7.861157922922882335e+02 4.629548347472177694e-01 6.346036344256862638e-02 4.735848018102136736e-01
5.795602811600000132e+04 1.775994670283775349e+03 7.505287392212344200e-01 5.608835775084658297e-03 2.438624250036808827e-01
5.794902391799999896e+04 1.441593578694090183e+03 6.603399089438029002e-01 5.314799400331045309e-02 2.865120970528866051e-01
