5.777234032824070164e+04 1.188677168015009329e+02 8.613878310235320579e-02 9.135405624500698707e-01 3.206544475770282520e-04
5.816835994937500072e+04 1.613662579749277199e+02 1.501256523569297063e-01 8.493458391084562908e-01 5.285085346140872822e-04
5.791098589741899923e+04 1.509557563601093477e+02 1.034882201418861475e-01 8.962248008540452116e-01 2.869790040685391572e-04
5.830710000846059847e+04 1.245975262522179321e+02 1.136404256182121236e-01 8.858516319322854438e-01 5.079424495024573334e-04
5.814031619839119958e+04 1.900326687199965079e+02 1.738105778194028173e-01 8.256786073266816350e-01 5.108148539155964955e-04
5.777934543577550357e+04 1.519062146228776555e+02 1.418900767084657899e-01 8.575771767863367145e-01 5.327465051975126872e-04
5.785705753340280353e+04 nan nan nan nan
5.817536914803239779e+04 1.526679631146486713e+02 1.396426716097575182e-01 8.598464610711483713e-01 5.108673190942920319e-04
5.819815560798609658e+04 1.640356434751161601e+02 1.514411916550796877e-01 8.480383580857604464e-01 5.204502591597965884e-04
5.792505632480319764e+04 2.466747620501710969e+02 2.144219206935979449e-01 7.851167016341513705e-01 4.613776722508362263e-04
5.794201711207180051e+04 5.050475870081027097e+01 3.337047495382876316e-02 9.663629448885024953e-01 2.665801576687805777e-04
5.819815355579859897e+04 1.680691210356708893e+02 1.560022259183660442e-01 8.434716921594905825e-01 5.260819221433973066e-04
5.824427891273149726e+04 2.086172252568814756e+01 2.985284326701705560e-03 9.970022119683239481e-01 1.250370497431886118e-05
5.774122955451389862e+04 1.381054554189057910e+02 8.427845796271837830e-02 9.154941479654243874e-01 2.273940718571742484e-04
5.832900381342590117e+04 1.093910600715942252e+02 8.869410035589944674e-02 9.109044847803993150e-01 4.014148637013207526e-04
5.789498600013890245e+04 2.350443358643854026e+02 1.977743778298811650e-01 8.017932993904657302e-01 4.323227796532360268e-04
5.781719053767360310e+04 1.705669433909069710e+02 1.561814077261981237e-01 8.433066316283266417e-01 5.119606454752853066e-04
5.807036410302080185e+04 9.861017661200872908e+01 5.394295214655598497e-02 9.458743246950841455e-01 1.827231583598898498e-04
5.778635548760420352e+04 1.802307424325562977e+02 1.647082592029273651e-01 8.347817754612125718e-01 5.099653358600685169e-04
5.769131419668979652e+04 nan nan nan nan
5.811735631356480008e+04 2.125484243138345448e+02 1.848875645936111090e-01 8.146504084977743698e-01 4.620269086144777491e-04
5.777233828069439915e+04 1.176278034661336136e+02 8.272483914425862728e-02 9.169731521001297514e-01 3.020087556116652912e-04
5.791098384990740306e+04 1.554350899423598946e+02 1.062820486572889078e-01 8.934324623670920618e-01 2.854889756191000762e-04
5.807925312800930260e+04 1.372405549197962387e+02 1.215786067443385549e-01 8.779421930020686604e-01 4.792002535927732923e-04
5.807925724394679855e+04 1.384407824168072239e+02 1.207668131022100327e-01 8.787685274549886794e-01 4.646594428013557198e-04
5.809433617457179935e+04 1.649632511499913221e+02 1.114550877702126103e-01 8.882661762527664928e-01 2.787359770209899435e-04
5.832900588675930339e+04 1.064720652157954532e+02 8.388250154513006429e-02 9.157384986061785082e-01 3.789998486914469074e-04
5.816835790402779821e+04 1.597656740701547449e+02 1.472243774695179697e-01 8.522571089366842711e-01 5.185135937978565483e-04
5.824427479357639822e+04 2.149561348557511309e+01 3.197099184925802657e-03 9.967893931533358121e-01 1.350766173829383169e-05
5.830709796201389690e+04 1.253398300376005210e+02 1.146289751943946889e-01 8.848603102186899383e-01 5.107145869154472353e-04
5.790323764157410187e+04 1.237958323132606751e+02 1.107769802394523023e-01 8.887340808033573625e-01 4.889389571905018413e-04
5.795602964086810243e+04 2.298094876614407269e+02 1.964738275692737290e-01 8.030798577747465528e-01 4.463146559798725362e-04
5.771924999274309812e+04 1.483851549289554441e+02 1.295831170194214899e-01 8.699512072748604163e-01 4.656757057181054029e-04
5.811735423478009761e+04 2.087850688747536481e+02 1.805246084187641653e-01 8.190188907269455587e-01 4.565008542902932744e-04
5.808635959826390172e+04 1.202491440775856830e+02 7.562892218508013298e-02 9.241295431438047991e-01 2.415346711151816924e-04
5.771136301688660024e+04 6.630557690834184825e+01 3.454061408993695098e-02 9.652936839527190838e-01 1.657019573440021731e-04
5.805532867262729997e+04 1.667551862681739010e+02 1.412418103636854383e-01 8.583201277216949698e-01 4.380619146196619140e-04
5.822936072609949770e+04 1.024572905674323806e+02 8.697489960635935990e-02 9.125850830611014208e-01 4.400173325393423747e-04
5.787822578078699735e+04 2.350152782761338415e+02 1.624799438688487030e-01 8.372281958655884981e-01 2.918602655628116643e-04
5.825323209668979689e+04 1.502146823761922860e+02 1.349969954817253626e-01 8.645098408392788425e-01 4.931636789958701843e-04
5.829518035386569682e+04 5.576397605432399018e+01 2.715539253395247293e-02 9.726998062025257186e-01 1.448012635217574599e-04
5.831410207297449961e+04 1.070888984919265994e+02 9.791016997811934075e-02 9.015794021843098749e-01 5.104278375707973700e-04
5.827812689575229888e+04 9.878253588316040634e+01 9.020900626238549658e-02 9.092817718045125286e-01 5.092219331021703146e-04
5.781718846579860110e+04 1.703549318324732553e+02 1.560400832315136654e-01 8.434476094379990130e-01 5.123073304874015913e-04
5.820533120576389774e+04 1.494863971701066987e+02 1.329767416912465416e-01 8.665400708312137601e-01 4.831874775397092129e-04
5.808635755370370316e+04 1.364179069791956920e+02 9.538525941871650593e-02 9.043162109723339448e-01 2.985296089496553636e-04
5.812536191586810310e+04 1.550287267599453571e+02 9.944063337405942282e-02 9.003081368859457978e-01 2.512297399947691317e-04
5.776436118144680222e+04 1.831855026388997487e+02 1.355193210533607862e-01 8.641464932336743177e-01 3.341857129649161359e-04
5.795602759527780290e+04 2.271145271266797181e+02 1.939439695319730428e-01 8.056107533504860418e-01 4.452771175409378653e-04
5.813236604783560324e+04 1.614743750704818410e+02 1.455630079799171139e-01 8.539407855032119521e-01 4.962065168710735148e-04
5.794201918894679693e+04 5.084105153093678098e+01 3.333440613989974155e-02 9.664030970429107192e-01 2.624968171895984085e-04
5.806233414921299845e+04 9.643862424971243286e+01 4.922562100781712607e-02 9.506152871024663442e-01 1.590918897166500843e-04
5.818236926697919989e+04 7.160514988696651528e+01 3.167293761241134903e-02 9.682075932248707106e-01 1.194691627179386554e-04
5.780125822796300054e+04 1.046749255522782249e+02 6.572813123127611845e-02 9.340311084588169832e-01 2.407603099069634191e-04
5.826023629657409765e+04 7.197204296674230228e+00 6.863493944469826157e-03 9.925812024487896679e-01 5.553036067407446071e-04
5.831410411701389967e+04 1.064953707468192761e+02 9.678407175305990540e-02 9.027115992207243034e-01 5.043290262158490198e-04
5.817536710152780142e+04 1.497861386212495063e+02 1.358393999391164508e-01 8.636584009906737025e-01 5.021990702099393645e-04
5.794902135501160228e+04 1.373887109574634735e+02 1.233652333175395133e-01 8.761424425583157483e-01 4.923241241447926832e-04
5.814031824292820238e+04 1.880331445738609091e+02 1.701941854692504696e-01 8.293055631856645071e-01 5.002513450851862886e-04
5.769131833840280160e+04 nan nan nan nan
5.827022465368059784e+04 nan nan nan nan
5.775723621420140262e+04 1.918209994605983013e+02 1.739505767532741887e-01 8.255472806168900890e-01 5.021426298357571346e-04
5.823726240335650073e+04 nan nan nan nan
5.819022900959489925e+04 1.681113902623843330e+02 1.542351914250021105e-01 8.452508355577604826e-01 5.139730172375428074e-04
5.771136096131939848e+04 3.486785497702153691e+01 1.663142724818407817e-02 9.832296490892585838e-01 1.389236625573544916e-04
5.796499293421299808e+04 5.277335952499980465e+01 3.041277288429258124e-02 9.693844354048741785e-01 2.027917108332596757e-04
5.832110642223380273e+04 nan nan nan nan
5.822935865428239777e+04 1.045474377664409218e+02 8.988631358683549233e-02 9.096623212908657719e-01 4.513651222988907539e-04
5.811735835869210132e+04 2.040390870175489511e+02 1.697723494486017282e-01 8.298049091136376898e-01 4.227414377607276478e-04
5.826023217620370269e+04 5.160504700648761656e+01 4.752643189849027616e-02 9.519556588005584352e-01 5.179093009513796933e-04
5.825323005146990181e+04 1.486760727814575205e+02 1.300210968081265683e-01 8.695119072200613308e-01 4.669959718121748917e-04
5.827022877195599722e+04 nan nan nan nan
5.788727751406250172e+04 4.961444173698604487e+01 2.349899744134334098e-02 9.763640247874085798e-01 1.369777712480603027e-04
5.807036205874999723e+04 1.137107988027857601e+02 7.121512543947236540e-02 9.285453727989566586e-01 2.395017615710157057e-04
5.781719258413190255e+04 1.675561505240677036e+02 1.500258026613102702e-01 8.494846678985946697e-01 4.895294400952345014e-04
5.819023105809029948e+04 1.698240475441642729e+02 1.558023934418822920e-01 8.436836605222121088e-01 5.139460359056253038e-04
5.774123162674769992e+04 1.396084673104941771e+02 8.453910357468616410e-02 9.152369936875045520e-01 2.239027378093864744e-04
5.813236809641199943e+04 1.594882270362682846e+02 1.424645767293279408e-01 8.570482043229294966e-01 4.872189477426047016e-04
5.806233003357639973e+04 8.943590108185451015e+01 4.438618093191488978e-02 9.554634219791900973e-01 1.503970888950274917e-04
5.786411259569440153e+04 1.740805278186022065e+02 1.558580705773600916e-01 8.436524596834029666e-01 4.894697392369971086e-04
5.780936665247679775e+04 1.543657012138535549e+02 1.432919012819046101e-01 8.561819490316456838e-01 5.261496864497094191e-04
5.793308914398150227e+04 1.721705295161224285e+02 1.489956086167435467e-01 8.505470958572606266e-01 4.572955259958987788e-04
5.812536396336810139e+04 1.515332043139047471e+02 9.539147698845694412e-02 9.043665476327980013e-01 2.419753787450835947e-04
5.818237350934030110e+04 6.950047388038510121e+01 3.055091055112700224e-02 9.693311007447135141e-01 1.179887041594612453e-04
5.773335686430559872e+04 1.729857589219876104e+02 1.282012656858777522e-01 8.714633586321005598e-01 3.353756820217038766e-04
5.787822373693290137e+04 2.371639094661376532e+02 1.644164511197555023e-01 8.352900807237710890e-01 2.934681564733828242e-04
5.823725831040510093e+04 nan nan nan nan
5.791804778619210265e+04 1.185754654436370430e+02 1.071986365108730521e-01 8.923022992025764211e-01 4.990642865506316568e-04
5.789499009097219823e+04 2.584557433686418904e+02 2.196381042825140684e-01 7.799209240935045528e-01 4.409716239813895786e-04
5.789498804668980301e+04 2.341719152266489914e+02 1.985403448716062669e-01 8.010207248164594729e-01 4.389303119343338053e-04
5.786411054701390094e+04 1.757199581523686902e+02 1.575270322174447124e-01 8.419822456506105279e-01 4.907221319448802285e-04
5.775723207074069796e+04 1.787557680651220267e+02 1.614543523385826573e-01 8.380475126921789197e-01 4.981349692384824538e-04
5.770135341181710100e+04 1.937533228611610809e+02 1.632897671239142978e-01 8.362765350290211064e-01 4.336978470647598382e-04
5.777934750718750001e+04 1.542025334726212407e+02 1.445347370142591459e-01 8.549288131695943482e-01 5.364498161466375089e-04
5.769131626776619669e+04 nan nan nan nan
5.805532662721059751e+04 1.627632826172913667e+02 1.373911550477996124e-01 8.621737617515559116e-01 4.350832006446621889e-04
5.814031412269680004e+04 1.895508673123825929e+02 1.726644168204942986e-01 8.268289171511722380e-01 5.066660283335724848e-04
5.774122674336809723e+04 1.231744185196948678e+02 7.437730991310166628e-02 9.254000478598148893e-01 2.226422270834670211e-04
5.817536505616900104e+04 1.496631504742632615e+02 1.367571598122316601e-01 8.627329953516080785e-01 5.098448361603357066e-04
5.828621623447920138e+04 1.026540136693346881e+02 9.685351563184053936e-02 9.026029255374294902e-01 5.435588307301774400e-04
5.787822169053240214e+04 2.377930161913417919e+02 1.664004006561660698e-01 8.333005945234370770e-01 2.990048203969097613e-04
5.780125618298610061e+04 1.023204640615272751e+02 6.731354352945223551e-02 9.324221866620170385e-01 2.642698085307615755e-04
5.792505839787040168e+04 2.513449696221065892e+02 2.137869279527043753e-01 7.857713088388783573e-01 4.417632084174265652e-04
5.805532454843750020e+04 1.605127186628041045e+02 1.339759188236464005e-01 8.655986765263280480e-01 4.254046500256806291e-04
5.827812278018520010e+04 9.325569000084921356e+01 8.624924718350836239e-02 9.132284437167553781e-01 5.223090997363243320e-04
5.822936277232639986e+04 1.013130142929742590e+02 8.524133529262913067e-02 9.143264120612432100e-01 4.322526461278464790e-04
5.771924791943289893e+04 1.377085588800491962e+02 1.214170744421393111e-01 8.781082407774084553e-01 4.746847804522831603e-04
5.813237014164349966e+04 1.580066676172048972e+02 1.388554955277546410e-01 8.606729379527632284e-01 4.715665194822224069e-04
5.796499702621530014e+04 1.798844560028262052e+01 9.294405652123116299e-03 9.905425808306981272e-01 1.630135171788378611e-04
5.796499498196759669e+04 7.628039007566761143e+01 4.599150397493464298e-02 9.537865246059132884e-01 2.219714191521829935e-04
5.824427684101850173e+04 2.030463958958610604e+01 2.965999567364290511e-03 9.970209711878881276e-01 1.302924474759689768e-05
5.827022672664350102e+04 nan nan nan nan
5.831410002775459725e+04 1.079615798763556995e+02 9.889355121748166777e-02 9.005941006847836272e-01 5.123480977347061056e-04
5.832110434920139960e+04 nan nan nan nan
5.778635344240740233e+04 1.795403870409809599e+02 1.635467342345017228e-01 8.359465935559949878e-01 5.066722095034090906e-04
5.790323971211809840e+04 1.503310650145782859e+02 1.329545549170152163e-01 8.665678315561615719e-01 4.776135268232294595e-04
5.822235129023149784e+04 1.237882164484387175e+02 1.085832052989852414e-01 8.909469716189263311e-01 4.698230820885721231e-04
5.775723414351850079e+04 1.884390248023501044e+02 1.692082551531231271e-01 8.302994004000804340e-01 4.923444467965337181e-04
5.774928569214120216e+04 1.772130939441035196e+02 1.606737134646934739e-01 8.388243304864783090e-01 5.019560488283445962e-04
5.786411466642360028e+04 1.705918577404604264e+02 1.517790401271613687e-01 8.477375954829040605e-01 4.833643899346418832e-04
5.818237133792819805e+04 7.281826669959582432e+01 3.179225561113659115e-02 9.680913506405303126e-01 1.163937483329320068e-04
5.807035998547449708e+04 1.207248961143233146e+02 8.354049913828050233e-02 9.161671071041330716e-01 2.923937575864255629e-04
5.772634212504629977e+04 2.022337489651069689e+02 1.773778475096222940e-01 8.221524107625424183e-01 4.697417278353785289e-04
5.780125410884260054e+04 9.679443817393448057e+01 6.410104966398762205e-02 9.356311586304214556e-01 2.677917055909603589e-04
5.793309119048609864e+04 1.771781818193984179e+02 1.534138426429969282e-01 8.461283568593304105e-01 4.578004976728414287e-04
5.829517830981480074e+04 5.611068577002231450e+01 2.757196027615829714e-02 9.722806009261305560e-01 1.474387977111694796e-04
5.794902342686340126e+04 1.381802981966600044e+02 1.231834682429675948e-01 8.763312653258245044e-01 4.852664312080710255e-04
5.832110846770829812e+04 nan nan nan nan
5.788727339337959711e+04 7.493611524251166145e+01 3.826532656742497041e-02 9.615754539736968143e-01 1.592194588781919225e-04
5.814732594024309947e+04 1.593539001677842464e+02 1.351860149715088666e-01 8.643745387577512762e-01 4.394462707399880122e-04
5.769338602006940346e+04 1.788453567936829813e+01 1.575822240811782784e-03 9.984194372307277909e-01 4.740528460512364384e-06
5.770134931630789652e+04 1.897433045881342650e+02 1.598447555990606117e-01 8.397219016764504440e-01 4.333427244889939971e-04
5.776435913623840315e+04 1.841064023583668927e+02 1.368098237377529947e-01 8.628529942257154861e-01 3.371820365316622963e-04
5.815434747914350010e+04 2.889445670547189593e+01 1.159632707999481635e-02 9.883053217586748040e-01 9.835116133027251299e-05
5.780937075761570304e+04 1.533649519647669877e+02 1.402416371643977477e-01 8.592477763143755443e-01 5.105865212267769564e-04
5.788727544106479763e+04 8.936476489115831612e+01 4.676451969266589431e-02 9.530682681046905858e-01 1.672122026435624909e-04
5.825322797965280188e+04 1.494617013011159088e+02 1.320250693010687204e-01 8.674984771008491524e-01 4.764535980822400376e-04
5.829517626560189819e+04 5.184508860739556724e+01 2.606982061588737284e-02 9.737757860701349300e-01 1.543933139777185098e-04
5.774928157427079714e+04 1.700299764790280506e+02 1.567801280559113219e-01 8.427007149779097706e-01 5.191569661789677791e-04
5.820533327646990074e+04 1.486572344946679323e+02 1.317318135640159482e-01 8.677886993786996239e-01 4.794870572844735094e-04
5.794202124114579783e+04 5.136479064410343653e+01 3.453450257990339084e-02 9.651894758569543598e-01 2.760215631422585116e-04
5.792506044400460087e+04 2.547947787828052242e+02 2.202042653811497608e-01 7.793396577448991058e-01 4.560768739512240815e-04
5.771925203789350053e+04 1.509652411382403727e+02 1.315855040434774637e-01 8.679505901458104411e-01 4.639058107121879449e-04
5.832900795686340280e+04 1.025901476832018915e+02 8.007689400189127449e-02 9.195510821551096114e-01 3.720238429992401554e-04
5.816135163695600204e+04 1.605248866992534431e+02 1.478007853983732967e-01 8.516815644026546339e-01 5.176501989721090042e-04
5.785705957910879806e+04 nan nan nan nan
5.822235336199070298e+04 1.250509264999507337e+02 1.070305013948565642e-01 8.925221882645333338e-01 4.473103406102412632e-04
5.770135136431710271e+04 1.900577309444533398e+02 1.587416885558500523e-01 8.408323418923807635e-01 4.259695517692562621e-04
5.769339011508099793e+04 nan nan nan nan
5.769338806991899764e+04 nan nan nan nan
5.806233210521990259e+04 9.416701565781859529e+01 4.797498105276860186e-02 9.518665297537048930e-01 1.584891935266078994e-04
5.776435706200230197e+04 1.857431304228760780e+02 1.383070921195370950e-01 8.613543514826074166e-01 3.385563978556443737e-04
5.779424990355320188e+04 1.222901700943066174e+02 7.768283500982246792e-02 9.220707684071708377e-01 2.463965830066668322e-04
5.778635136835650337e+04 1.738810879284931730e+02 1.559934389564558432e-01 8.435151152604206670e-01 4.914457831235009106e-04
5.820532913385419670e+04 1.483317137875702088e+02 1.317311152638128424e-01 8.677872959630431593e-01 4.815887731440057101e-04
5.785705548473379895e+04 4.080099702966866460e+01 2.008710161593731808e-02 9.797648987480922500e-01 1.479996359704069289e-04
5.827812482775459648e+04 1.000210852108036761e+02 9.110155897155869376e-02 9.083918749097807943e-01 5.065661186606190518e-04
5.779425399725689931e+04 1.235121089982594924e+02 7.817259431138964820e-02 9.215828050306220653e-01 2.446006579882314285e-04
5.814732389353009785e+04 1.580497744770906081e+02 1.317290024308385987e-01 8.678468248915999217e-01 4.241726775616060552e-04
5.809433412939820118e+04 1.580109854135216096e+02 1.046508386803527563e-01 8.950813194246487470e-01 2.678418949986573791e-04
5.795602554311339918e+04 2.294468164864116773e+02 1.957839772305483006e-01 8.037714346363900031e-01 4.445881330616470884e-04
5.816835585621529754e+04 1.585000303547391809e+02 1.487415807371710585e-01 8.507206775435052215e-01 5.377417193237601705e-04
5.815435159636569733e+04 4.604237546539955872e+01 1.993421717372948279e-02 9.799513236615602363e-01 1.144591647102565114e-04
5.816135583026619861e+04 1.679388251793869244e+02 1.546505407590476333e-01 8.448316517725547037e-01 5.178074683977793415e-04
5.791804983322919725e+04 1.522100244287180715e+02 1.376465206577152656e-01 8.618541218039006413e-01 4.993575383842342990e-04
5.794902547202550340e+04 1.396642215858564100e+02 1.254328156474728839e-01 8.740746691304810412e-01 4.925152220460861721e-04
5.819022696206020191e+04 1.572270435357021654e+02 1.451062437608855171e-01 8.543736580405477676e-01 5.200981985666945336e-04
5.830709591488430306e+04 1.276217306200821326e+02 1.183642976795946933e-01 8.811104598472848659e-01 5.252424731206216564e-04
5.816135376030090265e+04 1.657682174241845701e+02 1.512747400251567287e-01 8.482167517972161175e-01 5.085081776272611705e-04
5.812536600854169956e+04 1.488886753053404846e+02 9.329634911043797885e-02 9.064638926107562167e-01 2.397582788057446763e-04
5.823726035914350359e+04 nan nan nan nan
5.809433205741900019e+04 1.576065067055487816e+02 1.045986751404289899e-01 8.951323747492000438e-01 2.689501103709556525e-04
5.780936871119210264e+04 1.535923029803117004e+02 1.413899106538765438e-01 8.580926426943097374e-01 5.174466518138166448e-04
5.777234237812500214e+04 1.163014081365676162e+02 8.407049291467083574e-02 9.156104378826597223e-01 3.190692026694865032e-04
5.777934957790510089e+04 1.518685945974648348e+02 1.436201203618708289e-01 8.558337920943331900e-01 5.460875437960122395e-04
5.793309323693290207e+04 1.789671118369865610e+02 1.533384453091927169e-01 8.462133015947183035e-01 4.482530960890719401e-04
5.771135891380789690e+04 nan nan nan nan
5.772634621746530320e+04 1.928312694546613670e+02 1.684633228805939575e-01 8.310706368436983071e-01 4.660402757078145738e-04
5.826023422604169900e+04 8.096273248983845150e+00 7.741440438083069427e-03 9.917002939399808259e-01 5.582656219360783304e-04
5.773335891081020236e+04 1.613605856877633471e+02 1.124022467875105541e-01 8.873014593146774098e-01 2.962938978121139777e-04
5.822235540826390206e+04 1.237907436592943355e+02 1.073420300905093688e-01 8.921988449416355937e-01 4.591249678551528922e-04
5.790323556789349823e+04 1.342292272670583486e+02 1.177116423569629644e-01 8.818187747101766671e-01 4.695829328603643858e-04
5.773335479246530303e+04 1.813547969393188453e+02 1.451102078950955998e-01 8.544988562719211256e-01 3.909358329832903866e-04
5.772634417016200314e+04 1.924776013610607492e+02 1.689511589319204754e-01 8.305783735977200211e-01 4.704674703595478264e-04
5.819815770527780114e+04 1.757742140823235957e+02 1.608420852040033100e-01 8.386466372669547642e-01 5.112775290419024942e-04
5.808635550745369983e+04 1.481812700227958430e+02 1.133136894639106690e-01 8.863292467703810518e-01 3.570637657084354253e-04
5.791805190278939699e+04 1.907985741643362587e+02 1.687218252495491788e-01 8.308006895383502899e-01 4.774852121005731479e-04
5.791098794153940253e+04 1.704177549587775786e+02 1.151515043104776176e-01 8.845697056856293150e-01 2.787900038930754836e-04
5.814732800942129688e+04 1.671689815344785188e+02 1.480700529285260414e-01 8.514508861827740915e-01 4.790608886999853577e-04
5.815434955232639913e+04 3.648805120001171076e+01 1.560388446809519818e-02 9.842844467546802978e-01 1.116687772243950884e-04
5.807925519999999960e+04 1.375211963017162020e+02 1.192938996001170898e-01 8.802466222821015984e-01 4.594781177814238633e-04
5.779425195087960310e+04 1.214464526554315711e+02 7.682528490671618193e-02 9.229303684727917512e-01 2.443466204920317734e-04
5.774928362151620240e+04 1.804811803513011341e+02 1.655218387946638947e-01 8.339645737526724112e-01 5.135874526638165060e-04
