5.750802856400459859e+04 5.732646004279981753e+02 8.197962637425794119e-01 1.752088079720161284e-01 4.994928285404519504e-03
5.750803061267360317e+04 5.457850789467830737e+02 7.432846364525369509e-01 2.521854007816848320e-01 4.529962765778381036e-03
5.750803268356480112e+04 5.681656617830619780e+02 8.016500731946973879e-01 1.934875641786748257e-01 4.862362626627838441e-03
5.751604011126160185e+04 5.154874591855206063e+02 7.774831055326811846e-01 2.169607522955593060e-01 5.556142171759518092e-03
5.751604215731479781e+04 5.510449063256986619e+02 7.498379789238156512e-01 2.456394175257203272e-01 4.522603550464036372e-03
5.751604420141199807e+04 5.592362333038370252e+02 7.722038003628207692e-01 2.231392568491721851e-01 4.656942788007018864e-03
5.752321306202549749e+04 1.856066613209487457e+02 4.705900001490237461e-01 5.137090506601154072e-01 1.570094919086084673e-02
5.752321513501159643e+04 3.388059186577032165e+02 8.387454963885343506e-01 1.462857354323095216e-01 1.496876817915613993e-02
5.752321720414349693e+04 2.690253436940298570e+02 7.830547669334987360e-01 1.962521346797302668e-01 2.069309838677095212e-02
5.753021721699069894e+04 4.242811649273872945e+02 4.936885819640497441e-01 5.030044781696864087e-01 3.306939866263985950e-03
5.753021926346060354e+04 4.027402745302125027e+02 4.413014461996887516e-01 5.557659849659374318e-01 2.932568834373911956e-03
5.753022130751160148e+04 4.203874253319972922e+02 4.855614796882680717e-01 5.111800283376654042e-01 3.258491974066566634e-03
5.754706797363430087e+04 5.061115409215552745e+02 7.794370497381003515e-01 2.147700340494896887e-01 5.792916212409931175e-03
5.754707007224539848e+04 5.084022183846317375e+02 7.826677504805199526e-01 2.115437281396029823e-01 5.788521379877084247e-03
5.754707211745370296e+04 5.080012241205573673e+02 7.842657821939020835e-01 2.099128551791441533e-01 5.821362626953789296e-03
5.755421627608800191e+04 nan nan nan nan
5.755421834906250297e+04 8.080571780615643718e+01 4.852039352568547625e-02 9.505989793033143842e-01 8.806271710001426856e-04
5.755422042105319997e+04 nan nan nan nan
5.756209248620369908e+04 4.283452092050141005e+02 5.744580966852661508e-01 4.211489506962191598e-01 4.392952618514894998e-03
5.756209453456020128e+04 4.462221312351449569e+02 6.137237164164631720e-01 3.816559722890826567e-01 4.620311294454343062e-03
5.756209657984950172e+04 4.417488965345302745e+02 5.976067431683572684e-01 3.979232553320674048e-01 4.470001499575440400e-03
5.756911800738429883e+04 4.687113600575929127e+02 7.556078544265830699e-01 2.380445447867514663e-01 6.347600786665529710e-03
5.756912005475690239e+04 5.121632693323449530e+02 9.140066115540276259e-01 7.821464490534754677e-02 7.778743540624733638e-03
5.756912210134259658e+04 4.333879999673681596e+02 7.661064064743858815e-01 2.262613527768910504e-01 7.632240748723082870e-03
5.758399242811340082e+04 4.526304810228147630e+02 6.817446340444620612e-01 3.127144252852100403e-01 5.540940670327845589e-03
5.758399447690969828e+04 4.387819071565282911e+02 6.366192016133592757e-01 3.582393002672725757e-01 5.141498119368265694e-03
5.758399652326390060e+04 4.597307826475912975e+02 6.932878052064286312e-01 3.011576612882229109e-01 5.554533505348480463e-03
5.759101543976849644e+04 4.466560907766668151e+02 6.762699478577981482e-01 3.181309125745248045e-01 5.599139567677045501e-03
5.759101748648149805e+04 3.673806635020571321e+02 6.035655869353132585e-01 3.898420064182492317e-01 6.592406646437554835e-03
5.759101953285880154e+04 3.883052773727163753e+02 5.753861962997476320e-01 4.192509008632894774e-01 5.362902836962901883e-03
5.759899435380790237e+04 4.839782259917673173e+02 7.081095575221136862e-01 2.866619450014230019e-01 5.228497476463441970e-03
5.780125822796300054e+04 3.714685025906578062e+02 4.703846708232449769e-01 5.256989027964188432e-01 3.916426380336320359e-03
5.780936665247679775e+04 4.420546505129280490e+02 7.435913581411348616e-01 2.494975864151650347e-01 6.911055443700147953e-03
5.780936871119210264e+04 4.480708323651724641e+02 7.634951795280868758e-01 2.294131770939594750e-01 7.091643377953726381e-03
5.780937075761570304e+04 4.474642920210107491e+02 7.621352752883997494e-01 2.307791514039019276e-01 7.085573307698323810e-03
5.781718846579860110e+04 5.327685892169241697e+02 9.457109337124663950e-01 4.659302775723960649e-02 7.696038530294046186e-03
5.781719053767360310e+04 5.105103777447925495e+02 8.663482081726425754e-01 1.266177742353732094e-01 7.034017591984217770e-03
5.781719258413190255e+04 5.076732413629990788e+02 8.551775259217692104e-01 1.378918610748005036e-01 6.930613003430241732e-03
5.785705548473379895e+04 2.091703337693443530e+02 3.111524037818481636e-01 6.834428690062788192e-01 5.404727211873004179e-03
5.785705753340280353e+04 nan nan nan nan
5.785705957910879806e+04 nan nan nan nan
5.786411054701390094e+04 4.876909333966000872e+02 8.240261095421238524e-01 1.690008815684321541e-01 6.973008889443955277e-03
5.786411259569440153e+04 4.002048273696057663e+02 5.551806662419348504e-01 4.401189679474409311e-01 4.700365810624237625e-03
5.786411466642360028e+04 4.081564427303571279e+02 5.778125606709177964e-01 4.172924890873045412e-01 4.894950241777774359e-03
5.787822169053240214e+04 6.298185085498669196e+02 8.089727073073003094e-01 1.869976685632246116e-01 4.029624129475077240e-03
5.787822373693290137e+04 6.538615095900750021e+02 8.660205776512233111e-01 1.296948003395245463e-01 4.284622009252328154e-03
5.787822578078699735e+04 6.727446960151743269e+02 9.195010926620177383e-01 7.593610588207040657e-02 4.562801455911920205e-03
5.788727339337959711e+04 4.733103132288391066e+02 7.998909280788020215e-01 1.931332201421943340e-01 6.975851779003678331e-03
5.788727544106479763e+04 4.913454365787051756e+02 8.215046562075487557e-01 1.716676530462921124e-01 6.827690746159188230e-03
5.788727751406250172e+04 3.909466034016849676e+02 8.273400686024108275e-01 1.617213534868463254e-01 1.093857791074282458e-02
5.789498600013890245e+04 6.206013468644491695e+02 8.417118160815453276e-01 1.537952600745520759e-01 4.492923843902599072e-03
5.789498804668980301e+04 6.235772450525930708e+02 8.488803635307825557e-01 1.465933702498155022e-01 4.526266219401910845e-03
5.789499009097219823e+04 6.361125151419250869e+02 8.759162178629492645e-01 1.194526743222947412e-01 4.631107814756130377e-03
5.790323556789349823e+04 5.136195402812655857e+02 7.890279712519902011e-01 2.052079572381894645e-01 5.764071509820388114e-03
5.790323764157410187e+04 5.360007522506472242e+02 8.925276814441019946e-01 1.006999555677731695e-01 6.772362988124781304e-03
5.790323971211809840e+04 5.564009107348987300e+02 8.858157460817676077e-01 1.079935680899402756e-01 6.190685828292013561e-03
5.791098384990740306e+04 6.076457530495495121e+02 8.470024653049500474e-01 1.482518809038654850e-01 4.745653791184458944e-03
5.791098589741899923e+04 6.163425629358596325e+02 8.688752208024763668e-01 1.262707974284274504e-01 4.853981769096179372e-03
5.791098794153940253e+04 6.321287747275719084e+02 8.967902730466141836e-01 9.829388065967867294e-02 4.915846293707107004e-03
5.791804778619210265e+04 4.083454765983219659e+02 8.813233656852906828e-01 1.072992426877501654e-01 1.137739162695917267e-02
5.791804983322919725e+04 4.789217607263371974e+02 9.216677538807594994e-01 6.928643984837008774e-02 9.045806270870381666e-03
5.791805190278939699e+04 5.327935415914523674e+02 8.949216171055677238e-01 9.818742286368425942e-02 6.890960030748041060e-03
5.772634417016200314e+04 5.489621374865017742e+02 8.542829843088671771e-01 1.398021298667800338e-01 5.914885824352851540e-03
5.772634621746530320e+04 5.450409362859087423e+02 8.440811168679486221e-01 1.500610396637270805e-01 5.857843468324306149e-03
5.773335479246530303e+04 5.237511369557757916e+02 7.847758334023787752e-01 2.097405267817512298e-01 5.483639815869966426e-03
5.773335686430559872e+04 4.924055139450269962e+02 6.912683125915639604e-01 3.039180306319579916e-01 4.813656776477932657e-03
5.773335891081020236e+04 4.743754137556730939e+02 6.417707418608418202e-01 3.537588917348964968e-01 4.470366404261834001e-03
5.774122674336809723e+04 4.301505710178460049e+02 5.607191143717236148e-01 4.351306060676273790e-01 4.150279560649106775e-03
5.774122955451389862e+04 4.245070809868967103e+02 5.349789305424820229e-01 4.611419682053916613e-01 3.879101252126474896e-03
5.774123162674769992e+04 4.361576942810793298e+02 5.589000432192358092e-01 4.370893614227220336e-01 4.010595358042312424e-03
5.774928157427079714e+04 5.055107894935669606e+02 7.673551480168621097e-01 2.270167805614954903e-01 5.628071421642315796e-03
5.774928362151620240e+04 5.101981462591103877e+02 7.698930482935536501e-01 2.245452117301329764e-01 5.561739976313365662e-03
5.774928569214120216e+04 5.199189570443598996e+02 7.972097273810277995e-01 1.970477659276080873e-01 5.742506691364059404e-03
5.775723207074069796e+04 5.117501288649764319e+02 7.776075579893647616e-01 2.167530451038689465e-01 5.639396906766288436e-03
5.775723414351850079e+04 5.209645791666048353e+02 7.912249772205207643e-01 2.031410957002085793e-01 5.633927079270777821e-03
5.775723621420140262e+04 5.489436974722628975e+02 8.764667798717470371e-01 1.173067350666959496e-01 6.226485061557012445e-03
5.776435706200230197e+04 5.048446169812154949e+02 7.152308733725973866e-01 2.798667724660811595e-01 4.902354161321385330e-03
5.776435913623840315e+04 4.892433045265910891e+02 6.725114879633791176e-01 3.228734529031035416e-01 4.615059133517535050e-03
5.776436118144680222e+04 5.107606589616077031e+02 7.305969668468232925e-01 2.644055827865827712e-01 4.997450366593962287e-03
5.777233828069439915e+04 4.155172278082100661e+02 6.039563309160094207e-01 3.908835390782478547e-01 5.160130005742746308e-03
5.777234032824070164e+04 4.143938997095003742e+02 6.011917388584703259e-01 3.936675057660386501e-01 5.140755375491067383e-03
5.777234237812500214e+04 4.242195430867220693e+02 6.350272739250251153e-01 3.594996554812374678e-01 5.473070593737448981e-03
5.777934543577550357e+04 4.553750551762610144e+02 7.802627091718383756e-01 2.125664370653871094e-01 7.170853762774532375e-03
5.777934750718750001e+04 4.621486759027310995e+02 7.992050608704073245e-01 1.934906044925987778e-01 7.304334636993948041e-03
5.777934957790510089e+04 4.718795452504626269e+02 8.387944055303148128e-01 1.534880990041180282e-01 7.717495465567169449e-03
5.778635136835650337e+04 4.732991741969646000e+02 7.549986747642479790e-01 2.387862194909071978e-01 6.215105744844846673e-03
5.778635344240740233e+04 4.747345508323637091e+02 7.612233789007886164e-01 2.324967577724130485e-01 6.279863326798354982e-03
5.778635548760420352e+04 4.926903779206874674e+02 8.130086323309703156e-01 1.803406304389592318e-01 6.650737230070436108e-03
5.779424990355320188e+04 4.168223030561923679e+02 5.756616061825119424e-01 4.196797418228848664e-01 4.658651994603191238e-03
5.779425195087960310e+04 4.088662820324805125e+02 5.519532839629833765e-01 4.435955921088717280e-01 4.451123928144864322e-03
5.779425399725689931e+04 4.201939557192102370e+02 5.798908434319581806e-01 4.154573618905961774e-01 4.651794677445715738e-03
5.780125410884260054e+04 3.871458293582464876e+02 5.259224165088868252e-01 4.695702277974616035e-01 4.507355693651645887e-03
5.792505839787040168e+04 5.998012986737701340e+02 8.191709139392576722e-01 1.762733151149112609e-01 4.555770945831098991e-03
5.792506044400460087e+04 5.810264938155369236e+02 7.709840460326496947e-01 2.247153787518176016e-01 4.300575215532797396e-03
5.793308914398150227e+04 5.590240274739117012e+02 8.113658547236084484e-01 1.834889703853201104e-01 5.145174891071502797e-03
5.793309119048609864e+04 5.573265977537366780e+02 8.008179464535386538e-01 1.941392077073275657e-01 5.042845839133776147e-03
5.793309323693290207e+04 5.950882751541504376e+02 9.088808297496846489e-01 8.542174368165740550e-02 5.697426568657890100e-03
5.794201711207180051e+04 4.396980880848645938e+02 6.102436678854176177e-01 3.850517067466902033e-01 4.704625367892156448e-03
5.794201918894679693e+04 4.536817271696339731e+02 6.492417822198122135e-01 3.457562834662848972e-01 5.001934313902869390e-03
5.794202124114579783e+04 4.445340743632198155e+02 6.224826574747158725e-01 3.727280425727424462e-01 4.789299952541626638e-03
5.794902135501160228e+04 4.579922796350537055e+02 7.797585754079265907e-01 2.131614509333861485e-01 7.079973658687314583e-03
5.794902342686340126e+04 4.520514211278227776e+02 7.373419502862191832e-01 2.561598980121614355e-01 6.498151701619327494e-03
5.794902547202550340e+04 4.672881689515786547e+02 7.856449631824673485e-01 2.074508787278146749e-01 6.904158089717868201e-03
5.795602554311339918e+04 5.316569883959107301e+02 7.171532824213942003e-01 2.784025690581933832e-01 4.444148520412449441e-03
5.795602759527780290e+04 5.325205512689304896e+02 7.237263693130797648e-01 2.717623101615179171e-01 4.511320525402482025e-03
5.795602964086810243e+04 5.632083006073721663e+02 8.068931857294572296e-01 1.880935379919812245e-01 5.013276278561591866e-03
5.796499293421299808e+04 1.951867351083272126e+02 3.027727238299346979e-01 6.913502106365814193e-01 5.877065533483797830e-03
5.796499498196759669e+04 2.629201455878800857e+02 3.949335871268354059e-01 5.995554428514809908e-01 5.510970021683565985e-03
5.759899642730320193e+04 4.963910072966122584e+02 7.325848408703863335e-01 2.620953545115601302e-01 5.319804618053560613e-03
5.772634212504629977e+04 5.445642900744404642e+02 8.339945081680467664e-01 1.602767968320073511e-01 5.728694999945836523e-03
5.780125618298610061e+04 3.837071396459101607e+02 5.122766188802375664e-01 4.833698971918949372e-01 4.353483927867598732e-03
5.792505632480319764e+04 5.884864713355352706e+02 7.960544568097023266e-01 1.994762357897762461e-01 4.469307400521487124e-03
5.796499702621530014e+04 nan nan nan nan
5.805532454843750020e+04 4.496150837741446935e+02 7.058506611522914476e-01 2.881296846529376454e-01 6.019654194770948652e-03
5.805532662721059751e+04 4.504278834551974455e+02 7.012891943988502907e-01 2.927901282231529789e-01 5.920677377996699103e-03
5.805532867262729997e+04 4.628633179976924339e+02 7.368081794533599682e-01 2.570026708746462329e-01 6.189149671993777156e-03
5.806233003357639973e+04 4.775375292963577181e+02 7.950557077303489484e-01 1.981739949661706079e-01 6.770297303480320508e-03
5.806233210521990259e+04 5.001143246126224540e+02 8.645151152986191301e-01 1.281863743096592623e-01 7.298510391721646680e-03
5.806233414921299845e+04 5.352407728715860458e+02 9.717410953767180448e-01 2.020826478582567198e-02 8.050639837456234627e-03
5.807035998547449708e+04 4.258671185819554239e+02 5.937747681357713470e-01 4.014770986404685993e-01 4.748133223760049419e-03
5.807036205874999723e+04 4.398824311465856454e+02 6.274732232185139535e-01 3.675569094149638283e-01 4.969867366522217299e-03
5.807036410302080185e+04 3.999399976353587363e+02 5.220907447593149397e-01 4.737469881384172576e-01 4.162267102267755772e-03
5.807925312800930260e+04 4.720439611704532012e+02 8.465355140556771740e-01 1.456093607768259302e-01 7.855125167496932251e-03
5.807925519999999960e+04 4.607228309585123043e+02 7.929175211921392075e-01 1.998480508193412608e-01 7.234427988519497033e-03
5.807925724394679855e+04 5.085009178702644590e+02 9.603157689540028352e-01 3.097314556952480979e-02 8.711085476472217939e-03
5.808635550745369983e+04 5.379727411804786925e+02 8.678374289242638540e-01 1.258065716504434273e-01 6.355999425292811582e-03
5.808635755370370316e+04 5.381368232593916900e+02 8.646225821639023090e-01 1.290722686900924454e-01 6.305149146005279391e-03
5.808635959826390172e+04 5.268933722124679662e+02 8.334497942061485087e-01 1.604388009631816381e-01 6.111404830669870530e-03
5.759899847901619796e+04 4.740068631837789326e+02 6.726640508825270093e-01 3.224171983905873007e-01 4.918750726885644069e-03
5.769131419668979652e+04 nan nan nan nan
5.769131626776619669e+04 nan nan nan nan
5.769131833840280160e+04 nan nan nan nan
5.769338602006940346e+04 nan nan nan nan
5.769338806991899764e+04 nan nan nan nan
5.769339011508099793e+04 nan nan nan nan
5.770134931630789652e+04 4.899610767817481474e+02 7.266223544099306153e-01 2.680058189874020003e-01 5.371826602667444280e-03
5.770135136431710271e+04 5.067520757920533470e+02 7.753985845210406014e-01 2.188828569289109072e-01 5.718558550048618086e-03
5.770135341181710100e+04 5.003089086368198082e+02 7.503746613958435230e-01 2.441311003861221240e-01 5.494238218034307869e-03
5.771135891380789690e+04 nan nan nan nan
5.771136096131939848e+04 1.806701032534497529e+02 2.680656678474321875e-01 7.265573642598586179e-01 5.376967892709197221e-03
5.771136301688660024e+04 2.839339964248083561e+02 3.653855170411978159e-01 6.305696973736574229e-01 4.044785585144819277e-03
5.771924791943289893e+04 4.777952737554821852e+02 8.131330504844180851e-01 1.797929151480575916e-01 7.074034367524324220e-03
5.771924999274309812e+04 5.011014590064048662e+02 8.681134109073008753e-01 1.245561627654949155e-01 7.330426327204190087e-03
5.771925203789350053e+04 4.982381367302172066e+02 8.519875980975161189e-01 1.408703952635555201e-01 7.142006638928437290e-03
