5.812536600854169956e+04 3.779126913263840493e+01 6.774388746139526143e-03 9.931471265700705375e-01 7.848468378984065693e-05
5.780125822796300054e+04 3.248143815227334841e+01 5.769314778456352544e-03 9.941536293729834606e-01 7.705584856006627529e-05
5.769131626776619669e+04 nan nan nan nan
5.771924999274309812e+04 4.606366814547849486e+01 1.016941434353282707e-02 9.897115430342627862e-01 1.190426222042672650e-04
5.808635755370370316e+04 4.075971510031115486e+01 7.255985457313609242e-03 9.926666114765120286e-01 7.740306617429936137e-05
5.796499293421299808e+04 1.396015506886171842e+01 2.210621658835338569e-03 9.977281325860359873e-01 6.124575512867320114e-05
5.770135136431710271e+04 4.814599446529752669e+01 1.040966072612500674e-02 9.894761617910909912e-01 1.141774827839328550e-04
5.827812689575229888e+04 2.763740677343006880e+01 6.410788800054035771e-03 9.934577928546015624e-01 1.314183453443015846e-04
5.814732594024309947e+04 4.601579801939060133e+01 1.071507778462172863e-02 9.891524867271258570e-01 1.324354882524119727e-04
5.825323005146990181e+04 3.941778306600017601e+01 9.096139529716272196e-03 9.907737963601271902e-01 1.300641101564449671e-04
5.752321720414349693e+04 1.200463743829477181e+01 2.315896958312444603e-03 9.975932021788846971e-01 9.090086280282232525e-05
5.785705753340280353e+04 3.198174002317926146e+00 3.856671461252459830e-04 9.995788148338247137e-01 3.551802005005316482e-05
5.816135376030090265e+04 4.606274904957665228e+01 1.148755591435443070e-02 9.883605351898596680e-01 1.519088957859816564e-04
5.779425399725689931e+04 3.743023808728388246e+01 7.201876072531415186e-03 9.927077020030742327e-01 9.042192439427597611e-05
5.832900795686340280e+04 3.234750959262878212e+01 6.571152285325712952e-03 9.933280550329461889e-01 1.007926817280269962e-04
5.777934957790510089e+04 4.243576178866557314e+01 1.065415401945637303e-02 9.891918882243985189e-01 1.539577561452337511e-04
5.813236809641199943e+04 4.737945696314056221e+01 1.127465974622161686e-02 9.885870300032061353e-01 1.383102505721672858e-04
5.756912210134259658e+04 3.720549563056940201e+01 8.318233637336856431e-03 9.915596776042707727e-01 1.220887583923830060e-04
5.777934750718750001e+04 4.224198003976906790e+01 1.059366261404134230e-02 9.892527231808591059e-01 1.536142050995146255e-04
5.776436118144680222e+04 4.589136975435320664e+01 9.668304746109362621e-03 9.902232860243997958e-01 1.084092294907934188e-04
5.750803268356480112e+04 6.198297256168736880e+01 1.468637223340191027e-02 9.851765042635507452e-01 1.371235030472403192e-04
5.776435706200230197e+04 4.646586544531674434e+01 9.855665284376658938e-03 9.900344514728590672e-01 1.098832427641841262e-04
5.771136301688660024e+04 2.017972691590595602e+01 2.642192920569931720e-03 9.973159348469504693e-01 4.187223247964144885e-05
5.792505839787040168e+04 7.036876475465454917e+01 1.710234979673034075e-02 9.827533791004220420e-01 1.442711028474956175e-04
5.824427684101850173e+04 1.130584422744912665e+01 9.380427483812369066e-04 9.990451434119026475e-01 1.681383971616961785e-05
5.754706797363430087e+04 5.275526562869268332e+01 1.275616342942411524e-02 9.871010339562688030e-01 1.428026143069436715e-04
5.775723621420140262e+04 5.365448020518701355e+01 1.229827883282171193e-02 9.875733982204240036e-01 1.283229467542130813e-04
5.778635548760420352e+04 4.655833378372975062e+01 1.100687445080441793e-02 9.888566167006233032e-01 1.365088485720648576e-04
5.788727544106479763e+04 3.001733526114753303e+01 4.545566713314890678e-03 9.953984240779191195e-01 5.600920876609646995e-05
5.811735423478009761e+04 5.084064084842520259e+01 1.212781439222325452e-02 9.877331997255686113e-01 1.389858822080505883e-04
5.822235129023149784e+04 3.876069173883038843e+01 8.824281152688059904e-03 9.910491277184779735e-01 1.265911288339210787e-04
5.759899847901619796e+04 5.011081295835958827e+01 1.119307978459673815e-02 9.886850594395111269e-01 1.218607758921567188e-04
5.825323209668979689e+04 3.931254506665201376e+01 9.118208730354963182e-03 9.907503945947881974e-01 1.313966748568614338e-04
5.791098589741899923e+04 5.806463121616821610e+01 1.185697987134616202e-02 9.880411721396906710e-01 1.018479889631288536e-04
5.777234237812500214e+04 3.725616661592966494e+01 7.390934591869846582e-03 9.925129418097023981e-01 9.612359842768616294e-05
5.791098384990740306e+04 5.779479884328124939e+01 1.173938451831843359e-02 9.881598432723927017e-01 1.007722092887910809e-04
5.793309323693290207e+04 6.159691655953157863e+01 1.437596217430422985e-02 9.854909974279788543e-01 1.330403977167923747e-04
5.755421627608800191e+04 6.684655904901877221e+00 7.917331024103818008e-04 9.991740037600204127e-01 3.426313756911704813e-05
5.796499498196759669e+04 2.028622013749131980e+01 3.409319110534534281e-03 9.965216949354099851e-01 6.898595405546360966e-05
5.791804778619210265e+04 2.824685445831225650e+01 6.655406895839310714e-03 9.932090002891140745e-01 1.355928150465486430e-04
5.755421834906250297e+04 1.354803631084879179e+01 1.775491905351330715e-03 9.981825599915822300e-01 4.194810306649941214e-05
5.758399652326390060e+04 4.350828086459770816e+01 9.204082454852709899e-03 9.906866113464061208e-01 1.093061987411854012e-04
5.752321513501159643e+04 1.752405063123709539e+01 3.377601626724272346e-03 9.965316632384952911e-01 9.073513478046397508e-05
5.832900588675930339e+04 3.263642924407208312e+01 6.678570641777434140e-03 9.932191496660848218e-01 1.022796921377627403e-04
5.771135891380789690e+04 5.267552126829558645e+00 6.568372745834650823e-04 9.993051852987502315e-01 3.797742666630325975e-05
5.820532913385419670e+04 4.121807138696381401e+01 9.726977245489818943e-03 9.901370010844720015e-01 1.360216700380622017e-04
5.828621623447920138e+04 3.358842706274506185e+01 8.019910277895742762e-03 9.918408422487924314e-01 1.392474733117350779e-04
5.819023105809029948e+04 4.689557682870280075e+01 1.158117836379560922e-02 9.882698617357953408e-01 1.489599004090113427e-04
5.758399242811340082e+04 4.267837408936335919e+01 9.029827934247738885e-03 9.908608341338823733e-01 1.093379318697374083e-04
5.793308914398150227e+04 6.144329217482938787e+01 1.441660637576206924e-02 9.854489300151573206e-01 1.344636090804809329e-04
5.829517626560189819e+04 2.095086842114929837e+01 3.179684331465661672e-03 9.967640567224769210e-01 5.625894605753463520e-05
5.777234032824070164e+04 3.704713109324766407e+01 7.274977192926273227e-03 9.926308378064383486e-01 9.418500063528087039e-05
5.812536396336810139e+04 3.837518972610389767e+01 6.980493586275354594e-03 9.929386901384369413e-01 8.081627528769547814e-05
5.769131419668979652e+04 nan nan nan nan
5.806233414921299845e+04 3.082102678245185601e+01 4.936315616777826876e-03 9.950010317583583008e-01 6.265262486390260057e-05
5.826023422604169900e+04 2.229061046390955259e+00 5.216255235361323683e-04 9.993446221393962325e-01 1.337523370675662441e-04
5.819022696206020191e+04 4.548613571213955709e+01 1.117900249690902126e-02 9.886734690944668502e-01 1.475284086241900278e-04
5.756209657984950172e+04 4.374052359803366841e+01 8.755872330105723619e-03 9.911462556564107906e-01 9.787201348334149216e-05
5.781718846579860110e+04 4.783680996735577651e+01 1.170331245609601209e-02 9.881504964837196647e-01 1.461910601843663035e-04
5.818237350934030110e+04 2.419529977183559666e+01 3.172147531770851472e-03 9.967858695737392694e-01 4.198289448982448049e-05
5.751604011126160185e+04 5.116369525981519928e+01 1.214056770165758935e-02 9.877219072455932780e-01 1.375250527490976470e-04
5.792505632480319764e+04 6.970399109514099223e+01 1.692217106669852492e-02 9.829338746777399605e-01 1.439542555614362822e-04
5.778635344240740233e+04 4.586748081348204664e+01 1.078205477765625461e-02 9.890829802938665427e-01 1.349649284772393241e-04
5.774122955451389862e+04 3.841555158284430860e+01 6.859830285860644972e-03 9.930622871515245587e-01 7.788256261475805600e-05
5.823725831040510093e+04 nan nan nan nan
5.794902342686340126e+04 4.411915646842806638e+01 1.009643596834308363e-02 9.897756525802626770e-01 1.279114513941205164e-04
5.773335891081020236e+04 3.959104640689417209e+01 6.972007705667753949e-03 9.929522480926020744e-01 7.574420173009118048e-05
5.759899435380790237e+04 4.922604566666822024e+01 1.090226832703564651e-02 9.889779276311935208e-01 1.198040417707965725e-04
5.770135341181710100e+04 4.929405032608934789e+01 1.080012266205174730e-02 9.890826318860888033e-01 1.172454518594225525e-04
5.752321306202549749e+04 8.595393537430787489e+00 1.547474365010423651e-03 9.983733588455614427e-01 7.916678942810172616e-05
5.815435159636569733e+04 1.537106928474175227e+01 2.049287826525768297e-03 9.979072986137946799e-01 4.341355967956839603e-05
5.759101543976849644e+04 4.260002050994432210e+01 9.072420656877884862e-03 9.908168011242560747e-01 1.107782188658627050e-04
5.759899642730320193e+04 5.017062694927793842e+01 1.115808847010150637e-02 9.887211000562845520e-01 1.208114736139155072e-04
5.788727751406250172e+04 1.715197329783924829e+01 2.361012524616427129e-03 9.975927071892870535e-01 4.628028609657561319e-05
5.809433617457179935e+04 4.496493338902516257e+01 8.967279054875211888e-03 9.909355802743599062e-01 9.714067076480140421e-05
5.813237014164349966e+04 4.609728665636560407e+01 1.074557949896406614e-02 9.891217004334902363e-01 1.327200675455924542e-04
5.807925519999999960e+04 4.273993604650106448e+01 9.258171951623617515e-03 9.906272212484203976e-01 1.146067999558974561e-04
5.796499702621530014e+04 5.001867374120704035e+00 7.129825027434507365e-04 9.992373901528114333e-01 4.962734444508481784e-05
5.791804983322919725e+04 3.748862389025337194e+01 8.854522666121114952e-03 9.910092202948308504e-01 1.362570390478702229e-04
5.780937075761570304e+04 4.001297253282648825e+01 9.748101697582984768e-03 9.901069323184434889e-01 1.449659839735693097e-04
5.789498804668980301e+04 6.841060954159972596e+01 1.577160712569304971e-02 9.840985755608436802e-01 1.298173134631881124e-04
5.781719258413190255e+04 4.826335094301091289e+01 1.183855159564216157e-02 9.880144915538615624e-01 1.469568504962811021e-04
5.824427891273149726e+04 1.206390616369202640e+01 1.003392252146332111e-03 9.989797113851958121e-01 1.689636265769357777e-05
5.787822373693290137e+04 6.713608849249101240e+01 1.398456410327945411e-02 9.859094584539502826e-01 1.059774427701235357e-04
5.827812482775459648e+04 2.849714854373859652e+01 6.698606519251906408e-03 9.931664369951775928e-01 1.349564855703639331e-04
5.832110642223380273e+04 nan nan nan nan
5.780936665247679775e+04 4.012817981465206429e+01 9.811563238520722846e-03 9.900424191870368373e-01 1.460175744425568577e-04
5.811735631356480008e+04 5.054480582534767308e+01 1.197791275438685014e-02 9.878849242811389431e-01 1.371629644741238015e-04
5.817536505616900104e+04 4.243085147510763022e+01 1.018492605540481828e-02 9.896743461429153843e-01 1.407278016796272198e-04
5.827812278018520010e+04 2.634583331098247427e+01 6.177156035940319784e-03 9.936885733728475500e-01 1.342705912119746404e-04
5.774928362151620240e+04 5.502806163991388644e+01 1.334319606063735265e-02 9.865131958375725763e-01 1.436081017900669738e-04
5.816835994937500072e+04 4.783303464246079528e+01 1.179971018038325492e-02 9.880516570915490737e-01 1.486327280676888430e-04
5.826023629657409765e+04 1.962176102221145468e+00 4.629401797813541470e-04 9.994011028665854557e-01 1.359569536330546956e-04
5.814031619839119958e+04 5.111991435300029707e+01 1.243682535949700539e-02 9.874186085376130961e-01 1.445661028897468506e-04
5.806233003357639973e+04 3.015397763489626826e+01 4.812121391385795234e-03 9.951256755745039317e-01 6.220303411033368526e-05
5.756209248620369908e+04 4.291365357230639432e+01 8.592087618722901027e-03 9.913100008034156918e-01 9.791157786124986327e-05
5.780936871119210264e+04 3.988796598137305693e+01 9.692032254579808354e-03 9.901637649906406269e-01 1.442027547794289119e-04
5.779425195087960310e+04 3.697960718978047368e+01 7.133325689161678501e-03 9.927757903687628449e-01 9.088394207542175901e-05
5.818237133792819805e+04 2.475839399750470449e+01 3.245478528436158538e-03 9.967125513547726579e-01 4.197011679129579101e-05
5.786411054701390094e+04 4.435310080537845323e+01 1.076417738946520292e-02 9.890919621804845629e-01 1.438604300500970364e-04
5.774122674336809723e+04 3.663503035943784170e+01 6.413753823936131464e-03 9.935113845771530450e-01 7.486159891081232878e-05
5.794202124114579783e+04 4.098517743120819290e+01 7.875727456792195116e-03 9.920340831727595399e-01 9.018937044814056040e-05
5.751604215731479781e+04 6.145561807342957650e+01 1.474860391282048835e-02 9.851107245347967556e-01 1.406715523826388521e-04
5.817536710152780142e+04 4.262728494173223481e+01 1.023945459859861712e-02 9.896196145932526500e-01 1.409308081487057999e-04
5.815434955232639913e+04 1.235606499922488410e+01 1.587023161170974259e-03 9.983726834496642333e-01 4.029338916474809736e-05
5.756911800738429883e+04 4.400297726766576289e+01 9.822697956479111217e-03 9.900555923713670881e-01 1.217096721537118224e-04
5.753022130751160148e+04 4.109918132871965923e+01 7.037420188444352097e-03 9.928909674064225754e-01 7.161240513310225520e-05
5.829518035386569682e+04 2.082121739703381635e+01 3.112279416075187672e-03 9.968331482459127368e-01 5.457233801212173593e-05
5.813236604783560324e+04 4.756011098847254459e+01 1.142411332796879932e-02 9.884349620354616617e-01 1.409246365693512756e-04
5.795602759527780290e+04 5.989192565734207818e+01 1.356373673635726668e-02 9.863109924820940844e-01 1.252707815485891365e-04
5.807925724394679855e+04 4.307327742981890140e+01 9.422126846766975400e-03 9.904610013637656918e-01 1.168717894671545044e-04
5.831410002775459725e+04 3.302807093001305105e+01 7.419116478486252261e-03 9.924576395744643120e-01 1.232439470493036833e-04
5.777233828069439915e+04 3.616780226833156320e+01 6.941103324716738424e-03 9.929689385458572159e-01 8.995812942597867764e-05
5.795602964086810243e+04 5.970837936138588731e+01 1.341805714465417118e-02 9.864585936533235566e-01 1.233492020221668185e-04
5.826023217620370269e+04 1.349002245317197080e+01 3.131287751066581283e-03 9.967371145637028418e-01 1.315976852305118252e-04
5.815434747914350010e+04 1.040081424813644873e+01 1.274956519360172106e-03 9.986883419899175163e-01 3.670149072237344841e-05
5.774928157427079714e+04 5.449563579186148132e+01 1.324292228114503506e-02 9.866128423232540801e-01 1.442353956008395933e-04
5.790323764157410187e+04 5.104564853532941981e+01 1.142974428138395643e-02 9.884477988321136444e-01 1.224568865023205615e-04
5.827022672664350102e+04 nan nan nan nan
5.769338602006940346e+04 nan nan nan nan
5.830709591488430306e+04 3.489311443400990953e+01 8.056162401061540274e-03 9.918136395151949669e-01 1.301980837434619695e-04
5.822936072609949770e+04 3.424621221001398652e+01 7.587172037341306796e-03 9.922929436346096255e-01 1.198843280488801131e-04
5.773335686430559872e+04 4.307736778562784963e+01 8.257729425818986085e-03 9.916525172344085037e-01 8.975333977248429692e-05
5.754707211745370296e+04 5.299104882890159018e+01 1.280018696678043855e-02 9.870572997870095122e-01 1.425132462099701184e-04
5.772634417016200314e+04 5.239620916373244341e+01 1.240516716399587410e-02 9.874579234746738710e-01 1.369093613302167507e-04
5.788727339337959711e+04 2.825836264341248949e+01 4.239006057964392858e-03 9.957060320438773093e-01 5.496189815836914801e-05
5.816835790402779821e+04 4.842409167355795319e+01 1.204185032095513898e-02 9.878071099770225905e-01 1.510397020223708741e-04
5.769131833840280160e+04 nan nan nan nan
5.780125618298610061e+04 3.265554682294201427e+01 5.862784138288465972e-03 9.940584892565221820e-01 7.872660518925021301e-05
5.808635959826390172e+04 3.649676358024282763e+01 5.807314052692283748e-03 9.941308459368936035e-01 6.184001041427704317e-05
5.795602554311339918e+04 5.965907619547495244e+01 1.341235845105990913e-02 9.864641933119635553e-01 1.234482369763636501e-04
5.755422042105319997e+04 1.121908468532138770e+01 1.443751532601648610e-03 9.985158004069737414e-01 4.044806042468821882e-05
5.772634212504629977e+04 5.244292346999566234e+01 1.238883858681421625e-02 9.874748553926699923e-01 1.363060205157500882e-04
5.816135163695600204e+04 4.609467843226359918e+01 1.145792890817555303e-02 9.883911540428479414e-01 1.509170489765474053e-04
5.786411466642360028e+04 4.322219478167993145e+01 1.021433593980328701e-02 9.896492578072062507e-01 1.364062529904362664e-04
5.770134931630789652e+04 4.911501654878122025e+01 1.085957841984355222e-02 9.890210159020822456e-01 1.194056780741269440e-04
5.774928569214120216e+04 5.489321175137285280e+01 1.331670782439690545e-02 9.865395500389924077e-01 1.437421366106849297e-04
5.778635136835650337e+04 4.588228894438059058e+01 1.069400522093824461e-02 9.891733108664916285e-01 1.326839125700253821e-04
5.816835585621529754e+04 4.821072342428306001e+01 1.197003853286823100e-02 9.878793938985718226e-01 1.505675685599692571e-04
5.809433412939820118e+04 4.417433416491329012e+01 8.709245612904838868e-03 9.911958145046660951e-01 9.493988242896429775e-05
5.751604420141199807e+04 6.083308518761668893e+01 1.446363519036718628e-02 9.853982936824198235e-01 1.380711272129434128e-04
5.775723414351850079e+04 5.404712768617482510e+01 1.245127175494181899e-02 9.874190969607320456e-01 1.296312843261445845e-04
5.792506044400460087e+04 6.977904588578256551e+01 1.687095169017415255e-02 9.829862718047794878e-01 1.427765050463486039e-04
5.759101748648149805e+04 3.022415298995611721e+01 5.956914713753428542e-03 9.939482080285012566e-01 9.487725774517613369e-05
5.791805190278939699e+04 4.784886794393852938e+01 1.147874133969027134e-02 9.883806950698977856e-01 1.405635904119379158e-04
5.814732800942129688e+04 4.754207691061669294e+01 1.137396482900923655e-02 9.884862390572580759e-01 1.397961137325540019e-04
5.756209453456020128e+04 4.419232434690159295e+01 8.951562663693530403e-03 9.909482225832523250e-01 1.002147530541850902e-04
5.832110846770829812e+04 nan nan nan nan
5.790323971211809840e+04 5.539955218596354314e+01 1.247186061929276765e-02 9.874043516430006662e-01 1.237877377064420885e-04
5.819815355579859897e+04 4.520376454343277572e+01 1.121927670216914946e-02 9.886302677704986719e-01 1.504555273322205557e-04
5.811735835869210132e+04 4.934239462111671770e+01 1.138046543703374359e-02 9.884896052204650285e-01 1.299293425010672302e-04
5.812536191586810310e+04 3.830470705720902203e+01 6.984858644981275025e-03 9.929339259172732524e-01 8.121543774542980319e-05
5.807925312800930260e+04 4.187862833093044657e+01 9.032321998234602023e-03 9.908540614608364328e-01 1.136165409288845344e-04
5.808635550745369983e+04 4.394978850944931992e+01 8.510638651404682856e-03 9.913977733938730275e-01 9.158795472212636409e-05
5.753021926346060354e+04 4.106937205830697479e+01 7.042325606091010166e-03 9.928858579802254392e-01 7.181641368359236452e-05
5.809433205741900019e+04 4.394997969807837279e+01 8.647124462684110599e-03 9.912583272427634151e-01 9.454829455246231272e-05
5.825322797965280188e+04 3.948766113358519902e+01 9.116250438051459043e-03 9.907535716474552556e-01 1.301779144931868352e-04
5.774123162674769992e+04 3.889672924221212469e+01 6.941624616109355779e-03 9.929805853933910686e-01 7.778999049946486112e-05
5.823726240335650073e+04 nan nan nan nan
5.822936277232639986e+04 3.406752906289879945e+01 7.578445809650593591e-03 9.923006874900686114e-01 1.208667002807452208e-04
5.786411259569440153e+04 4.395998867306584401e+01 1.058304310661065985e-02 9.892753991523910440e-01 1.415577409981551152e-04
5.771925203789350053e+04 4.719168200749262354e+01 1.070844114371366160e-02 9.891657969153070384e-01 1.257619409792870883e-04
5.785705957910879806e+04 nan nan nan nan
5.827022465368059784e+04 nan nan nan nan
5.816135583026619861e+04 4.586818129003259514e+01 1.143361961367832767e-02 9.884146152293777909e-01 1.517651569439424286e-04
5.794201711207180051e+04 4.052824429706865317e+01 7.711021576282994609e-03 9.922005613997145756e-01 8.841702400235967418e-05
5.794201918894679693e+04 4.094193379016562773e+01 7.890558974254441651e-03 9.920187203087444949e-01 9.072071700101647356e-05
5.832900381342590117e+04 3.281892826650195616e+01 6.787492383159737450e-03 9.931080361823103608e-01 1.044714345298460885e-04
5.794902135501160228e+04 4.247677122711705522e+01 9.751193954108517900e-03 9.901200877647694520e-01 1.287182811219173809e-04
5.823726035914350359e+04 nan nan nan nan
5.789498600013890245e+04 6.895386694041701503e+01 1.601256776743704979e-02 9.838557181092538739e-01 1.317141233089540642e-04
5.777934543577550357e+04 4.266342061517700301e+01 1.078754555296203461e-02 9.890562974040275623e-01 1.561570430104286631e-04
5.831410411701389967e+04 3.306070591330264108e+01 7.390122990543600105e-03 9.924878357377024951e-01 1.220412717538056895e-04
5.819815770527780114e+04 4.582291539391847124e+01 1.142627735884326791e-02 9.884218527341969152e-01 1.518699069598576992e-04
5.753021721699069894e+04 4.110490605031566247e+01 7.093082122287859212e-03 9.928341884293965247e-01 7.272944831567490856e-05
5.814031824292820238e+04 5.132280145639860791e+01 1.245994532318815511e-02 9.873960955507649073e-01 1.439591260468780760e-04
5.779424990355320188e+04 3.685012381238578172e+01 7.076223966929553327e-03 9.928337116922987260e-01 9.006434077162831962e-05
5.822235540826390206e+04 3.865379026686383668e+01 8.817509381864230625e-03 9.910553936103675410e-01 1.270970077681723152e-04
5.820533327646990074e+04 4.176148293346906826e+01 9.928980520322438358e-03 9.899329539922341326e-01 1.380654874432151727e-04
5.805532454843750020e+04 3.819865606386506585e+01 8.277957318837902978e-03 9.916073388732551397e-01 1.147038079069085580e-04
5.829517830981480074e+04 2.151483622984599009e+01 3.255859698314236567e-03 9.966882053957906162e-01 5.593490589521562270e-05
5.787822169053240214e+04 6.787365587515527920e+01 1.429544121778793253e-02 9.855962109364770907e-01 1.083478457350121990e-04
5.807036205874999723e+04 3.318853732641748877e+01 5.120445540092977664e-03 9.948214155460115560e-01 5.813891389554613136e-05
5.769339011508099793e+04 nan nan nan nan
5.831410207297449961e+04 3.292985568260307616e+01 7.333441055738296362e-03 9.925454256318070323e-01 1.211333124546878898e-04
5.832110434920139960e+04 nan nan nan nan
5.820533120576389774e+04 4.090828596344793766e+01 9.665127668785664788e-03 9.901985332820545382e-01 1.363390491596684932e-04
5.814732389353009785e+04 4.433998671085958421e+01 9.945605781094291400e-03 9.899315091827628477e-01 1.228850361428743244e-04
5.750803061267360317e+04 5.956017619583069234e+01 1.369879756021687330e-02 9.861719970636149135e-01 1.292053761680784238e-04
5.776435913623840315e+04 4.612164102335624705e+01 9.733482001377002577e-03 9.901577366109006739e-01 1.087813877223470812e-04
5.750802856400459859e+04 6.059088115240805195e+01 1.421176215096883050e-02 9.856538657933263670e-01 1.343720557046624881e-04
5.819815560798609658e+04 4.552617475698448857e+01 1.138806611415959374e-02 9.884591050607672846e-01 1.528288250731494853e-04
5.769338806991899764e+04 nan nan nan nan
5.781719053767360310e+04 4.800045179887221991e+01 1.179707655562496280e-02 9.880553915964788159e-01 1.475318478961553943e-04
5.805532867262729997e+04 3.867601774061893138e+01 8.450077156576878482e-03 9.914333317207062457e-01 1.165911227168128219e-04
5.817536914803239779e+04 4.301362757817676652e+01 1.039979942864933775e-02 9.894574212139723990e-01 1.427793573780958085e-04
5.787822578078699735e+04 6.706232431707340425e+01 1.402202422749594321e-02 9.858711952946276336e-01 1.067804778763396323e-04
5.814031412269680004e+04 5.085344515093800055e+01 1.226402905971057423e-02 9.875939170217076235e-01 1.420539185817149821e-04
5.819022900959489925e+04 4.645276140700609346e+01 1.144256255023674146e-02 9.884092364424850174e-01 1.482010072782223630e-04
5.806233210521990259e+04 3.025871565941848829e+01 4.844506209711541694e-03 9.950928863871580932e-01 6.260740313039628497e-05
5.775723207074069796e+04 5.167159581991177930e+01 1.161071602644125032e-02 9.882659615944027198e-01 1.233223791559287768e-04
5.780125410884260054e+04 3.298806008083271024e+01 6.015498541728414063e-03 9.939032825149411998e-01 8.121894333037761864e-05
5.791098794153940253e+04 5.813169519120411621e+01 1.174263789815360205e-02 9.881576993213201376e-01 9.966278052613438906e-05
5.771924791943289893e+04 4.495481947521560784e+01 1.000700559216380521e-02 9.898719670907750734e-01 1.210273170609649311e-04
5.822935865428239777e+04 3.428682204817054213e+01 7.594059085025997753e-03 9.922861231776982649e-01 1.198177372757099605e-04
5.830709796201389690e+04 3.482101165976992974e+01 8.041269708590596116e-03 9.918284753747047544e-01 1.302549167045266088e-04
5.805532662721059751e+04 3.857164443779228691e+01 8.429612164954925976e-03 9.914537319869953791e-01 1.166558480496482196e-04
5.794902547202550340e+04 4.356134316130287942e+01 9.913158184073407597e-03 9.899603538568788608e-01 1.264879590477565718e-04
5.756912005475690239e+04 4.310165220326273072e+01 9.526818247626812550e-03 9.903538556211133326e-01 1.193261312599070936e-04
5.758399447690969828e+04 4.249417940791593651e+01 8.909377396580460753e-03 9.909832574239576530e-01 1.073651794617413112e-04
5.773335479246530303e+04 4.616651856615909821e+01 9.527295370960890339e-03 9.903686856359625867e-01 1.040189930764272091e-04
5.790323556789349823e+04 5.330661327597530885e+01 1.201081304316049814e-02 9.878651902166261101e-01 1.239967402133942379e-04
5.772634621746530320e+04 5.125811734010755316e+01 1.189455138992892569e-02 9.879739265904577961e-01 1.315220196131661450e-04
5.807036410302080185e+04 2.918766365522413508e+01 3.923098681910287648e-03 9.960327760419689369e-01 4.412527612087042609e-05
5.771136096131939848e+04 1.128747873588369366e+01 1.444911608632764959e-03 9.985150647768349375e-01 4.002361453232562716e-05
5.793309119048609864e+04 6.097977632952324001e+01 1.421486414364925288e-02 9.856524143171786490e-01 1.327215391720164739e-04
5.830710000846059847e+04 3.488076010424628493e+01 8.018713856987836827e-03 9.918522042907065295e-01 1.290818523055212912e-04
5.822235336199070298e+04 3.874414223231749332e+01 8.774671834744413729e-03 9.911000494466377653e-01 1.252787186178264752e-04
5.759101953285880154e+04 3.577397848651567358e+01 7.158509321124943009e-03 9.927436907939859445e-01 9.779988488894940412e-05
5.824427479357639822e+04 1.184187694476274366e+01 9.777518449187211531e-04 9.990055970202450508e-01 1.665113483613786760e-05
5.785705548473379895e+04 1.281254045520240403e+01 1.735299903290694890e-03 9.982198971867121129e-01 4.480290999729799026e-05
5.818236926697919989e+04 2.472712198421434948e+01 3.244711748369720310e-03 9.967132317894303872e-01 4.205646219989032502e-05
5.754707007224539848e+04 5.316619576677421577e+01 1.278561196738630355e-02 9.870731344393214313e-01 1.412535932921307670e-04
5.789499009097219823e+04 7.006405389730339550e+01 1.630744020384994677e-02 9.835602449114809742e-01 1.323148846690149860e-04
5.827022877195599722e+04 nan nan nan nan
5.807035998547449708e+04 3.719860689731050485e+01 6.442014570389096445e-03 9.934847337324691496e-01 7.325169714168028778e-05
