5.750802856400459859e+04 4.337426882810052575e+02 7.405444264622156325e-01 2.523358105146254471e-01 7.119763023158937748e-03
5.750803061267360317e+04 4.261418665171822227e+02 7.146709600082328251e-01 2.784594391980678152e-01 6.869600793699419568e-03
5.750803268356480112e+04 4.479991009447983288e+02 7.840786302608422353e-01 2.084398024366339308e-01 7.481567302523873739e-03
5.751604011126160185e+04 4.481788786220906218e+02 9.771061973013390745e-01 1.128443941860948936e-02 1.160936328005138587e-02
5.751604215731479781e+04 4.840085604254931013e+02 9.595418996876331486e-01 3.085858206818178906e-02 9.599518244185083204e-03
5.751604420141199807e+04 4.822431309201222689e+02 9.592958076298775394e-01 3.103921971858616957e-02 9.664972651536356957e-03
5.752321306202549749e+04 9.248149518786841838e+01 2.118515664572645230e-01 7.753315832656352269e-01 1.281685027710023281e-02
5.752321513501159643e+04 1.957833747502106974e+02 4.974062427714903145e-01 4.868285937050352841e-01 1.576516352347432162e-02
5.752321720414349693e+04 1.389125511750647490e+02 3.653435408599724488e-01 6.177618740906882788e-01 1.689458504933924118e-02
5.753021721699069894e+04 2.697763232074770485e+02 3.722414170242845377e-01 6.231084073029559134e-01 4.650175672759513344e-03
5.753021926346060354e+04 2.531363596352319973e+02 3.274939171507633140e-01 6.684179495108616420e-01 4.088133338375253903e-03
5.753022130751160148e+04 2.844477685093597188e+02 4.135549287385522077e-01 5.812822275657514304e-01 5.162843695696385342e-03
5.754706797363430087e+04 3.875933422499238645e+02 7.947497197822028792e-01 1.949810997305762295e-01 1.026918048722097986e-02
5.754707007224539848e+04 3.990235143844345771e+02 8.365018652501055030e-01 1.527640632026435186e-01 1.073407154725103743e-02
5.754707211745370296e+04 4.006902438346195936e+02 8.450967910766364888e-01 1.440383771588229223e-01 1.086483176454058203e-02
5.755421627608800191e+04 nan nan nan nan
5.755422042105319997e+04 6.249706802987631704e+01 7.461957900255881959e-02 9.218985398785416452e-01 3.481881118899706525e-03
5.756209248620369908e+04 3.159657667553569240e+02 5.528110887476916924e-01 4.397123642906572982e-01 7.476546961650988588e-03
5.756209453456020128e+04 3.232404779470002723e+02 5.711147012291193370e-01 4.212605974535135189e-01 7.624701317367116316e-03
5.756209657984950172e+04 3.203685750963138048e+02 5.582061434926135490e-01 4.343787560069505282e-01 7.415100500435949614e-03
5.756911800738429883e+04 3.790837564061430953e+02 9.161701483931951051e-01 6.956361048093225030e-02 1.426624112587258041e-02
5.756912005475690239e+04 3.861848064143729857e+02 9.712048652179872121e-01 1.334760757505065037e-02 1.544752720696203167e-02
5.756912210134259658e+04 3.309022708527375585e+02 8.425204201163600803e-01 1.416456392189867908e-01 1.583394066465321215e-02
5.758399242811340082e+04 3.041838082165418768e+02 5.536886079788471138e-01 4.382188189832125214e-01 8.092573037940231293e-03
5.758399447690969828e+04 2.833882704972829742e+02 4.755631028585171061e-01 5.175586116227050004e-01 6.878285518777840606e-03
5.758399652326390060e+04 3.013314748595693118e+02 5.311722602622453993e-01 4.612383052657765270e-01 7.589434471978228139e-03
5.759101543976849644e+04 2.991464800271619993e+02 5.309075967569656385e-01 4.613993679925393332e-01 7.693035250495050027e-03
5.759101748648149805e+04 2.243444061185385578e+02 3.985310971802930036e-01 5.937612600785999728e-01 7.707642741107049653e-03
5.759101953285880154e+04 2.586253312662600479e+02 4.468404936677519146e-01 5.458684481651483456e-01 7.291058167099831802e-03
5.759899435380790237e+04 3.903523723397701133e+02 7.777197462057556798e-01 2.125849763322653629e-01 9.695277461978861824e-03
5.759899642730320193e+04 3.879557390966231765e+02 7.622575328142574547e-01 2.283134435359385761e-01 9.429023649803950149e-03
5.769131419668979652e+04 nan nan nan nan
5.769131626776619669e+04 nan nan nan nan
5.769131833840280160e+04 nan nan nan nan
5.769338602006940346e+04 nan nan nan nan
5.769338806991899764e+04 nan nan nan nan
5.769339011508099793e+04 nan nan nan nan
5.770134931630789652e+04 3.878103215644384250e+02 7.869240487877668944e-01 2.030192732034741265e-01 1.005667800875905370e-02
5.770135136431710271e+04 4.081447104295634745e+02 8.616014197346137937e-01 1.275139895305639204e-01 1.088459073482232232e-02
5.770135341181710100e+04 3.826676987093583193e+02 7.473572695006610589e-01 2.433264929415031308e-01 9.316237557835926539e-03
5.771135891380789690e+04 nan nan nan nan
5.771136096131939848e+04 1.926772146310518963e+02 4.981393031671000338e-01 4.855351199742867774e-01 1.632557685861307784e-02
5.771136301688660024e+04 2.979896244453381087e+02 6.628275686101150477e-01 3.250879928224637561e-01 1.208443856742111300e-02
5.771924791943289893e+04 3.555244690403438881e+02 8.460951586017378956e-01 1.400715009930469657e-01 1.383334040521514048e-02
5.771924999274309812e+04 3.813530650607903567e+02 9.393681587374733688e-01 4.581195657370243368e-02 1.481988468882428252e-02
5.771925203789350053e+04 3.716255415771386197e+02 8.740088255052345101e-01 1.124813980398063074e-01 1.350977645495905245e-02
5.772634417016200314e+04 3.851608785384141243e+02 7.006248399270937899e-01 2.912932435354611549e-01 8.081916537444982368e-03
5.772634621746530320e+04 3.800371476332159091e+02 6.836418756771925898e-01 3.084543805719286991e-01 7.903743750878733723e-03
5.773335479246530303e+04 4.066859030832678172e+02 7.613596184702557945e-01 2.300800797198981340e-01 8.560301809846050658e-03
5.773335686430559872e+04 3.907068955241404637e+02 6.983128083133727237e-01 2.938848403855385816e-01 7.802351301088705955e-03
5.773335891081020236e+04 3.506749512582546799e+02 5.599650716138072637e-01 4.338070514394149479e-01 6.227876946777814379e-03
5.774122674336809723e+04 2.810133027191199062e+02 4.187640696205793822e-01 5.758120175391322482e-01 5.423912840288354006e-03
5.774122955451389862e+04 2.903546913729202288e+02 4.393682437603547708e-01 5.550389822363306358e-01 5.592774003314690545e-03
5.774123162674769992e+04 2.414908785663067192e+02 2.972064235588966485e-01 6.990940804821185184e-01 3.699495958984860399e-03
5.774928157427079714e+04 4.273746800277118609e+02 9.090969218411234509e-01 7.985134388586516418e-02 1.105173427301137101e-02
5.774928362151620240e+04 4.221401482085231578e+02 8.727723275465026909e-01 1.167872936510049448e-01 1.044037880249241296e-02
5.774928569214120216e+04 4.324343920392882410e+02 9.102159769047357685e-01 7.896280643594266735e-02 1.082121665932146530e-02
5.775723207074069796e+04 4.228802187543577134e+02 8.695547791304799601e-01 1.201179209723867852e-01 1.032729989713323041e-02
5.775723414351850079e+04 4.373419442958634136e+02 9.116060070285300077e-01 7.778193213873751954e-02 1.061206083273247454e-02
5.775723621420140262e+04 4.279536047800735332e+02 8.677932196974090795e-01 1.221637039541694503e-01 1.004307634842150840e-02
5.776435706200230197e+04 2.953427884873710809e+02 4.173036894028832600e-01 5.778201349208315074e-01 4.876175676285133750e-03
5.776435913623840315e+04 3.094008593891637133e+02 4.596812292053567006e-01 5.349274131103448626e-01 5.391357684298387319e-03
5.776436118144680222e+04 3.393951736728887454e+02 5.504244399782213248e-01 4.431514683298483637e-01 6.424091691930322763e-03
5.777233828069439915e+04 2.712396293491583492e+02 4.300771728176729369e-01 5.637821801191288396e-01 6.140647063198278154e-03
5.777234032824070164e+04 2.748298443279175558e+02 4.435545661129577932e-01 5.500834295321307410e-01 6.362004354911337395e-03
5.777234237812500214e+04 2.629409399770316327e+02 4.089090775081763995e-01 5.851839531319036336e-01 5.906969359919899201e-03
5.777934543577550357e+04 3.313388849896158490e+02 7.140211002725209699e-01 2.746365008504156879e-01 1.134239887706329185e-02
5.777934750718750001e+04 3.552121986112363743e+02 8.235023080924251948e-01 1.633702067818263715e-01 1.312748512574841292e-02
5.777934957790510089e+04 3.573913052746947301e+02 8.373138595013559504e-01 1.492796152197059800e-01 1.340652527893814068e-02
5.778635136835650337e+04 3.700344386957082179e+02 7.587114270420463047e-01 2.310203191091138863e-01 1.026825384883982631e-02
5.778635344240740233e+04 3.835252439067689920e+02 8.117535633584489485e-01 1.773046527004232820e-01 1.094178394112776086e-02
5.778635548760420352e+04 3.855541679300950477e+02 8.216250345905137253e-01 1.672831110234266616e-01 1.109185438605952805e-02
5.779424990355320188e+04 3.768411382994789278e+02 7.697111468320697591e-01 2.200990316982632256e-01 1.018982146966701009e-02
5.779425195087960310e+04 4.229486553260722417e+02 9.691130033720305459e-01 1.806365591040743832e-02 1.282334071756203141e-02
5.779425399725689931e+04 3.942730100615312381e+02 8.454757822316054661e-01 1.432927663106443872e-01 1.123145145775012246e-02
5.780125410884260054e+04 3.162742982066846480e+02 5.851179935546625410e-01 4.065223824668881547e-01 8.359623978449264373e-03
5.755421834906250297e+04 6.907486475818005545e+01 7.551102352009185503e-02 9.215701500884438957e-01 2.918826391464313889e-03
5.759899847901619796e+04 3.944498485088525968e+02 7.866255685234708750e-01 2.036608325604647163e-01 9.713598916064367095e-03
5.772634212504629977e+04 3.764993435425868711e+02 6.636722070537949270e-01 3.287384102621384030e-01 7.589382684066624078e-03
5.780125618298610061e+04 3.215937050331000933e+02 6.070016017886603610e-01 3.842969361113010018e-01 8.701462100038553915e-03
5.792505632480319764e+04 4.783895069795527206e+02 8.742102169787892008e-01 1.176334283544891030e-01 8.156354666721604349e-03
5.796499498196759669e+04 2.999854499791123317e+02 8.763989189950673886e-01 1.027546879710311001e-01 2.084639303390146969e-02
5.796499702621530014e+04 nan nan nan nan
5.805532454843750020e+04 3.448197124205428850e+02 8.893849892495386822e-01 9.436614475906138222e-02 1.624886599139988008e-02
5.805532662721059751e+04 3.588017448477922926e+02 9.493233742529754160e-01 3.357856354362397794e-02 1.709806220340054014e-02
5.805532867262729997e+04 3.547568657821325360e+02 9.138535177383777519e-01 6.993886418602675292e-02 1.620761807559551945e-02
5.806233003357639973e+04 1.419690548638014889e+02 1.491770924645533791e-01 8.481261336662513362e-01 2.696773869195422200e-03
5.806233210521990259e+04 1.411646345074132967e+02 1.460832805685995939e-01 8.513010861946166408e-01 2.615633236783853396e-03
5.806233414921299845e+04 1.368217598032250635e+02 1.339479751715934031e-01 8.637110885135294014e-01 2.340936314877306145e-03
5.807035998547449708e+04 2.551028834755734920e+02 4.141648931234512276e-01 5.793972181234301466e-01 6.437888753118663036e-03
5.807036205874999723e+04 2.275692447720051632e+02 3.327999211251347345e-01 6.619765147571118336e-01 5.223564117753366071e-03
5.807036410302080185e+04 2.077064998025910256e+02 2.774119065578058985e-01 7.182311927928874962e-01 4.356900649306746746e-03
5.807925312800930260e+04 3.243353093222337975e+02 8.350703374479462315e-01 1.487382294870386035e-01 1.619143306501504703e-02
5.807925519999999960e+04 3.052054829385698440e+02 7.281003094961836508e-01 2.579993510646784172e-01 1.390033943913790426e-02
5.807925724394679855e+04 3.158854386348066896e+02 7.669733040342214814e-01 2.186278091092324904e-01 1.439888685654602818e-02
5.808635550745369983e+04 3.284707384575573883e+02 5.904540881209981995e-01 4.016535583448599400e-01 7.892353534141905574e-03
5.808635755370370316e+04 3.277343742147871239e+02 5.889694034897255959e-01 4.031425562918230510e-01 7.888040218451339292e-03
5.808635959826390172e+04 2.354210429243349267e+02 3.048538353054311978e-01 6.910505376254794108e-01 4.095627069089531960e-03
5.780125822796300054e+04 3.940189268105300471e+02 8.933597418215443176e-01 9.408440511497978553e-02 1.255585306347589344e-02
5.780936665247679775e+04 3.720670188963937335e+02 8.997409103907612060e-01 8.597606371334212683e-02 1.428302589589666542e-02
5.780936871119210264e+04 3.693044308884070119e+02 8.861972883288512515e-01 9.973836917072863295e-02 1.406434250042008088e-02
5.780937075761570304e+04 3.865399856766267703e+02 9.603523843879150368e-01 2.457113329967884272e-02 1.507648231240614478e-02
5.781718846579860110e+04 3.714638601506300688e+02 7.521464300498315048e-01 2.378397610532309581e-01 1.001380889693753197e-02
5.781719053767360310e+04 3.659318460626090541e+02 7.295721816469433740e-01 2.607190585643688885e-01 9.708759788687727071e-03
5.781719258413190255e+04 3.603035466489776582e+02 7.066260119022276243e-01 2.839795717519061347e-01 9.394416345866119650e-03
5.785705548473379895e+04 1.860763680332850072e+02 4.214617519333221929e-01 5.660079462490114066e-01 1.253030181766635366e-02
5.785705753340280353e+04 nan nan nan nan
5.785705957910879806e+04 nan nan nan nan
5.786411054701390094e+04 3.916376301711136421e+02 8.700932230885295438e-01 1.178511338458892721e-01 1.205564306558120843e-02
5.786411259569440153e+04 4.014266797902255348e+02 9.060277596462565919e-01 8.153001168956776346e-02 1.244222866417560129e-02
5.786411466642360028e+04 4.172085498036437912e+02 9.770206712693109141e-01 9.584759779944959299e-03 1.339456895074413005e-02
5.787822169053240214e+04 4.117542003100208490e+02 5.754598528301780869e-01 4.197694525075125749e-01 4.770694662309362538e-03
5.787822373693290137e+04 4.134541535955983136e+02 5.780687000528972330e-01 4.171567567364720674e-01 4.774543210630727286e-03
5.787822578078699735e+04 4.052846387293215003e+02 5.550545857253872395e-01 4.403642196696823108e-01 4.581194604930669163e-03
5.788727339337959711e+04 1.449619442615002640e+02 1.419519149021676863e-01 8.557060028761966919e-01 2.342082221635613613e-03
5.788727544106479763e+04 1.462414463260136017e+02 1.382066092868860230e-01 8.596119454788415659e-01 2.181445234272313526e-03
5.788727751406250172e+04 9.071096003513252981e+01 8.591319774178167445e-02 9.118958754043442472e-01 2.190926853873981228e-03
5.789498600013890245e+04 5.024260614922907848e+02 9.199099858337765889e-01 7.190208671361363046e-02 8.187927452609660914e-03
5.789498804668980301e+04 4.769284931691051952e+02 8.247677021003951836e-01 1.679279005588276141e-01 7.304397340777072159e-03
5.789499009097219823e+04 4.845538431364284975e+02 8.420654181781624947e-01 1.505583388052330884e-01 7.376243016604409897e-03
5.790323556789349823e+04 3.875238367182340653e+02 8.552232583842245273e-01 1.328810471492378187e-01 1.189569446653768008e-02
5.790323764157410187e+04 3.808661725556517013e+02 8.704846469832666633e-01 1.167566929862838276e-01 1.275866003044945352e-02
5.790323971211809840e+04 3.993842495900292988e+02 8.811790917204186391e-01 1.069311195625862465e-01 1.188978871699509360e-02
5.791098384990740306e+04 3.537601330847806480e+02 4.823510910950710717e-01 5.131080669100112068e-01 4.540841994917893185e-03
5.791098589741899923e+04 3.387480779699175173e+02 4.423248631814757359e-01 5.535106963204787789e-01 4.164440498045584964e-03
5.791098794153940253e+04 3.668760281303138981e+02 5.133020797303136096e-01 4.819167411581560256e-01 4.781179111530365657e-03
5.791804778619210265e+04 2.696823307147018909e+02 6.505115691003464651e-01 3.352771671177728341e-01 1.421126378188068869e-02
5.791804983322919725e+04 3.266880221224180332e+02 7.196584737804923027e-01 2.684889133190697108e-01 1.185261290043794491e-02
5.791805190278939699e+04 3.787666615291745984e+02 7.661335887711585579e-01 2.238734741929596650e-01 9.992937035881855126e-03
5.792505839787040168e+04 4.906443431924907941e+02 9.162901499737964306e-01 7.519140979083513421e-02 8.518440235368374483e-03
5.792506044400460087e+04 4.558054089727094151e+02 7.929831457432544584e-01 1.996242645804590654e-01 7.392589676286433729e-03
5.793308914398150227e+04 3.659410424453197948e+02 6.231739197926334795e-01 3.697429710570676598e-01 7.083109150298754104e-03
5.793309119048609864e+04 3.852076156686234754e+02 6.812734827685746897e-01 3.110867367820088769e-01 7.639780449416425610e-03
5.793309323693290207e+04 3.810778346874216709e+02 6.710552535307672262e-01 3.213708943589729805e-01 7.573852110259718731e-03
5.794201711207180051e+04 3.972586538073545626e+02 8.407483682014776916e-01 1.483117414260824996e-01 1.093989037243974297e-02
5.794201918894679693e+04 4.032331700485864303e+02 8.580356815807158588e-01 1.309050643923808654e-01 1.105925402690330003e-02
5.794202124114579783e+04 4.100286808336539366e+02 8.808947460024000309e-01 1.078320541928955295e-01 1.127319980470439971e-02
5.794902135501160228e+04 3.825521653176715517e+02 9.350045182267676669e-01 5.040486243627474716e-02 1.459061933695763799e-02
5.794902342686340126e+04 3.821030829050525313e+02 9.021521232337799123e-01 8.423261157401805421e-02 1.361526519220199183e-02
5.794902547202550340e+04 3.993528921320499876e+02 9.842407686069897244e-01 9.232366978104379271e-04 1.483599469519985940e-02
5.795602554311339918e+04 4.295330677472871344e+02 8.071714811699984837e-01 1.842033809242385745e-01 8.625137905762912324e-03
5.795602759527780290e+04 4.441362418652755650e+02 8.669078892551210780e-01 1.237865805920327494e-01 9.305530152846342579e-03
5.795602964086810243e+04 4.316572364957116292e+02 8.127184199388162167e-01 1.786233366530114164e-01 8.658243408172221212e-03
5.796499293421299808e+04 2.651519219723647893e+02 9.364940788487041701e-01 3.303762630540038603e-02 3.046829484589544043e-02
