5.812536633666999842e+04 6.688530146574069022e+02 6.186178931109340695e-01 8.935905414092970567e-02 2.920230527481362803e-01
5.771925258400000166e+04 7.049012297381094641e+02 6.748792373418976975e-01 1.220376298716649953e-02 3.129169996709358914e-01
5.793309379199999967e+04 8.546369641484559452e+02 7.390063746902840736e-01 5.743136009260254270e-03 2.552504893004557962e-01
5.769339066399999865e+04 7.061026736467430283e+02 6.777667586377658093e-01 7.705919388359919187e-03 3.145273219738743409e-01
5.787822632400000293e+04 1.089333090649855421e+03 8.095038145737137869e-01 1.979425974246418717e-03 1.885167594520398282e-01
5.829518090400000074e+04 6.694842531771715812e+02 6.633463009094483498e-01 1.508154948638609338e-03 3.351455441419130543e-01
5.805532922400000098e+04 8.917651785346894258e+02 7.347598837099723612e-01 3.348815797632938296e-02 2.317519583136982142e-01
5.830710055599999760e+04 6.955546234644109518e+02 6.765444144415226901e-01 4.844566932977689374e-04 3.229711288651794798e-01
5.807036465799999860e+04 8.536286895135017403e+02 7.277153516447164572e-01 2.418929677871538980e-02 2.480953515765680906e-01
5.806233470400000078e+04 9.120523928195515282e+02 7.585505036035770088e-01 5.313069602855277108e-03 2.361364267935678052e-01
5.810934593000000314e+04 7.094405792430964084e+02 6.776404649810634506e-01 1.090104707793505476e-02 3.114584879410015050e-01
5.819815802666999662e+04 nan nan nan nan
5.788727804399999877e+04 4.640528131956947959e+02 5.310427727679556398e-01 2.190553301655879040e-02 4.470516942154855733e-01
5.820533380400000169e+04 6.747490548656855935e+02 6.518890023415818691e-01 2.947392886352739882e-02 3.186370687948908431e-01
5.775723675499999808e+04 nan nan nan nan
5.819023160400000052e+04 6.115089106737086695e+02 6.208470252437520154e-01 2.727086361355844299e-02 3.518821111426896353e-01
5.772634675399999833e+04 7.025625490640188673e+02 6.733798111176271250e-01 1.301463066598028927e-02 3.136055582163925215e-01
5.778635604199999943e+04 7.848304639406444494e+02 7.012759088852950073e-01 2.616561382026612662e-02 2.725584772944388834e-01
5.791098849599999812e+04 8.042778486341447888e+02 7.228612351965783001e-01 1.378799824892645290e-03 2.757599649785290596e-01
5.831410467200000130e+04 7.219317396195941683e+02 6.796184233248816486e-01 1.784939851164493371e-02 3.025321781634734419e-01
5.792506100400000287e+04 1.053065598990923036e+03 7.915175508310073882e-01 1.562171913292174572e-02 1.928607300360709598e-01
5.774123215599999821e+04 7.165310011483049948e+02 6.609854860291433098e-01 4.851364510122798540e-02 2.905008688696286701e-01
5.779425455399999919e+04 7.253076967265112671e+02 6.822476300367689150e-01 1.570639091073005797e-02 3.020459790525011345e-01
5.811735889599999791e+04 7.515514165794550081e+02 6.902770273231599862e-01 2.174252388386927956e-02 2.879804487929706891e-01
5.795603018600000360e+04 8.687810893865917024e+02 7.454199700024475295e-01 3.267068499475007937e-03 2.513129614980774695e-01
5.770135396400000172e+04 7.290584378304902202e+02 6.692179705084386754e-01 4.314548210759494573e-02 2.876365473839663234e-01
5.774928621600000042e+04 7.758396999208731586e+02 7.116367139847731282e-01 1.148857713208076021e-03 2.872144283020189315e-01
5.824427943799999775e+04 7.116382300868884840e+02 6.807460901462455416e-01 6.872393362800976839e-03 3.123815164909534703e-01
5.808636015600000246e+04 8.035212555584258780e+02 7.218644679865487968e-01 2.617422044703107426e-03 2.755181099687480928e-01
5.822936331800000335e+04 7.202651725877492481e+02 6.797931313248206653e-01 1.611677496655698413e-02 3.040900937086223332e-01
5.780125876599999901e+04 7.387650783438306235e+02 6.914137523318644174e-01 9.568565819166995751e-03 2.990176818489685973e-01
5.773335945999999967e+04 7.481378193567765038e+02 6.963041896320275592e-01 7.984213125545527520e-03 2.957115972424269046e-01
5.781719312199999695e+04 7.540377916138396586e+02 6.839175701632216331e-01 3.524508657886778890e-02 2.808373432579107098e-01
5.771136364332999801e+04 5.380157998268142592e+02 5.627830715827935038e-01 6.368687423761955346e-02 3.735300541795869567e-01
5.791805243000000337e+04 7.832946951617698232e+02 7.003494375334320399e-01 2.674476787042227854e-02 2.729057945961457232e-01
5.794902591750000283e+04 6.919538523072908447e+02 6.732623774646997461e-01 3.555008751620478222e-03 3.231826137836796842e-01
5.813237073999999848e+04 nan nan nan nan
5.780937131200000294e+04 nan nan nan nan
5.814031880200000160e+04 7.857397206675384496e+02 7.148778375757105508e-01 2.543210566718140907e-03 2.825789518575712034e-01
5.818237404399999650e+04 7.486577591070323479e+02 6.965295402296521887e-01 7.978288621031538741e-03 2.954921711493162517e-01
5.822235595399999875e+04 7.501538092449142141e+02 6.758927585111415004e-01 4.697407219526421318e-02 2.771331692935941615e-01
5.816836050399999658e+04 nan nan nan nan
5.827812742399999843e+04 nan nan nan nan
5.825323264000000199e+04 7.495288450282963595e+02 6.992884608031417759e-01 3.565749476642585212e-03 2.971457897202155474e-01
5.814732854000000225e+04 7.601805498382731230e+02 6.871627164786546782e-01 3.389186798737713058e-02 2.789454155339682329e-01
5.809433671799999865e+04 8.315179251994976539e+02 7.226758009611965461e-01 1.946813298691739066e-02 2.578560660518860459e-01
5.817536970000000292e+04 7.028790107506462164e+02 6.629259081018290534e-01 3.340373883675568090e-02 3.036703530614153212e-01
5.794202174499999819e+04 nan nan nan nan
5.777234281500000361e+04 7.248621484162634943e+02 6.874374772312159543e-01 5.526645785695592089e-03 3.070358769830883738e-01
5.790324025799999799e+04 6.954766918204458079e+02 6.637339630052129236e-01 2.534043644482213836e-02 3.109256005499649311e-01
5.807925779399999738e+04 8.338651429423051695e+02 7.289487343446998668e-01 1.017420535183513781e-02 2.608770603034650803e-01
5.786411510249999992e+04 nan nan nan nan
5.816135636199999863e+04 7.488386201138475826e+02 6.832576368376827025e-01 3.254105032039957685e-02 2.842013128419176859e-01
5.789499064199999702e+04 1.020045580186257780e+03 7.872215681684335831e-01 9.454560038383028400e-03 2.033238717931834527e-01
5.815435213400000066e+04 nan nan nan nan
5.776436173199999757e+04 7.784105663477778307e+02 6.977384067455100203e-01 2.797702587292013113e-02 2.742845673815699215e-01
