5.750802856400459859e+04 5.721782713641930513e+02 8.167345787570762239e-01 1.782888892491197030e-01 4.976531993804068736e-03
5.750803061267360317e+04 5.594389687453225406e+02 7.811086540886837959e-01 2.141298314614034914e-01 4.761514449912720472e-03
5.750803268356480112e+04 5.406873853914752317e+02 7.264094980494918419e-01 2.691819273865581064e-01 4.408574563950112477e-03
5.751604011126160185e+04 5.089273822506121405e+02 7.583129035694208264e-01 2.362644299674653559e-01 5.422666463113884512e-03
5.751604215731479781e+04 5.257971993251993581e+02 6.828412668086791815e-01 3.130393649279202828e-01 4.119368263400675391e-03
5.751604420141199807e+04 4.873447100298247392e+02 5.865551627010273661e-01 4.099067149422614409e-01 3.538122356711349576e-03
5.752321306202549749e+04 2.447588768884917556e+02 8.178554781973248478e-01 1.548733457102227651e-01 2.727117609245226920e-02
5.752321513501159643e+04 3.456489033766729904e+02 8.730291372644055636e-01 1.113891660081023360e-01 1.558169672749199278e-02
5.752321720414349693e+04 2.595137134510227952e+02 7.285299979937821524e-01 2.522212804294753363e-01 1.924872157674240719e-02
5.753021721699069894e+04 3.068501032525235246e+02 2.582097502148874013e-01 7.400607505885176129e-01 1.729499196594946062e-03
5.753021926346060354e+04 3.039404654280923523e+02 2.512517917152699565e-01 7.470791599124192439e-01 1.669048372310808935e-03
5.753022130751160148e+04 3.232583158030579966e+02 2.870461575409807287e-01 7.110279514726128847e-01 1.925890986406314466e-03
5.754706797363430087e+04 4.996721614918005798e+02 7.596384515585818953e-01 2.347164540437955138e-01 5.645094397622587440e-03
5.754707007224539848e+04 5.095936007317562257e+02 7.860034550553580690e-01 2.081858427777846521e-01 5.810702166857376928e-03
5.754707211745370296e+04 4.901594901116746996e+02 7.299850383487639371e-01 2.645976886295499098e-01 5.417273021686081109e-03
5.780936665247679775e+04 4.462120168371172895e+02 7.572945771730018594e-01 2.356702494158373629e-01 7.035173411160850626e-03
5.780936871119210264e+04 4.405265206073289050e+02 7.381567169579631438e-01 2.549855484801228367e-01 6.857734561914050758e-03
5.780937075761570304e+04 4.411696047024399832e+02 7.408931120087918210e-01 2.522183416387711041e-01 6.888546352437033282e-03
5.781718846579860110e+04 4.863085735696837446e+02 7.883629301438060955e-01 2.052182354096718231e-01 6.418834446521952224e-03
5.781719053767360310e+04 5.044121186436473749e+02 8.465721426316041853e-01 1.465479188103938346e-01 6.879938558001921084e-03
5.781719258413190255e+04 5.106277047700092453e+02 8.659249485281328429e-01 1.270511341109041292e-01 7.023917360963039154e-03
5.785705548473379895e+04 1.353526353846363008e+02 1.299840070494192590e-01 8.677634449899095381e-01 2.252547960671031583e-03
5.785705753340280353e+04 nan nan nan nan
5.785705957910879806e+04 nan nan nan nan
5.786411054701390094e+04 4.761691109902142784e+02 7.853414249011676507e-01 2.080146885108656585e-01 6.643886587966752431e-03
5.786411259569440153e+04 4.749513424048584511e+02 7.815521702314840446e-01 2.118341167709348605e-01 6.613712997581116561e-03
5.786411466642360028e+04 5.055061623798090977e+02 8.863755267769013457e-01 1.061149867123914875e-01 7.509486510707175447e-03
5.787822169053240214e+04 5.755297884623397522e+02 6.757300058885720162e-01 3.209030304306098036e-01 3.366963680818415693e-03
5.787822373693290137e+04 6.425017254242766285e+02 8.362735684288337135e-01 1.595885716781040853e-01 4.137859893062238552e-03
5.787822578078699735e+04 5.920453552996140161e+02 7.124641859635711949e-01 2.839987432064133843e-01 3.537070830015559119e-03
5.788727339337959711e+04 4.551516013934702301e+02 7.394449825333457849e-01 2.541084694823043666e-01 6.446547984349837272e-03
5.788727544106479763e+04 4.773469925605413096e+02 7.749802269180916525e-01 2.185819283311811190e-01 6.437844750727225902e-03
5.788727751406250172e+04 3.217461235853727430e+02 5.603939628178803423e-01 4.321965545143919840e-01 7.409482667727580046e-03
5.789498600013890245e+04 5.755205920579589929e+02 7.237445827041127933e-01 2.723928455930888504e-01 3.862571702798382831e-03
5.789498804668980301e+04 5.261547142116565965e+02 6.045417771718528677e-01 3.922337899418289475e-01 3.224432886318372160e-03
5.789499009097219823e+04 5.157785776306907337e+02 5.758720335762247400e-01 4.210832067924489275e-01 3.044759631326479123e-03
5.790323556789349823e+04 4.599694186375341474e+02 6.335314013498500874e-01 3.618351323142891540e-01 4.633466335860880053e-03
5.790323764157410187e+04 4.549668839789387675e+02 6.433058958660979876e-01 3.518109197011434208e-01 4.883184432758683538e-03
5.790323971211809840e+04 4.764233424743944738e+02 6.499839386406878194e-01 3.454698792977333732e-01 4.546182061578866312e-03
5.791098384990740306e+04 5.543742373748760883e+02 7.054236549287838942e-01 2.906215717567633416e-01 3.954773314453009607e-03
5.791098589741899923e+04 5.859639856995878517e+02 7.848120769826130161e-01 2.108064802485862532e-01 4.381442768800899827e-03
5.791098794153940253e+04 5.456094482392957161e+02 6.681015226555065967e-01 3.282362205329442117e-01 3.662256811549213700e-03
5.791804778619210265e+04 3.960457278001771897e+02 8.288490258917046161e-01 1.604533376729131988e-01 1.069763643538223369e-02
5.791804983322919725e+04 4.612894365943442949e+02 8.550741735028024593e-01 1.365333874335156461e-01 8.392439063681773198e-03
5.791805190278939699e+04 4.942885006290293859e+02 7.703791396151086213e-01 2.236878425758124234e-01 5.933017809078911138e-03
5.792505632480319764e+04 5.508554444224098461e+02 6.974060490617929320e-01 2.986790230705874682e-01 3.914927867619669155e-03
5.772634417016200314e+04 5.068356188923200421e+02 7.288019238344286554e-01 2.661478317002413108e-01 5.050244465330124867e-03
5.772634621746530320e+04 5.259419099963067765e+02 7.863661030509513372e-01 2.081737837347254205e-01 5.460113214323280423e-03
5.773335479246530303e+04 4.020531472707531293e+02 4.627272554303719643e-01 5.340374720665315156e-01 3.235272503096664129e-03
5.773335686430559872e+04 3.925425502723246609e+02 4.393691301341364763e-01 5.575709275583700109e-01 3.059942307493531896e-03
5.773335891081020236e+04 3.619058241587913471e+02 3.737207703836795125e-01 6.236746900260898840e-01 2.604539590230629028e-03
5.774122674336809723e+04 5.415933322437579136e+02 8.889065456588191028e-01 1.045139492461511915e-01 6.579505095029718718e-03
5.774122955451389862e+04 5.115549372379012993e+02 7.765537883296744770e-01 2.178177960295780424e-01 5.628415640747596801e-03
5.774123162674769992e+04 4.229338701081139789e+02 5.257506992732937645e-01 4.704749485388817209e-01 3.774352187824636402e-03
5.774928157427079714e+04 4.478559189211915168e+02 6.028026437455159536e-01 3.927724782947090154e-01 4.424877959775100345e-03
5.774928362151620240e+04 4.611489425274985479e+02 6.297636789259113410e-01 3.656811947887461667e-01 4.555126285342665782e-03
5.774928569214120216e+04 4.404496158866534188e+02 5.730404821402530491e-01 4.228251818230895354e-01 4.134336036657441579e-03
5.775723207074069796e+04 4.620137397164103277e+02 6.353161471099691981e-01 3.600653880509733229e-01 4.618464839057604722e-03
5.775723414351850079e+04 4.405012418703324215e+02 5.669284229755330307e-01 4.290259128977206848e-01 4.045664126746402467e-03
5.775723621420140262e+04 4.442584098897110607e+02 5.748214939165300352e-01 4.210894570400529613e-01 4.089049043417136188e-03
5.776435706200230197e+04 5.300762855860808713e+02 7.885955939504043499e-01 2.059986109669847132e-01 5.405795082610937753e-03
5.776435913623840315e+04 5.650820733535548470e+02 8.968982461194446865e-01 9.694869704646189024e-02 6.153056834093414626e-03
5.776436118144680222e+04 5.524494814583748621e+02 8.548696397441760686e-01 1.392818900247558278e-01 5.848470231068142629e-03
5.777233828069439915e+04 4.263561240640730148e+02 6.357515286226672613e-01 3.588177508711868358e-01 5.430720506145853520e-03
5.777234032824070164e+04 4.050383910313249203e+02 5.740392005012183718e-01 4.210549032385488277e-01 4.905896260232859435e-03
5.777234237812500214e+04 3.816057327886707071e+02 5.136627781082140354e-01 4.819118064311138094e-01 4.425415460672162127e-03
5.777934543577550357e+04 4.802461646991171733e+02 8.677126687821006268e-01 1.243137815628785892e-01 7.973549655020841301e-03
5.777934750718750001e+04 4.539697350952552597e+02 7.713064037808330387e-01 2.216429697023404310e-01 7.050626516826425348e-03
5.777934957790510089e+04 4.615985602570752917e+02 8.027987733509840407e-01 1.898134774019113735e-01 7.387749247104621365e-03
5.778635136835650337e+04 5.060999140081389669e+02 8.632795789958074284e-01 1.296138836129585858e-01 7.106537391233967542e-03
5.778635344240740233e+04 4.893583503076157513e+02 8.088149843935623640e-01 1.845127702631392252e-01 6.672245343298416863e-03
5.778635548760420352e+04 5.381258539888514179e+02 9.702684568695114642e-01 2.179111815623642825e-02 7.940424974252019083e-03
5.779424990355320188e+04 3.777196619921310798e+02 4.726327739766338909e-01 5.235430654482333690e-01 3.824160575132689796e-03
5.779425195087960310e+04 4.319877065486946890e+02 6.159412336794739540e-01 3.790932613802757145e-01 4.965504940250336716e-03
5.779425399725689931e+04 3.902768330603012146e+02 4.998707181484156048e-01 4.961224834980931253e-01 4.006798353491485866e-03
5.780125410884260054e+04 3.320679203660866392e+02 3.870741517392771169e-01 6.096071930519874060e-01 3.318655208735633161e-03
5.780125618298610061e+04 3.312452918017502270e+02 3.819103107703774036e-01 6.148429233301995200e-01 3.246765899423211237e-03
5.792506044400460087e+04 5.584489936369577663e+02 7.123519883300394318e-01 2.836738100741398871e-01 3.974201595820752234e-03
5.793308914398150227e+04 5.474018073583342812e+02 7.779636833630886317e-01 2.171030586148464392e-01 4.933258022064814646e-03
5.793309119048609864e+04 5.869156832930525525e+02 8.885815695892170796e-01 1.058199416602638859e-01 5.598488750519090874e-03
5.793309323693290207e+04 5.852701925431485961e+02 8.791897291150672089e-01 1.152986411279955520e-01 5.511629756937191406e-03
5.794201711207180051e+04 4.335894314556250038e+02 5.935058240032710097e-01 4.019178154681766202e-01 4.576360528552344056e-03
5.794201918894679693e+04 4.127346911843856105e+02 5.375093170649112295e-01 4.583482290470049514e-01 4.142453888083840775e-03
5.794202124114579783e+04 4.277721083947648708e+02 5.767108755959782229e-01 4.188497784424908832e-01 4.439345961530929453e-03
5.794902135501160228e+04 4.553643720045599252e+02 7.709611598030003954e-01 2.220376070647385736e-01 7.001233132261122996e-03
5.794902342686340126e+04 4.536434621175296797e+02 7.426561321629580048e-01 2.507978999966475886e-01 6.545967840394473387e-03
5.794902547202550340e+04 4.514683300867270646e+02 7.334123503796459165e-01 2.601419584424595755e-01 6.445691177894520216e-03
5.795602554311339918e+04 5.388003257089629869e+02 7.365439827842545917e-01 2.588917684205254144e-01 4.564248795220107562e-03
5.795602759527780290e+04 5.466612649420019352e+02 7.626957629087465218e-01 2.325498591693016814e-01 4.754377921951770739e-03
5.795602964086810243e+04 5.637748677598719951e+02 8.086323978414082791e-01 1.863428055398445027e-01 5.024796618747282353e-03
5.796499293421299808e+04 1.626348273387410188e+02 2.101762062525197039e-01 7.857446629770262758e-01 4.079130770454139979e-03
5.796499498196759669e+04 2.088449512351556336e+02 2.491266026931914790e-01 7.473978765490240095e-01 3.475520757784554896e-03
5.755421627608800191e+04 nan nan nan nan
5.759899642730320193e+04 4.461398436641641752e+02 5.917073298556138061e-01 4.039963215278380981e-01 4.296348616548257941e-03
5.772634212504629977e+04 5.078136167020530820e+02 7.253209679359755579e-01 2.696961636590035072e-01 4.982868405020948743e-03
5.780125822796300054e+04 3.535277044489177456e+02 4.260730429851584677e-01 5.703792410177461747e-01 3.547715997095330677e-03
5.792505839787040168e+04 5.697418167921227905e+02 7.391783510684168945e-01 2.567104364568664754e-01 4.111212474716860812e-03
5.796499702621530014e+04 5.787332507259903736e+01 6.977726035998441101e-02 9.266721654280656306e-01 3.550574211950126638e-03
5.759899847901619796e+04 4.242556163646522123e+02 5.389005213380204662e-01 4.571586310284823096e-01 3.940847633497330041e-03
5.769131419668979652e+04 nan nan nan nan
5.769131626776619669e+04 nan nan nan nan
5.769131833840280160e+04 nan nan nan nan
5.769338602006940346e+04 nan nan nan nan
5.769338806991899764e+04 nan nan nan nan
5.769339011508099793e+04 nan nan nan nan
5.770134931630789652e+04 5.025989478374396526e+02 7.649474886223486259e-01 2.293947095304536832e-01 5.657801847197611173e-03
5.770135136431710271e+04 5.459579050155780351e+02 9.001346081106592623e-01 9.322606213649446694e-02 6.639329752846236110e-03
5.770135341181710100e+04 5.250921975466120557e+02 8.266189699719421746e-01 1.673280778585360951e-01 6.052952169521686951e-03
5.771135891380789690e+04 nan nan nan nan
5.771136096131939848e+04 1.220160157717836569e+02 1.218791851597599701e-01 8.756838287991101089e-01 2.436986041129924480e-03
5.771136301688660024e+04 2.103945595013213676e+02 2.003654199930341162e-01 7.974194247619027509e-01 2.215155245063129847e-03
5.771924791943289893e+04 3.920548630748367600e+02 5.478592784506840507e-01 4.473712310405848491e-01 4.769490508731021212e-03
5.771924999274309812e+04 4.070803574953786779e+02 5.733638320849782088e-01 4.217907869296050882e-01 4.845380985416747159e-03
5.771925203789350053e+04 4.013888799284398488e+02 5.532002083868374775e-01 4.421603935825006992e-01 4.639398030661798927e-03
5.755421834906250297e+04 nan nan nan nan
5.755422042105319997e+04 nan nan nan nan
5.756209248620369908e+04 3.553561132550536854e+02 3.955626826514983541e-01 6.014108870097788495e-01 3.026430338722851943e-03
5.756209453456020128e+04 3.647387659343327755e+02 4.101518969721035801e-01 5.867595629780600897e-01 3.088540049836432152e-03
5.756209657984950172e+04 3.791761235124407676e+02 4.403667043461961250e-01 5.563389086010405160e-01 3.294387052763333816e-03
5.756911800738429883e+04 4.197543259887569889e+02 6.064943139511270731e-01 3.884066187629443556e-01 5.099067285928599903e-03
5.756912005475690239e+04 4.191413990044564457e+02 6.122577078169472165e-01 3.825306445808357436e-01 5.211647602217037330e-03
5.756912210134259658e+04 3.971152874299936570e+02 6.439927225834696234e-01 3.495840049562217167e-01 6.423272460308597498e-03
5.758399242811340082e+04 3.843167378618610428e+02 4.909060829770589551e-01 5.051087560785338937e-01 3.985160944407186746e-03
5.758399447690969828e+04 3.997221947641837687e+02 5.275617717146585672e-01 4.681836379767766454e-01 4.254590308564832474e-03
5.758399652326390060e+04 3.913635673134579633e+02 5.024740351283517592e-01 4.934997764200282355e-01 4.026188451619948025e-03
5.759101543976849644e+04 3.781455812983014084e+02 4.849528852344734409e-01 5.110300514948502570e-01 4.017063270676405305e-03
5.759101748648149805e+04 3.142183237668280071e+02 4.417270649323636333e-01 5.534459868346619515e-01 4.826948232974420314e-03
5.759101953285880154e+04 3.798285238975752236e+02 5.500710040511374022e-01 4.448064013105026415e-01 5.122594638359934636e-03
5.759899435380790237e+04 4.476568060373417097e+02 6.056613244004460661e-01 3.898677552049772954e-01 4.470920394576694858e-03
5.805532454843750020e+04 4.213327507287729077e+02 6.197261063548494819e-01 3.749897236277357493e-01 5.284170017414726271e-03
5.805532662721059751e+04 4.121227223246960421e+02 5.884153116951922335e-01 4.066056846179456619e-01 4.979003686862125411e-03
5.805532867262729997e+04 4.095109549053387923e+02 5.766787626056042448e-01 4.184776793956590524e-01 4.843557998736692377e-03
5.806233003357639973e+04 4.508634002134742786e+02 7.080107138002816880e-01 2.859662242200518012e-01 6.023061979666470035e-03
5.806233210521990259e+04 4.903531135979366127e+02 8.307782801327018296e-01 1.622107188511320019e-01 7.011001016166216147e-03
5.806233414921299845e+04 5.293894833872824393e+02 9.505906317820725926e-01 4.153412314287632801e-02 7.875245075051098484e-03
5.807035998547449708e+04 4.315888668862673399e+02 6.095543196566168831e-01 3.855736274220077364e-01 4.872052921375390894e-03
5.807036205874999723e+04 4.023840400432661681e+02 5.248239619639647469e-01 4.710210148229204696e-01 4.155023213114738406e-03
5.807036410302080185e+04 3.429766943808838846e+02 3.841311272731608994e-01 6.128050938478106779e-01 3.063778879028477686e-03
5.807925312800930260e+04 3.960478452388754818e+02 5.960407148904497410e-01 3.984272595080463053e-01 5.532025601503994493e-03
5.807925519999999960e+04 4.041685155997571428e+02 6.108005324647672873e-01 3.836211723454572842e-01 5.578295189775527366e-03
5.807925724394679855e+04 3.784631655346561274e+02 5.320698258279931148e-01 4.631027255244127838e-01 4.827448647594232388e-03
5.808635550745369983e+04 4.063987496722556330e+02 4.953489600102832791e-01 5.010223871382535332e-01 3.628652851463217647e-03
5.808635755370370316e+04 4.048611246823751344e+02 4.892102329318605558e-01 5.072235600695372826e-01 3.566206998602314271e-03
5.808635959826390172e+04 3.593301570772160858e+02 3.876534048959257017e-01 6.095039181525072625e-01 2.842676951567155944e-03
5.809433205741900019e+04 4.768793234333809892e+02 6.407048368521934822e-01 3.548862996097105205e-01 4.408863538096097039e-03
5.809433412939820118e+04 4.858038290207296654e+02 6.641452990026855963e-01 3.312897935591290199e-01 4.564907438185396814e-03
5.809433617457179935e+04 5.112800599249476363e+02 7.305277445428057792e-01 2.644858986125352973e-01 4.986356844658880981e-03
