5.780125464600000123e+04 1.191665207835953652e+03 6.016405881639307340e-01 5.029526868528791383e-02 3.480641431507813244e-01
5.809433256599999731e+04 1.396646047741856819e+03 6.584277466645455101e-01 3.808735476996850250e-02 3.034848985654860498e-01
5.794201764199999889e+04 1.091278259614607350e+03 5.851755328502288300e-01 2.218417642589879529e-02 3.926402907238724649e-01
5.793308969999999681e+04 1.449858050165242275e+03 6.759186345309993182e-01 2.730355826295608954e-02 2.967778072060445194e-01
5.792505683999999746e+04 1.534639673870559136e+03 6.956056273625135233e-01 2.384656375501045811e-02 2.805478088824759908e-01
5.791804831600000034e+04 8.329936350686771220e+02 4.966424387448480360e-01 1.795972012192923947e-02 4.853978411332228182e-01
5.791098435800000152e+04 1.517604099823614661e+03 6.938609380639034763e-01 2.069471514253333130e-02 2.854443467935631751e-01
5.790323610400000325e+04 1.357682825010238503e+03 6.516292132693415340e-01 3.381477162396910596e-02 3.145560151066894017e-01
5.789498652399999992e+04 1.544849093259334722e+03 6.939859580548484175e-01 3.044984388558238594e-02 2.755641980595691098e-01
5.788727394199999981e+04 9.970719638763886223e+02 5.489858854674793953e-01 3.704980564539752524e-02 4.139643088871231558e-01
5.787822224200000346e+04 1.615883493923898186e+03 7.121206738992138519e-01 2.267497225390807669e-02 2.652043538468781270e-01
5.786411109399999987e+04 1.114319554903019025e+03 5.865178852378312158e-01 3.518191827345077544e-02 3.783001964887180435e-01
5.808635601399999723e+04 1.407909630123068609e+03 6.601544726710202315e-01 3.962863039525205827e-02 3.002168969337277726e-01
5.785705604199999652e+04 6.903427158221371656e+02 4.369112454747853258e-01 1.613513186837672170e-02 5.469536226568380011e-01
5.781718901400000323e+04 1.223726612958721262e+03 6.279053375750148769e-01 1.258291128973379989e-02 3.595117511352513562e-01
5.780936719199999789e+04 1.096661835432319549e+03 5.783120714188417777e-01 4.195994246575235342e-02 3.797279861154059244e-01
5.779425045400000090e+04 1.255112639103036372e+03 6.279478832668392574e-01 3.024952901321519352e-02 3.418025877199457052e-01
5.778635191399999894e+04 1.262722798370597047e+03 6.304752937530014867e-01 2.910581518573778295e-02 3.404188910612607200e-01
5.777233883400000195e+04 1.199442281479974554e+03 6.111283306314118091e-01 3.438518863149776089e-02 3.544864807370903814e-01
5.776435761199999979e+04 1.313306158284287903e+03 6.432558118862967689e-01 2.915540196705196721e-02 3.275887861466512674e-01
5.775723262200000318e+04 1.353256399638369885e+03 6.490897527990967530e-01 3.675604200761475177e-02 3.141542051932884050e-01
5.774928212199999689e+04 1.305202286225890475e+03 6.380007838417954824e-01 3.572682665103505545e-02 3.262723895071695246e-01
5.807925367800000095e+04 1.352076659172318386e+03 6.548561964515536848e-01 2.482472832947061475e-02 3.203190752189756796e-01
5.774122727999999915e+04 1.299424984560343773e+03 6.319640661154168892e-01 4.505573740842416103e-02 3.229801964761589428e-01
5.773335532799999783e+04 1.320695097835054185e+03 6.547031352049822450e-01 9.731398521919839423e-03 3.355654662730979676e-01
5.772634267800000089e+04 1.389114085247980938e+03 6.623672028388736255e-01 2.716585724284925618e-02 3.104669399182772294e-01
5.771924844599999778e+04 1.301279381150438667e+03 6.404526657251233823e-01 2.877701755465894573e-02 3.307703167202176164e-01
5.770134986000000208e+04 1.407115962539161274e+03 6.614508276281130250e-01 3.681194209391283612e-02 3.017372302779741111e-01
5.769338653799999884e+04 1.393724229130119056e+03 6.602758680358525867e-01 3.325220416608930946e-02 3.064719277980581524e-01
5.759899491000000125e+04 1.512281983234204517e+03 6.847593074593892881e-01 3.527560147434896654e-02 2.799650910662617731e-01
5.759101594399999885e+04 1.453629107635556011e+03 6.757962836871796997e-01 2.907061088467254723e-02 2.951331054281476907e-01
5.758399295800000255e+04 1.500948514490370371e+03 6.871692046536846954e-01 2.661780783825006685e-02 2.862129875080652308e-01
5.756911854999999923e+04 1.352553264731391209e+03 6.524962001699702308e-01 2.971340218025403379e-02 3.177903976497758465e-01
5.807036049600000115e+04 1.419006481291726686e+03 6.680965040198438842e-01 2.920992919478801464e-02 3.026935667853680734e-01
5.756209302400000161e+04 1.439685648620061784e+03 6.734349645907437010e-01 2.778641197901265958e-02 2.987786234302436394e-01
5.754706852200000139e+04 1.472168863779634194e+03 6.748002174779909046e-01 3.830098894282153027e-02 2.868987935791875166e-01
5.753021771799999988e+04 1.485659849486897656e+03 6.813467085804608692e-01 3.144888274938217876e-02 2.872044086701568966e-01
5.752321354799999972e+04 4.858260132748091564e+02 3.288787630197034240e-01 4.536716986580092287e-02 6.257540671144955491e-01
5.751604065599999740e+04 1.415186215335814950e+03 6.681887188160310354e-01 2.739726174913505521e-02 3.044140194348338713e-01
5.806233058400000300e+04 1.330278889463911355e+03 6.398554876914394063e-01 4.422827344140218414e-02 3.159162388671584720e-01
5.805532506200000353e+04 1.403194020273123215e+03 6.714958643642637837e-01 1.579196463551135743e-02 3.127121710002248589e-01
5.796499347000000125e+04 6.937745877934057717e+02 4.350713916307340501e-01 2.792422779011580203e-02 5.370043805791500091e-01
5.795602603000000090e+04 1.475481002366203484e+03 6.789318464945287568e-01 3.194779915565472417e-02 2.891203543498165329e-01
5.794902188600000227e+04 1.182859084077678062e+03 6.094325275700889222e-01 2.809185996595648521e-02 3.624756124639546551e-01
