5.796499702621530014e+04 nan nan nan nan
5.775723621420140262e+04 4.544187411544972974e+02 9.784425779803362921e-01 1.023378720648860339e-02 1.132363481317509059e-02
5.791098794153940253e+04 4.513597577454387988e+02 7.769316962438961305e-01 2.158314858539623071e-01 7.236817902141493876e-03
5.794201711207180051e+04 4.053425393621720900e+02 8.753196449793987366e-01 1.132905413269718470e-01 1.138981369362948581e-02
5.756209248620369908e+04 4.043149218222447416e+02 9.051826528463177146e-01 8.257511694044916695e-02 1.224223021323317569e-02
5.781719258413190255e+04 4.256405230240851552e+02 9.861397897420953740e-01 7.497280452231668609e-04 1.311048221268135486e-02
5.777934957790510089e+04 3.651036476704964571e+02 8.738426300780096634e-01 1.121659513677260994e-01 1.399141855426432393e-02
5.772634212504629977e+04 4.363062954264725022e+02 8.912680666687532449e-01 9.853988742803222733e-02 1.019204590321446356e-02
5.750803061267360317e+04 4.946558863429934831e+02 9.629227404853580863e-01 2.782166840287091450e-02 9.255591111771006158e-03
5.792505839787040168e+04 5.022732495223785918e+02 9.602328247524880567e-01 3.084027595806236935e-02 8.926899289449570507e-03
5.751604420141199807e+04 4.781053250828038585e+02 9.429042812721295519e-01 4.759589185587831395e-02 9.499826871992102933e-03
5.778635344240740233e+04 4.129738039153817226e+02 9.411986642572425232e-01 4.611473614549368299e-02 1.268659959726385275e-02
5.750802856400459859e+04 5.011333543520328817e+02 9.885384671623771435e-01 1.957494802364052964e-03 9.504038035258788319e-03
5.759101953285880154e+04 3.803375556851938200e+02 9.663845670481560068e-01 1.784697638103495410e-02 1.576845657080898355e-02
5.777934750718750001e+04 3.662420044389716054e+02 8.754391176470922575e-01 1.106054521328392465e-01 1.395543022006859313e-02
5.778635136835650337e+04 4.095398900550731014e+02 9.293621775593937651e-01 5.806000733943580266e-02 1.257781510117040973e-02
5.775723414351850079e+04 4.353320111027850317e+02 9.032461557233962823e-01 8.623910098008609471e-02 1.051474329651762296e-02
5.770135136431710271e+04 4.163217211666654975e+02 8.964709106655824877e-01 9.220399313010313458e-02 1.132509620431434993e-02
5.781719053767360310e+04 4.162334112600342451e+02 9.439342175473154350e-01 4.350440634072551965e-02 1.256137611195908520e-02
5.752321720414349693e+04 1.525816856483132824e+02 4.407829182352963060e-01 5.388338833610263334e-01 2.038319840367745078e-02
5.755422042105319997e+04 nan nan nan nan
5.780937075761570304e+04 3.389888378467958319e+02 7.386050684927677468e-01 2.497996470318293027e-01 1.159528447540294008e-02
5.780125822796300054e+04 3.919521106357812528e+02 8.840121313903974709e-01 1.035633928822363575e-01 1.242447572736627044e-02
5.787822373693290137e+04 5.371645491896450721e+02 9.757545779849706724e-01 1.618618096193101888e-02 8.059241053098376364e-03
5.754706797363430087e+04 4.299639766375267982e+02 9.780865611769253842e-01 9.274282691733163816e-03 1.263915613134150226e-02
5.792505632480319764e+04 5.037636180648009372e+02 9.694015231622010731e-01 2.155404201042366436e-02 9.044434827375240002e-03
5.772634417016200314e+04 4.419654590352572541e+02 9.225243790923011167e-01 6.683402698939300279e-02 1.064159391830593951e-02
5.790323971211809840e+04 4.084910871713892675e+02 9.218137208293731844e-01 6.574832927508522662e-02 1.243794989554154566e-02
5.774928569214120216e+04 4.423483227573150884e+02 9.523621354757636492e-01 3.631638703144433877e-02 1.132147749279203627e-02
5.779425195087960310e+04 3.666236731443228223e+02 7.281807454241718824e-01 2.621839596873381528e-01 9.635294888489947390e-03
5.795602964086810243e+04 4.680678711730503778e+02 9.555753515765330608e-01 3.424483421855591125e-02 1.017981420491105744e-02
5.786411054701390094e+04 4.112313911003614635e+02 9.593892599030828805e-01 2.731707223143543806e-02 1.329366786548171440e-02
5.774123162674769992e+04 3.194754582057593097e+02 5.201537478125566327e-01 4.733716051557917970e-01 6.474647031651549478e-03
5.771136301688660024e+04 2.856705651500216732e+02 6.091574919188430526e-01 3.797365551419200069e-01 1.110595293923691100e-02
5.759101543976849644e+04 3.771659400881359261e+02 8.439492610694576680e-01 1.438216141138859705e-01 1.222912481665630775e-02
5.774122955451389862e+04 3.680966007793532526e+02 7.061487057224320463e-01 2.848626052050092783e-01 8.988689072558644216e-03
5.780936665247679775e+04 2.737874658381226141e+02 4.871943494629274451e-01 5.050716357453127747e-01 7.734014791759740229e-03
5.774928362151620240e+04 4.473460414763297877e+02 9.800380657693308351e-01 8.239269921846528386e-03 1.172266430882267299e-02
5.770135341181710100e+04 4.353781491356195943e+02 9.674268423057574839e-01 2.051362037467079069e-02 1.205953731957164210e-02
5.795602554311339918e+04 4.657860958567358693e+02 9.491449300881276141e-01 4.071316204476477241e-02 1.014190786710755278e-02
5.780936871119210264e+04 3.431129426309256587e+02 7.649544600445281617e-01 2.229053747067401281e-01 1.214016524873165991e-02
5.771136096131939848e+04 2.313125279503187244e+02 7.179406044462532943e-01 2.585302389730528283e-01 2.352915658069376290e-02
5.786411259569440153e+04 4.123314100545782708e+02 9.559062098811409447e-01 3.096679376878600301e-02 1.312699635007313036e-02
5.781718846579860110e+04 4.146085217320261904e+02 9.370137171912957808e-01 5.051121008679128332e-02 1.247507272191301052e-02
5.776435706200230197e+04 4.093031404966653781e+02 8.014686138119223591e-01 1.891663270852117218e-01 9.365059102865832402e-03
5.758399447690969828e+04 3.899252417101315586e+02 9.003411719861321716e-01 8.663678402431536363e-02 1.302204398955248386e-02
5.780125410884260054e+04 4.066747132925610799e+02 9.674087041787754471e-01 1.876985623212071991e-02 1.382143958910384690e-02
5.785705548473379895e+04 2.070400454242851538e+02 5.217757054501914737e-01 4.627116216054874553e-01 1.551267294432093387e-02
5.758399242811340082e+04 4.002321501511061115e+02 9.585551102321234751e-01 2.743489843565622907e-02 1.400999133222034440e-02
5.753021721699069894e+04 3.992217745433566733e+02 8.151653176030768666e-01 1.746513344548948077e-01 1.018334794202833786e-02
5.787822578078699735e+04 5.299507425170588704e+02 9.490441544515437755e-01 4.312282142429291892e-02 7.833024124163258731e-03
5.756911800738429883e+04 3.836435718208917933e+02 9.383430411147457573e-01 4.704545019682410123e-02 1.461150868843017273e-02
5.794902135501160228e+04 3.744671515651763798e+02 8.958903124905714943e-01 9.012960084849865050e-02 1.398008666092981529e-02
5.793309323693290207e+04 4.611071889347728643e+02 9.824775795015354696e-01 6.434013776779960378e-03 1.108840672168462382e-02
5.759101748648149805e+04 3.253170438119690289e+02 8.380025860723396836e-01 1.457903359975598889e-01 1.620707793010034772e-02
5.771924791943289893e+04 3.645977394784691228e+02 8.898322881865086131e-01 9.561928564547256260e-02 1.454842616801872018e-02
5.778635548760420352e+04 4.113601253380771823e+02 9.352925655545363259e-01 5.208107297556728577e-02 1.262636146989648718e-02
5.776435913623840315e+04 4.122417661301165026e+02 8.160321918934121399e-01 1.743972284941063267e-01 9.570579612481516091e-03
5.772634621746530320e+04 4.444462732616140670e+02 9.350075016265855243e-01 5.418265778153222301e-02 1.080984059188229082e-02
5.793309119048609864e+04 4.524984870526229201e+02 9.400601660201385323e-01 4.939827908318975003e-02 1.054155489667172978e-02
5.752321306202549749e+04 1.216421388585737731e+02 3.665128701268616784e-01 6.113134384010391331e-01 2.217369147209915722e-02
5.750803268356480112e+04 4.948839589478645848e+02 9.567788741648035611e-01 3.409168795097757693e-02 9.129437884218809945e-03
5.751604011126160185e+04 4.483277530632500998e+02 9.777554483313398714e-01 1.062747439489139696e-02 1.161707727376879752e-02
5.754707211745370296e+04 4.229809770511440661e+02 9.417693086792886525e-01 4.612261830834469417e-02 1.210807301236672441e-02
5.775723207074069796e+04 4.421505972102910391e+02 9.506110286754028138e-01 3.809899835459488321e-02 1.128997297000233595e-02
5.787822169053240214e+04 5.292003406167552839e+02 9.505618132095271511e-01 4.155778912246670120e-02 7.880397668006111286e-03
5.796499498196759669e+04 3.112009281937233141e+02 9.432637166862269940e-01 3.429683743007667929e-02 2.243944588369636492e-02
5.753022130751160148e+04 4.130503194049663875e+02 8.720357418491674339e-01 1.170777078511029134e-01 1.088655029972966648e-02
5.791098384990740306e+04 4.969600457844830999e+02 9.518988005975568267e-01 3.913999779543016200e-02 8.961201607012928005e-03
5.759899642730320193e+04 4.260910328572664412e+02 9.194801799389227259e-01 6.914596755090045288e-02 1.137385251017687671e-02
5.794902342686340126e+04 3.953713732322724468e+02 9.658568524556480073e-01 1.956700101663318841e-02 1.457614652771878697e-02
5.756209657984950172e+04 4.157289666067272833e+02 9.399729679176610508e-01 4.754061625539678093e-02 1.248641582694215608e-02
5.776436118144680222e+04 4.452358439073648810e+02 9.472507655031363605e-01 4.169376154066496004e-02 1.105547295619863611e-02
5.770134931630789652e+04 4.224533735357007913e+02 9.337952395940682937e-01 5.427110802210145107e-02 1.193365238383034196e-02
5.756912210134259658e+04 3.392122572824733311e+02 8.853683938070807669e-01 9.799240044884427459e-02 1.663920574407501754e-02
5.779424990355320188e+04 3.880879908882799327e+02 8.163409266269205933e-01 1.728519435361957068e-01 1.080712983688373284e-02
5.774122674336809723e+04 3.633303071527778911e+02 7.000481096568931250e-01 2.908845449445740527e-01 9.067345398532739020e-03
5.753021926346060354e+04 4.023611194245255547e+02 8.274207633207401047e-01 1.622504703753573918e-01 1.032876630390251911e-02
5.786411466642360028e+04 4.137331536608211309e+02 9.608175457654657414e-01 2.600993503331297876e-02 1.317251920122117399e-02
5.755421627608800191e+04 nan nan nan nan
5.774928157427079714e+04 4.215020372261516854e+02 8.842892465432365956e-01 1.049605429503713411e-01 1.075021050639203037e-02
5.791098589741899923e+04 4.910267424314064897e+02 9.293956634756147528e-01 6.185412342832813382e-02 8.750213096057082168e-03
5.777234032824070164e+04 3.347762576336830875e+02 6.581555851115451494e-01 3.324043391489965860e-01 9.440075739458264614e-03
5.779425399725689931e+04 3.537040277495684677e+02 6.804353212115983318e-01 3.105256592393874637e-01 9.039019549014211397e-03
5.777934543577550357e+04 3.232166353856563887e+02 6.794439613650687937e-01 3.097629060209605156e-01 1.079313261397070109e-02
5.791805190278939699e+04 4.144635684426578450e+02 9.173114290425358197e-01 7.072423712461863021e-02 1.196433383284554314e-02
5.759899847901619796e+04 4.147706346834791020e+02 8.697620891302972890e-01 1.194977055874512084e-01 1.074020528225158068e-02
5.756912005475690239e+04 3.717814040748045272e+02 9.001098746412365958e-01 8.557341091361717056e-02 1.431671444514614859e-02
5.796499293421299808e+04 2.585921051359006242e+02 8.907290063380366441e-01 8.029166608176924180e-02 2.897932758019413496e-02
5.794201918894679693e+04 3.867836843158966076e+02 7.894690321614339368e-01 2.003553323097309324e-01 1.017563552883509609e-02
5.788727339337959711e+04 3.058304004129086593e+02 6.318358050882071364e-01 3.577392253320547111e-01 1.042496957973812303e-02
5.755421834906250297e+04 nan nan nan nan
5.758399652326390060e+04 3.845228662522969785e+02 8.649494639521029260e-01 1.226920644759888213e-01 1.235847157190819376e-02
5.794202124114579783e+04 4.083149032490514969e+02 8.735519585908106954e-01 1.152687402140478989e-01 1.117930119514145421e-02
5.777233828069439915e+04 3.226172286128069686e+02 6.084371560741087537e-01 3.828755607127675709e-01 8.687283213123724035e-03
5.792506044400460087e+04 4.901254946004376052e+02 9.168771317444743829e-01 7.457544260650474099e-02 8.547425649020922930e-03
5.790323556789349823e+04 4.105706174759765759e+02 9.599645095547834073e-01 2.668300049436909266e-02 1.335248995084747925e-02
5.759899435380790237e+04 4.391721389309668098e+02 9.844173573037078295e-01 3.310607255043534168e-03 1.227203544124871870e-02
5.777234237812500214e+04 3.459064515065449541e+02 7.076653159788107716e-01 2.821119718320890812e-01 1.022271218910010895e-02
5.794902547202550340e+04 3.856546018547115864e+02 9.179199742991130950e-01 6.824307983718436166e-02 1.383694586370255546e-02
5.773335891081020236e+04 4.292768883046556425e+02 8.391242354343064758e-01 1.515431108581892228e-01 9.332653707504254617e-03
5.789498600013890245e+04 5.032013636392165381e+02 9.227219792293842593e-01 6.906532472869388040e-02 8.212696041921940110e-03
5.756209453456020128e+04 4.214725651079748445e+02 9.709799060100373636e-01 1.605697518769037477e-02 1.296311880227233281e-02
5.780125618298610061e+04 4.010026437490620879e+02 9.437766549737895971e-01 4.269416030914135324e-02 1.352918471706907738e-02
5.771924999274309812e+04 3.716906517101974714e+02 8.923128332352754377e-01 9.361053861822077327e-02 1.407662814650383239e-02
5.752321513501159643e+04 1.848756591285462036e+02 4.435262283452153231e-01 5.424163140980092779e-01 1.405745755677544236e-02
5.795602759527780290e+04 4.732824336043437938e+02 9.843653021192774188e-01 5.068969062612658540e-03 1.056572881810986970e-02
5.789499009097219823e+04 4.972880748869517902e+02 8.869551676755376146e-01 1.052749420802600311e-01 7.769890244202372516e-03
5.793308914398150227e+04 nan nan nan nan
5.791804778619210265e+04 3.063984659089232423e+02 8.396906696803718706e-01 1.419653692957738578e-01 1.834396102385424734e-02
5.751604215731479781e+04 4.914494614296442023e+02 9.892716984125099478e-01 8.313583477436846825e-04 9.896943239746309670e-03
5.771925203789350053e+04 3.867312648973076534e+02 9.465057899910802597e-01 3.886382955628280012e-02 1.463038045263689337e-02
5.754707007224539848e+04 4.329843321898813997e+02 9.849502570238393151e-01 2.410767537395738010e-03 1.263897543876499677e-02
5.789498804668980301e+04 4.873468479150309349e+02 8.611742525959249495e-01 1.311991049315695546e-01 7.626642472505535883e-03
