5.750802856400459859e+04 3.818591772111965383e+02 5.644684731509430620e-01 4.301944856749723156e-01 5.337041174084635430e-03
5.750803061267360317e+04 4.272196328922184421e+02 7.048108314294692089e-01 2.885414845041138765e-01 6.647684066416902418e-03
5.750803268356480112e+04 4.252187573966486411e+02 6.911846124515377277e-01 3.023619526828778548e-01 6.453434865584455754e-03
5.751604011126160185e+04 4.044150462378193538e+02 7.585251756744463281e-01 2.328824532157535154e-01 8.592371109800246709e-03
5.751604215731479781e+04 4.030393966019733512e+02 6.343409243015126764e-01 3.596087591336926126e-01 6.050316564794568780e-03
5.751604420141199807e+04 4.443261205295144691e+02 7.716164251795947226e-01 2.210176569029287386e-01 7.365917917476442513e-03
5.752321306202549749e+04 1.720005345066666109e+02 6.196582741287788298e-01 3.486407559451952243e-01 3.170096992602587649e-02
5.752321513501159643e+04 2.358915494424940391e+02 6.120182654501488129e-01 3.715406054968423688e-01 1.644112905300870384e-02
5.752321720414349693e+04 2.298858302236057796e+02 8.492702106980417609e-01 1.173952073558099801e-01 3.333458194614819653e-02
5.753021721699069894e+04 2.486040085869841505e+02 2.594557951518339789e-01 7.378838587879995581e-01 2.660346060166562335e-03
5.753021926346060354e+04 2.407415123246017004e+02 2.419814785079588138e-01 7.555508353621814832e-01 2.467686129859683521e-03
5.753022130751160148e+04 2.365442085907884291e+02 2.331158373066015421e-01 7.645119886101237050e-01 2.372174083274821831e-03
5.754706797363430087e+04 3.768997695907450520e+02 6.511353055199476936e-01 3.415748480198445014e-01 7.289846460207809360e-03
5.754707007224539848e+04 3.780542277247682819e+02 6.464842613844148378e-01 3.463734836148872342e-01 7.142255000697863773e-03
5.754707211745370296e+04 4.056001065416846814e+02 7.499066507607536902e-01 2.417441288164896007e-01 8.349220422756761101e-03
5.780936665247679775e+04 3.198224797337993550e+02 6.232283526921891248e-01 3.674968576368188855e-01 9.274789670992149293e-03
5.780936871119210264e+04 3.077962088580990212e+02 5.771076193382134178e-01 4.143059093992694786e-01 8.586471262517225006e-03
5.780937075761570304e+04 3.379145777994278887e+02 6.952347667082859894e-01 2.944262759149324227e-01 1.033895737678158788e-02
5.781718846579860110e+04 3.434134060817726208e+02 6.031410235547532972e-01 3.893248850497610380e-01 7.534091395485669092e-03
5.781719053767360310e+04 3.731892721885291166e+02 7.130986425526918415e-01 2.779833351333504954e-01 8.918022313957682176e-03
5.781719258413190255e+04 4.006235050872925854e+02 8.157113029614179167e-01 1.741629343530898821e-01 1.012576268549221677e-02
5.785705548473379895e+04 1.070368586652556360e+02 1.211064600560022297e-01 8.757667727476422526e-01 3.126767196355529840e-03
5.785705753340280353e+04 2.429839677450345192e+01 2.226087621038962128e-02 9.756891094107006390e-01 2.050014378909764852e-03
5.785705957910879806e+04 nan nan nan nan
5.786411054701390094e+04 4.208271718102947148e+02 9.690822024379862620e-01 1.796566366320288127e-02 1.295213389881086710e-02
5.786411259569440153e+04 4.200958724263068689e+02 9.664929089365813519e-01 2.057918606379284532e-02 1.292790499962578193e-02
5.786411466642360028e+04 3.982726322608459100e+02 8.673241064795860211e-01 1.210926671740418792e-01 1.158322634637221071e-02
5.787822169053240214e+04 5.083578088433108064e+02 8.019251025400746524e-01 1.919969596017129243e-01 6.077937858212440619e-03
5.787822373693290137e+04 4.872250363037402394e+02 7.365395261190696985e-01 2.578788501062633798e-01 5.581623774666880089e-03
5.787822578078699735e+04 5.108522530680360774e+02 8.136621918358446504e-01 1.801416102212241299e-01 6.196197942931172022e-03
5.788727339337959711e+04 2.872398391477740347e+02 4.379672607335121093e-01 5.563543968054623923e-01 5.678342461025634620e-03
5.788727544106479763e+04 3.998082522914263564e+02 8.063899033942478756e-01 1.836740346257736967e-01 9.936061979978410424e-03
5.788727751406250172e+04 2.312577475927955675e+02 4.291970860076605998e-01 5.623899586491261093e-01 8.412955343213219736e-03
5.789498600013890245e+04 4.285995949594343415e+02 6.186412911531163905e-01 3.762700664549057383e-01 5.088642391977873762e-03
5.789498804668980301e+04 4.356943364202523981e+02 6.397241014040200291e-01 3.550102820007143833e-01 5.265616595265664758e-03
5.789499009097219823e+04 4.546198550255215878e+02 6.865981059793735408e-01 3.078308570460817628e-01 5.571036974544692905e-03
5.790323556789349823e+04 4.070481798096494686e+02 7.003282972035543841e-01 2.924416852351313101e-01 7.230017561314208696e-03
5.790323764157410187e+04 3.744157847166048327e+02 6.149323790845573345e-01 3.784793103900000455e-01 6.588310525442626908e-03
5.790323971211809840e+04 4.014219979899512509e+02 6.548187052091590798e-01 3.386819817693088597e-01 6.499313021532141139e-03
5.791098384990740306e+04 4.760827523325204993e+02 7.965860762875690559e-01 1.965759384099709239e-01 6.837985302459990630e-03
5.791098589741899923e+04 4.752091529401052981e+02 7.941825353003135746e-01 1.989956690175122556e-01 6.821795682174231455e-03
5.791098794153940253e+04 4.689867541110595539e+02 7.642944331123452395e-01 2.292188062009557215e-01 6.486760686698930627e-03
5.791804778619210265e+04 3.314370056355401744e+02 9.163477777072230879e-01 6.498213684709956695e-02 1.867008544567734171e-02
5.791804983322919725e+04 3.443146765111178524e+02 7.469738704178725541e-01 2.415306422454635560e-01 1.149548733666395234e-02
5.791805190278939699e+04 3.804039122639103994e+02 7.255250720760767491e-01 2.655902326414517622e-01 8.884695282471474775e-03
5.792505632480319764e+04 3.943352886224413396e+02 5.415929272391221128e-01 4.537998170324747949e-01 4.607255728403087183e-03
5.772634417016200314e+04 3.804165602726408224e+02 6.539153303908340487e-01 3.388677503519979539e-01 7.216919257168017375e-03
5.772634621746530320e+04 3.709505012686443024e+02 6.229515868993118488e-01 3.701602359882272819e-01 6.888177112460844125e-03
5.773335479246530303e+04 2.935815319027427108e+02 3.852769590668306265e-01 6.105165859329193534e-01 4.206455000250078173e-03
5.773335686430559872e+04 2.801546929084049680e+02 3.492674680503986551e-01 6.469363405130802436e-01 3.796191436521148630e-03
5.773335891081020236e+04 2.597971517683964180e+02 3.002150605659140714e-01 6.965233911175368053e-01 3.261548316549278941e-03
5.774122674336809723e+04 3.405498006925238883e+02 5.542166970680078020e-01 4.393144751726957287e-01 6.468827759296571708e-03
5.774122955451389862e+04 3.463152900118719231e+02 5.574965106975126039e-01 4.361740008564215509e-01 6.329488446065858163e-03
5.774123162674769992e+04 3.363810627707362642e+02 5.191559483174446044e-01 4.750262323691270550e-01 5.817819313428251350e-03
5.774928157427079714e+04 3.474963041111647044e+02 5.384685901601669045e-01 4.556666800464233558e-01 5.864729793409809155e-03
5.774928362151620240e+04 3.786139908209027567e+02 6.316614473998536372e-01 3.615402097534171633e-01 6.798342846729067690e-03
5.774928569214120216e+04 3.570702159473136703e+02 5.634641173315273477e-01 4.304537916730905023e-01 6.082090995382221157e-03
5.775723207074069796e+04 4.065285738821304449e+02 7.186827458921019041e-01 2.736838207056946359e-01 7.633433402203478220e-03
5.775723414351850079e+04 3.779324654979304228e+02 6.088314261755209955e-01 3.848299736470760513e-01 6.338600177402910728e-03
5.775723621420140262e+04 3.950286971946262042e+02 6.666370685101397076e-01 3.264070966397283335e-01 6.955834850131929412e-03
5.776435706200230197e+04 3.928064783344030388e+02 7.043286693103139040e-01 2.878185930762483524e-01 7.852737613437734895e-03
5.776435913623840315e+04 4.127570844998768962e+02 7.795568642314656405e-01 2.117308088245297149e-01 8.712326944004545812e-03
5.776436118144680222e+04 4.365569002082608563e+02 8.749237450445533915e-01 1.152658636719787605e-01 9.810391283467775198e-03
5.777233828069439915e+04 3.395757306544650760e+02 6.118674172975592240e-01 3.802026590958954566e-01 7.929923606545206602e-03
5.777234032824070164e+04 3.069248438156247971e+02 4.993287346548305750e-01 4.942067396231633047e-01 6.464525722006043106e-03
5.777234237812500214e+04 2.845580774187732231e+02 4.311663510354521445e-01 5.632260683984778860e-01 5.607580566069825592e-03
5.777934543577550357e+04 3.561202601352478041e+02 7.515913159718295988e-01 2.375294635015613165e-01 1.087922052660911243e-02
5.777934750718750001e+04 3.387445230394118312e+02 6.811914150418107994e-01 3.089316679456589054e-01 9.876917012530279580e-03
5.777934957790510089e+04 2.791664196640617206e+02 4.610962566156940889e-01 5.322405184167333658e-01 6.663224967572632836e-03
5.778635136835650337e+04 3.911035066095242883e+02 7.770206438291054063e-01 2.133386392289783606e-01 9.640716941916271238e-03
5.778635344240740233e+04 3.794794638833033673e+02 7.380494369949615052e-01 2.527116264055030426e-01 9.238936599535500782e-03
5.778635548760420352e+04 3.841691227648679501e+02 7.493983670388028040e-01 2.413075143632985586e-01 9.294118597898607878e-03
5.779424990355320188e+04 2.883536519353131098e+02 4.332859229436056836e-01 5.611993263647940822e-01 5.514750691600162243e-03
5.779425195087960310e+04 3.126681426277693845e+02 5.099599769138837280e-01 4.835427285448629098e-01 6.497294541253339703e-03
5.779425399725689931e+04 3.083515522951447565e+02 4.887567213994821191e-01 5.051067771022291764e-01 6.136501498288646390e-03
5.780125410884260054e+04 3.153089101023853686e+02 5.495795432758073806e-01 4.430002455029249941e-01 7.420211221267692010e-03
5.780125618298610061e+04 3.886390900578111314e+02 8.303915945085831307e-01 1.584577457244288334e-01 1.115065976698809656e-02
5.792506044400460087e+04 3.984078782055351553e+02 5.499683398312853466e-01 4.453774372566820516e-01 4.654222912032717104e-03
5.793308914398150227e+04 4.789408622030194920e+02 8.759343695105613614e-01 1.158959139506622743e-01 8.169716538776291420e-03
5.793309119048609864e+04 4.870837729650513666e+02 9.069254212399662229e-01 8.460691771971612374e-02 8.467661040317556176e-03
5.793309323693290207e+04 4.714960530512313994e+02 8.423199247165743531e-01 1.498849040140398381e-01 7.795171269385761138e-03
5.794201711207180051e+04 3.696031674557311248e+02 6.413092479495710041e-01 3.513372998536647418e-01 7.353452196764257570e-03
5.794201918894679693e+04 3.542770083212374743e+02 5.908221921611689353e-01 4.023849066214545966e-01 6.792901217376315359e-03
5.794202124114579783e+04 3.414364789015398287e+02 5.465839537029882900e-01 4.471568070137866280e-01 6.259239283225088123e-03
5.794902135501160228e+04 3.667283929657659201e+02 7.268633808879935154e-01 2.635416375191403371e-01 9.594981592866227288e-03
5.794902342686340126e+04 3.672794556710014717e+02 6.997334702669846251e-01 2.914011026791995529e-01 8.865427053815839314e-03
5.794902547202550340e+04 3.591840684384172846e+02 6.739966053896119247e-01 3.174031872100555596e-01 8.600207400332394309e-03
5.795602554311339918e+04 4.686899523274278749e+02 8.278301298316064205e-01 1.645501537535331571e-01 7.619716414860427597e-03
5.795602759527780290e+04 4.570609005450166933e+02 7.899706851680612374e-01 2.027330356056929461e-01 7.296279226245812148e-03
5.795602964086810243e+04 4.603995007100834869e+02 7.977891109057985153e-01 1.948770030478895465e-01 7.333886046311883546e-03
5.796499293421299808e+04 1.109363515874484989e+02 1.395963800932185361e-01 8.565361388747416704e-01 3.867481032039886673e-03
5.796499498196759669e+04 1.650829582746114284e+02 2.257696465601272962e-01 7.696620572126867676e-01 4.568296227185996046e-03
5.755421627608800191e+04 1.383857516909760648e+02 3.393169242305148492e-01 6.459986852374568489e-01 1.468439053202832793e-02
5.759899642730320193e+04 3.668685500491160383e+02 5.966390998279613722e-01 3.969009362580546152e-01 6.459963913983944941e-03
5.772634212504629977e+04 3.632679651556838394e+02 5.944435488170516368e-01 3.990161963402900080e-01 6.540254842658507761e-03
5.780125822796300054e+04 3.670458960136551241e+02 7.367064638821277933e-01 2.534539721672097179e-01 9.839563950662438482e-03
5.792505839787040168e+04 4.004387488479094372e+02 5.538218312245400954e-01 4.415062467255422840e-01 4.671922049917557294e-03
5.796499702621530014e+04 4.216584116203247135e+01 5.066530874654701089e-02 9.458083244284327673e-01 3.526366825020386606e-03
5.759899847901619796e+04 3.316267649499964136e+02 4.902141593253920848e-01 5.044488039556415115e-01 5.337036718966427055e-03
5.769131419668979652e+04 nan nan nan nan
5.769131626776619669e+04 nan nan nan nan
5.769131833840280160e+04 nan nan nan nan
5.769338602006940346e+04 nan nan nan nan
5.769338806991899764e+04 nan nan nan nan
5.769339011508099793e+04 nan nan nan nan
5.770134931630789652e+04 4.456476574181373280e+02 8.940615886700730153e-01 9.610782877426342352e-02 9.830582555663575084e-03
5.770135136431710271e+04 4.146539018099475129e+02 7.721245738250082091e-01 2.194064507323980617e-01 8.468975442593696182e-03
5.770135341181710100e+04 4.389384263221034530e+02 8.563412890086589124e-01 1.343623238559910615e-01 9.296387135350065931e-03
5.771135891380789690e+04 4.222653761419883978e+01 4.220963199935965499e-02 9.553498623179581539e-01 2.440505682682329869e-03
5.771136096131939848e+04 8.437756420057304751e+01 8.074230830033975181e-02 9.170211551955673723e-01 2.236536504092674627e-03
5.771136301688660024e+04 1.337664607699858550e+02 1.160991370290228447e-01 8.820609759865996047e-01 1.839886984377425271e-03
5.771924791943289893e+04 2.960274840963583642e+02 4.339260217666451314e-01 5.608259645559687812e-01 5.248013677386109167e-03
5.771924999274309812e+04 3.131780546308202702e+02 4.700689327233765757e-01 5.244284654081354802e-01 5.502601868487964898e-03
5.771925203789350053e+04 2.904841864451252604e+02 4.057329984227980302e-01 5.895019971553444593e-01 4.765004421857567743e-03
5.755421834906250297e+04 2.375728657088147031e+02 5.459580141236753947e-01 4.411430924349180605e-01 1.289889344140660032e-02
5.755422042105319997e+04 1.715428532628435789e+02 3.375387685676456417e-01 6.530047472279300047e-01 9.456484204424386517e-03
5.756209248620369908e+04 3.070198388696741176e+02 4.397853890043863512e-01 5.552030115614967620e-01 5.011599434116820011e-03
5.756209453456020128e+04 2.891227732748361632e+02 3.831508289004684209e-01 6.125597115779553015e-01 4.289459521576261154e-03
5.756209657984950172e+04 3.095265527922579736e+02 4.384574828139795599e-01 5.566414936567923855e-01 4.901023529228058090e-03
5.756911800738429883e+04 4.212898509960776323e+02 9.003853898705889147e-01 8.845825008396403233e-02 1.115636004544710499e-02
5.756912005475690239e+04 3.577349321488487135e+02 6.562702904145867322e-01 3.355097359509319199e-01 8.219973634481360023e-03
5.756912210134259658e+04 3.157196083012413510e+02 5.989902805148036302e-01 3.922181972846607301e-01 8.791522200535674403e-03
5.758399242811340082e+04 3.658534684947955498e+02 6.635567885917361686e-01 3.284085149034084439e-01 8.034696504855293880e-03
5.758399447690969828e+04 3.965806628523922086e+02 7.759817907731674236e-01 2.146670031305029369e-01 9.351206096329618689e-03
5.758399652326390060e+04 3.649603834299207961e+02 6.476317058757036227e-01 3.446771244394550848e-01 7.691169684841272537e-03
5.759101543976849644e+04 3.959597048719716668e+02 7.838005179322508065e-01 2.066289353959686048e-01 9.570546671780514117e-03
5.759101748648149805e+04 2.844230798024551632e+02 5.275246693653570240e-01 4.640733144186378611e-01 8.402016216005118304e-03
5.759101953285880154e+04 3.203077371450934265e+02 5.738821643644169690e-01 4.182774353926346222e-01 7.840400242948327228e-03
5.759899435380790237e+04 3.380261113260094135e+02 5.140759294295609294e-01 4.802749391634716924e-01 5.649131406967402430e-03
5.805532454843750020e+04 2.723527931546184391e+02 4.183275589196126520e-01 5.759101270501714165e-01 5.762314030215893307e-03
5.805532662721059751e+04 2.678628566914193811e+02 4.042785608511700324e-01 5.901577345068242941e-01 5.563704642005754160e-03
5.805532867262729997e+04 2.760593066568765721e+02 4.287331981565203343e-01 5.653756925709426673e-01 5.891109272536994117e-03
5.806233003357639973e+04 3.240588273924686291e+02 5.557699612917625931e-01 4.370459768261711897e-01 7.184061882066257974e-03
5.806233210521990259e+04 3.520174656986145010e+02 6.556573894980316508e-01 3.358692997613530462e-01 8.473310740615339412e-03
5.806233414921299845e+04 3.485993428489904886e+02 6.314832597412987081e-01 3.605018386900225580e-01 8.014901568678737404e-03
5.807035998547449708e+04 4.392139998039426132e+02 8.980913190566136572e-01 9.169655211890888336e-02 1.021212882447751491e-02
5.807036205874999723e+04 3.464963955964689717e+02 5.581215177131415572e-01 4.355414236221113455e-01 6.337058664747094623e-03
5.807036410302080185e+04 3.215951072977208014e+02 4.762654004643344652e-01 5.183777822208081032e-01 5.356817314857513154e-03
5.807925312800930260e+04 2.271274762967675542e+02 2.656810475897929402e-01 7.309769293945904689e-01 3.342023015616678912e-03
5.807925519999999960e+04 2.226643629433451110e+02 2.512841517056693119e-01 7.456051606391336239e-01 3.110687655197021638e-03
5.807925724394679855e+04 2.290553105484732441e+02 2.664355837487699663e-01 7.302597214316970398e-01 3.304694819533032530e-03
5.808635550745369983e+04 2.963979429627236186e+02 3.870780639366004916e-01 6.087563665444059025e-01 4.165569518993599875e-03
5.808635755370370316e+04 2.803659916065184916e+02 3.433082343634814015e-01 6.530295373531963543e-01 3.662228283322361676e-03
5.808635959826390172e+04 2.366085080819736390e+02 2.440767275094842259e-01 7.533241923768154713e-01 2.599080113700396460e-03
5.809433205741900019e+04 3.414015583608608040e+02 5.217763359281096802e-01 4.725185360273897461e-01 5.705128044500682935e-03
5.809433412939820118e+04 3.233672176219782841e+02 4.666928388810580031e-01 5.282197371562556976e-01 5.087423962686349679e-03
5.809433617457179935e+04 3.103776335907489283e+02 4.272602159286661982e-01 5.681113752457801480e-01 4.628408825553849762e-03
