5.794202174499999819e+04 nan nan nan nan
5.758399705600000016e+04 nan nan nan nan
5.820533380400000169e+04 nan nan nan nan
5.792506100400000287e+04 6.162946436928243656e+02 8.855836714889036010e-01 1.635324557329617852e-03 1.127810039537667508e-01
5.772634675399999833e+04 3.650628036991309955e+02 7.613582485311242154e-01 1.069077034952654361e-03 2.375726744339231589e-01
5.806233470400000078e+04 5.427569592080317307e+02 8.619648781857122133e-01 2.755192052181391427e-04 1.377596026090696646e-01
5.781719312199999695e+04 4.280171421648545902e+02 8.019343478779581424e-01 6.327363523743830334e-03 1.917382885982979179e-01
5.814031880200000160e+04 nan nan nan nan
5.812536633666999842e+04 3.147511045358962747e+02 7.080859903724967541e-01 1.548028838933729161e-02 2.764337212381658970e-01
5.774928621600000042e+04 4.890905616002193028e+02 8.367665007592266502e-01 3.357398123463504764e-03 1.598761011173097379e-01
5.754707267400000273e+04 3.447935323021815179e+02 7.429637687557670844e-01 3.423768250416520630e-03 2.536124629938162900e-01
5.809433671799999865e+04 4.146891273590506444e+02 7.944974781416420662e-01 5.012256630691657409e-03 2.004902652276663033e-01
5.773335945999999967e+04 4.410902567566358812e+02 8.134798002332848110e-01 7.431083656044432323e-04 1.857770914011107888e-01
5.756912264600000344e+04 nan nan nan nan
5.793309379199999967e+04 3.445734827858832432e+02 7.442746896568710469e-01 8.919168771309933562e-04 2.548333934659980371e-01
5.789499064199999702e+04 5.217392293596232093e+02 8.523893686197607789e-01 1.822353473830114548e-03 1.457882779064091638e-01
5.771925258400000166e+04 nan nan nan nan
5.775723675499999808e+04 nan nan nan nan
5.822235595399999875e+04 4.764253935711047347e+02 8.301746186480457590e-01 3.980282375436426656e-03 1.658450989765177797e-01
5.776436173199999757e+04 nan nan nan nan
5.805532922400000098e+04 4.886184153155691092e+02 8.363094731835657436e-01 3.680236673292263880e-03 1.600102901431419422e-01
5.811735889599999791e+04 3.019696313910053505e+02 7.023227918211171206e-01 2.215959366095902709e-03 2.954612488127870140e-01
5.816135636199999863e+04 3.415310810848682763e+02 7.388662146461342228e-01 5.496207914936966817e-03 2.556375774389286759e-01
5.808636015600000246e+04 3.160331507087114460e+02 7.170953617446533812e-01 1.687304005499085493e-03 2.812173342498475725e-01
5.829518090400000074e+04 nan nan nan nan
5.780937131200000294e+04 nan nan nan nan
5.817536970000000292e+04 3.311530220997897800e+02 7.284401080336544432e-01 7.268026305668616634e-03 2.642918656606769723e-01
5.759899903600000107e+04 nan nan nan nan
5.769339066399999865e+04 3.870125402583413461e+02 7.786686528687948305e-01 2.211102368943107565e-04 2.211102368943109742e-01
5.779425455399999919e+04 nan nan nan nan
5.774123215599999821e+04 4.270124558479072334e+02 8.043533160032549922e-01 1.841152548755896389e-03 1.938055314479891211e-01
5.795603018600000360e+04 3.536867726640745104e+02 7.502051877601192409e-01 4.054711659575046395e-03 2.457401005803058758e-01
5.825323264000000199e+04 4.310553695422235592e+02 8.072778965324433065e-01 1.149436004776679910e-03 1.915726674627799830e-01
5.831410467200000130e+04 4.810139845949458959e+02 8.341725975264335791e-01 1.560535238730936976e-03 1.642668672348354952e-01
5.818237404399999650e+04 nan nan nan nan
5.816836050399999658e+04 nan nan nan nan
5.813237073999999848e+04 nan nan nan nan
5.777234281500000361e+04 nan nan nan nan
5.788727804399999877e+04 2.695646357726487850e+02 6.645532457848460917e-01 3.485592201147070818e-03 3.319611620140068275e-01
5.751604474399999890e+04 4.818100771905002375e+02 8.346820982468502459e-01 1.393358616660162093e-03 1.639245431364896033e-01
5.753022185000000172e+04 4.779919869499657921e+02 8.332645180866347090e-01 7.469484008065143798e-04 1.659885335125587669e-01
5.830710055599999760e+04 4.018379708675348070e+02 7.891401303560455771e-01 2.106492204235309719e-04 2.106492204235309862e-01
5.752321772999999666e+04 1.750247095558897001e+02 5.158365340709363256e-01 9.725968693332488410e-03 4.744374972357311426e-01
5.824427943799999775e+04 4.274208663729577324e+02 8.033059267891098365e-01 3.762172072204374249e-03 1.929319011386858573e-01
5.787822632400000293e+04 6.730010820185819966e+02 9.019056057622939493e-01 0.000000000000000000e+00 9.809439423770606459e-02
5.807925779399999738e+04 4.318836684555482179e+02 8.064231751889102684e-01 3.142171775093930038e-03 1.904346530359957712e-01
5.780125876599999901e+04 4.030330507875393664e+02 7.892033080337326201e-01 1.361329853731482091e-03 2.094353621125357445e-01
5.822936331800000335e+04 4.639984389735155901e+02 8.251172798795798347e-01 2.159045927412595565e-03 1.727236741930076314e-01
5.814732854000000225e+04 nan nan nan nan
5.791098849599999812e+04 2.764415449830918305e+02 6.731009535030879620e-01 3.076315940287929589e-03 3.238227305566241387e-01
5.810934593000000314e+04 2.893659201792185627e+02 6.891301292863544203e-01 1.084249673640019437e-03 3.097856210400055654e-01
5.827812742399999843e+04 nan nan nan nan
5.815435213400000066e+04 nan nan nan nan
5.756209713000000193e+04 4.896351810860159048e+02 8.378910028602254423e-01 2.159320632843567209e-03 1.599496765069309268e-01
5.790324025799999799e+04 3.150152303284451136e+02 7.164682439877870790e-01 9.888999960565479034e-04 2.825428560161565295e-01
5.791805243000000337e+04 4.231351463333286915e+02 8.011569308465928962e-01 3.035024689195283190e-03 1.958080444642118223e-01
5.778635604199999943e+04 nan nan nan nan
5.794902591750000283e+04 2.626178599544866756e+02 6.566430645223655382e-01 1.878133411364485373e-03 3.414788020662700707e-01
5.755422095200000331e+04 2.305404915483667310e+02 6.118339995920549779e-01 3.462333006611998006e-03 3.847036674013330493e-01
5.807036465799999860e+04 3.723313772940283002e+02 7.644550458394763215e-01 5.295732107225848036e-03 2.302492220532977585e-01
5.770135396400000172e+04 5.112579933574243114e+02 8.448724440327725071e-01 5.966444460277975891e-03 1.491611115069494120e-01
5.771136364332999801e+04 3.561662520728007735e+02 7.542148826412234941e-01 8.572475443504910071e-04 2.449278698144260746e-01
5.786411510249999992e+04 nan nan nan nan
5.819023160400000052e+04 2.370220495049101430e+02 6.197103223259559091e-01 6.907569010279642277e-03 3.733821086637644782e-01
5.819815802666999662e+04 nan nan nan nan
