5.750802856400459859e+04 4.546124118146869932e+02 8.000710945594360357e-01 1.923640223591713549e-01 7.564883081392552097e-03
5.750803061267360317e+04 4.370233882119001692e+02 7.369679379778610873e-01 2.560863709057943360e-01 6.945691116344538535e-03
5.750803268356480112e+04 4.575213745225491380e+02 7.998540652452290622e-01 1.926809938624258201e-01 7.464940892345038777e-03
5.751604011126160185e+04 4.360985565871696963e+02 8.818973213532279587e-01 1.081143140760888188e-01 9.988364570683212068e-03
5.751604215731479781e+04 4.705380476306729634e+02 8.651759563785265117e-01 1.265665731741680844e-01 8.257470447305502795e-03
5.751604420141199807e+04 4.368622195113567841e+02 7.459096758166721131e-01 2.469698134937371170e-01 7.120510689590824581e-03
5.752321306202549749e+04 1.798257287583867026e+02 6.770309377848779953e-01 2.883479505624926276e-01 3.462111165262937024e-02
5.752321513501159643e+04 2.850603232422852216e+02 8.937342213586725315e-01 8.225695588311945916e-02 2.400882275820807876e-02
5.752321720414349693e+04 2.182646621069331729e+02 7.636701581724563148e-01 2.064297568746736866e-01 2.990008495287003326e-02
5.753021721699069894e+04 3.714727560310067247e+02 5.798882619753729095e-01 4.141597460499810701e-01 5.951991974645972662e-03
5.753021926346060354e+04 3.899229278757995871e+02 6.353295541835127791e-01 3.581860695476556944e-01 6.484376268831677434e-03
5.753022130751160148e+04 3.530096511278157436e+02 5.194520259367174653e-01 4.752593174715415980e-01 5.288656591740993965e-03
5.754706797363430087e+04 3.358142380002367986e+02 5.169005113198478218e-01 4.773126237016838136e-01 5.786864978468407063e-03
5.754707007224539848e+04 3.301402800381382576e+02 4.929632835195280061e-01 5.015909407294300015e-01 5.445775751041944703e-03
5.754707211745370296e+04 3.325247545167576391e+02 5.039857626098408483e-01 4.904035482163495718e-01 5.610689173809558193e-03
5.755421627608800191e+04 nan nan nan nan
5.755421834906250297e+04 2.278309063286356775e+02 5.022109999393127300e-01 4.859210747889763371e-01 1.186792527171088782e-02
5.755422042105319997e+04 1.619139832930703733e+02 3.009122932496149927e-01 6.906516637716105800e-01 8.436042978774567838e-03
5.756209248620369908e+04 4.439354661117569094e+02 9.187925177303364332e-01 7.074528626617586358e-02 1.046219600348763205e-02
5.756209453456020128e+04 4.287240631562580120e+02 8.432257366317047476e-01 1.473258339338477940e-01 9.448429434447427194e-03
5.756209657984950172e+04 4.436554422020094535e+02 9.012002322041846591e-01 8.872166925659077941e-02 1.007809853922461869e-02
5.756911800738429883e+04 3.401340222517260941e+02 5.868402454728822715e-01 4.058892044935431542e-01 7.270550033574547412e-03
5.756912005475690239e+04 3.359727259513638842e+02 5.784558302518457706e-01 4.143038124856430748e-01 7.240357262511228249e-03
5.756912210134259658e+04 3.038061173606080843e+02 5.546060982995999478e-01 4.372542862140886277e-01 8.139615486311441855e-03
5.758399242811340082e+04 3.583434771560183663e+02 6.357701010432244004e-01 3.565416253547842307e-01 7.688273601991392307e-03
5.758399447690969828e+04 3.486242937329859046e+02 6.000261566224809329e-01 3.927386072765725045e-01 7.235236100946536644e-03
5.758399652326390060e+04 3.445718175825792855e+02 5.770481657291161026e-01 4.161018076508990471e-01 6.850026619984869378e-03
5.759101543976849644e+04 3.508055730757735091e+02 6.149159835819698605e-01 3.775794391696923880e-01 7.504577248337636168e-03
5.759101748648149805e+04 2.893463607333971481e+02 5.457382079812711506e-01 4.455729818449221113e-01 8.688810173806680789e-03
5.759101953285880154e+04 3.217024317529043174e+02 5.791096538503361923e-01 4.129755349616475169e-01 7.914811188016268248e-03
5.759899435380790237e+04 4.151270391783542095e+02 7.748926050944426880e-01 2.165970213032356317e-01 8.510373602321822523e-03
5.780125822796300054e+04 3.867913487777927912e+02 8.184108395090009536e-01 1.706542085424886668e-01 1.093495194851032762e-02
5.780936665247679775e+04 3.517265598101937485e+02 7.534760370497308735e-01 2.353152383597187369e-01 1.120872459055028379e-02
5.780936871119210264e+04 3.476905939837351980e+02 7.360722303527607036e-01 2.529810846716182282e-01 1.094668497562101619e-02
5.780937075761570304e+04 3.546267825286387279e+02 7.655129702829304161e-01 2.231057871280822669e-01 1.138124258898731526e-02
5.781718846579860110e+04 3.815936919455789393e+02 7.446673642115627656e-01 2.460312018688625979e-01 9.301433919574594866e-03
5.781719053767360310e+04 3.944532872744852057e+02 7.966491995877706955e-01 1.933882455539073508e-01 9.962554858321958848e-03
5.781719258413190255e+04 3.865883912357067516e+02 7.593038323137102363e-01 2.312737749209675120e-01 9.422392765322230856e-03
5.785705548473379895e+04 2.969104339568771707e+02 9.317322101331664275e-01 4.421536114687037861e-02 2.405242871996320433e-02
5.785705753340280353e+04 nan nan nan nan
5.785705957910879806e+04 nan nan nan nan
5.786411054701390094e+04 2.920924996657644783e+02 4.666494286857904572e-01 5.271165497062466621e-01 6.234021607962949262e-03
5.786411259569440153e+04 2.907175558323907580e+02 4.629283899199003183e-01 5.308784436567542953e-01 6.193166423345382136e-03
5.786411466642360028e+04 3.024022569658107500e+02 5.000140796691340261e-01 4.933082950013431001e-01 6.677625329522885074e-03
5.787822169053240214e+04 5.341698105390764795e+02 8.850335604653458699e-01 1.082615992528236787e-01 6.704840281830545118e-03
5.787822373693290137e+04 5.146487460670247174e+02 8.215075955103335881e-01 1.722689865780965279e-01 6.223417911569890937e-03
5.787822578078699735e+04 5.206586959937061465e+02 8.449884535348860526e-01 1.485784074931566778e-01 6.433138971957244427e-03
5.788727339337959711e+04 3.355762585327922807e+02 5.981290196505680834e-01 3.941114590558259523e-01 7.759521293606065802e-03
5.788727544106479763e+04 3.416506730603729807e+02 5.890237254328962724e-01 4.037164077746672186e-01 7.259866792436653858e-03
5.788727751406250172e+04 2.241636586245551825e+02 4.033921170771240239e-01 5.886983281311504168e-01 7.909554791725484715e-03
5.789498600013890245e+04 4.967029493532117499e+02 8.309405804543520402e-01 1.622238595809757933e-01 6.835559964672064184e-03
5.789498804668980301e+04 4.849087033175493957e+02 7.924194654680569716e-01 2.010579765351886705e-01 6.522557996754415124e-03
5.789499009097219823e+04 4.797030305683232427e+02 7.646141858633467292e-01 2.291804479469962130e-01 6.205366189657101142e-03
5.790323556789349823e+04 4.304465622040476092e+02 7.826668394901589165e-01 2.092581514692984646e-01 8.075009040542573818e-03
5.790323764157410187e+04 4.211310123380912955e+02 7.777414118122208952e-01 2.139282307463815092e-01 8.330357441397618148e-03
5.790323971211809840e+04 4.211189316809463321e+02 7.205504435663298013e-01 2.722988839805047800e-01 7.150672453165386570e-03
5.791098384990740306e+04 5.243423090273670368e+02 9.661366428114381844e-01 2.557105843288371219e-02 8.292298755678141620e-03
5.791098589741899923e+04 4.986388538128962864e+02 8.749492184345442070e-01 1.175307251118745955e-01 7.520056453581181084e-03
5.791098794153940253e+04 4.957711052152876050e+02 8.535848480387254744e-01 1.391748178277522896e-01 7.240334133522259401e-03
5.791804778619210265e+04 3.067427990800719044e+02 7.850087167318319237e-01 1.989946774653421346e-01 1.599660580282588271e-02
5.791804983322919725e+04 3.439660093064720172e+02 7.457028370130441841e-01 2.428175255412187428e-01 1.147963744573706965e-02
5.791805190278939699e+04 3.865925777237754914e+02 7.495086375646098364e-01 2.413107025595136457e-01 9.180659875876519618e-03
5.772634417016200314e+04 4.345540377557169904e+02 8.528208071198180029e-01 1.377720956420731280e-01 9.407097238108832679e-03
5.772634621746530320e+04 4.034678156571862928e+02 7.369996797818751944e-01 2.548505673178306785e-01 8.149752900294160093e-03
5.773335479246530303e+04 4.192887986435873700e+02 7.861088194578750299e-01 2.053056635168827027e-01 8.585517025242269187e-03
5.773335686430559872e+04 4.710449117205815242e+02 9.878502150498900125e-01 1.407783646615240643e-03 1.074200130349468527e-02
5.773335891081020236e+04 4.142848305674698395e+02 7.636016646548756670e-01 2.281005287708911811e-01 8.297806574233150198e-03
5.774122674336809723e+04 3.347319761694044473e+02 5.352441555259660477e-01 4.585107774796347013e-01 6.245066994399251815e-03
5.774122955451389862e+04 3.509106090420536361e+02 5.722221369470723573e-01 4.212830904505729945e-01 6.494772602354622129e-03
5.774123162674769992e+04 3.624002522028077919e+02 6.025993758842622672e-01 3.906474490297306978e-01 6.753175086007116509e-03
5.774928157427079714e+04 4.262979199161589463e+02 8.100928735368523315e-01 1.810870808071027849e-01 8.820045656044932236e-03
5.774928362151620240e+04 4.265071280189607137e+02 8.006923327689662306e-01 1.906995853539277253e-01 8.608081877105946966e-03
5.774928569214120216e+04 4.232832715392706859e+02 7.913676750488307654e-01 2.000949955183005946e-01 8.537329432868523763e-03
5.775723207074069796e+04 4.265365841420566539e+02 7.904050465904520761e-01 2.012078022035276026e-01 8.387151206020316066e-03
5.775723414351850079e+04 4.810953343121586272e+02 9.856891318965069759e-01 4.058002066328239565e-03 1.025286603716474808e-02
5.775723621420140262e+04 4.665099761825173914e+02 9.298590496980017051e-01 6.043719111449225023e-02 9.703759187506008285e-03
5.776435706200230197e+04 2.693753865627639925e+02 3.314005454258243666e-01 6.649027201368093998e-01 3.696734437366305630e-03
5.776435913623840315e+04 2.702786804924054422e+02 3.341606782550030630e-01 6.621058338765838380e-01 3.733487868413279832e-03
5.776436118144680222e+04 2.788821706841902710e+02 3.569613075250805956e-01 6.390371408496855476e-01 4.001551625234015495e-03
5.777233828069439915e+04 2.951729247124067683e+02 4.621948418059159125e-01 5.318165653270545690e-01 5.988592867029555837e-03
5.777234032824070164e+04 3.200687315757373312e+02 5.430684233844362829e-01 4.499000400004108391e-01 7.031536615152883182e-03
5.777234237812500214e+04 3.185448659129025941e+02 5.402186283631308372e-01 4.527567080733016502e-01 7.024663563567572384e-03
5.777934543577550357e+04 3.076928067996126970e+02 5.611442995316063831e-01 4.307322214914228176e-01 8.123478976970811491e-03
5.777934750718750001e+04 3.113956622120795146e+02 5.754023149931613013e-01 4.162580752320737543e-01 8.339609774764847328e-03
5.777934957790510089e+04 3.376988523784112317e+02 6.743083693193204775e-01 3.159532764562539842e-01 9.738354224425507105e-03
5.778635136835650337e+04 3.073539360868632002e+02 4.795328758035033445e-01 5.145216451578694672e-01 5.945479038627291511e-03
5.778635344240740233e+04 3.023941907942758576e+02 4.684522124198512438e-01 5.256862529093846437e-01 5.861534670764150662e-03
5.778635548760420352e+04 2.982938088372937955e+02 4.513374703298473900e-01 5.430708544465473464e-01 5.591675223605200272e-03
5.779424990355320188e+04 2.097711465787417353e+02 2.292973858628911121e-01 7.677842845376376957e-01 2.918329599471313190e-03
5.779425195087960310e+04 2.098978578797930936e+02 2.296313187546235313e-01 7.674453780311635276e-01 2.923303214212947653e-03
5.779425399725689931e+04 2.118155723463218010e+02 2.305932490525108847e-01 7.665120410708283760e-01 2.894709876660744950e-03
5.780125410884260054e+04 3.789513698661450007e+02 7.938790194407837619e-01 1.954016090328391797e-01 1.071937152637711908e-02
5.792505839787040168e+04 4.705524820343507599e+02 7.647612365675697799e-01 2.287872258219694199e-01 6.451537610460793271e-03
5.792506044400460087e+04 4.642814340170228320e+02 7.472683415114771410e-01 2.464043622293635993e-01 6.327296259159246629e-03
5.793308914398150227e+04 3.685723215059973086e+02 5.188333151165523960e-01 4.763267679178497249e-01 4.839916965597996189e-03
5.793309119048609864e+04 3.523706371130668344e+02 4.747434474980581354e-01 5.208230580217136918e-01 4.433494480228334159e-03
5.793309323693290207e+04 3.607980184363544254e+02 4.930892245077920788e-01 5.023488270399791844e-01 4.561948452228870368e-03
5.794201711207180051e+04 3.614384737317266172e+02 6.133856436645629406e-01 3.795799720196725291e-01 7.034384315764638691e-03
5.794201918894679693e+04 3.628802918331782053e+02 6.196379269985808902e-01 3.732404848006357634e-01 7.121588200783378515e-03
5.794202124114579783e+04 3.657859382113927609e+02 6.270646371475677716e-01 3.657574489551226327e-01 7.177913897309554959e-03
5.794902135501160228e+04 2.689476932244085674e+02 3.910476271583299135e-01 6.037887882093565528e-01 5.163584632313558860e-03
5.794902342686340126e+04 2.703353155512410240e+02 3.790545306562862482e-01 6.161434328860312393e-01 4.802036457682418852e-03
5.794902547202550340e+04 2.769787962965606880e+02 4.001922452042068201e-01 5.947089084178318608e-01 5.098846377961306978e-03
5.795602554311339918e+04 3.410673491739539145e+02 4.378631829631535743e-01 5.581112764946420945e-01 4.025540542204378812e-03
5.795602759527780290e+04 3.403124393950668036e+02 4.378460476656830802e-01 5.581108488590903471e-01 4.043103475226601275e-03
5.795602964086810243e+04 3.480348167162181312e+02 4.558379899885467990e-01 5.399721135928146065e-01 4.189896418638654370e-03
5.796499293421299808e+04 9.075215610048013559e+01 9.336904681851254661e-02 9.040456017626717911e-01 2.585351418815758605e-03
5.796499498196759669e+04 1.134659247255791286e+02 1.066269025756295813e-01 8.912161959357423058e-01 2.156901488627990197e-03
5.759899642730320193e+04 4.287125469030485192e+02 8.143220801909883955e-01 1.768656523346096576e-01 8.812267474401971196e-03
5.772634212504629977e+04 4.096211016276118926e+02 7.554431884887095050e-01 2.362493829756694974e-01 8.307428535621079121e-03
5.780125618298610061e+04 3.643765985264030860e+02 7.300446787946703875e-01 2.601508186994994642e-01 9.804502505830091016e-03
5.792505632480319764e+04 4.681129384639281739e+02 7.630821522103516941e-01 2.304274855126088040e-01 6.490362277039524522e-03
5.796499702621530014e+04 nan nan nan nan
5.805532454843750020e+04 2.906043658987434810e+02 4.761874815583529430e-01 5.172543990937026326e-01 6.558119347944341149e-03
5.805532662721059751e+04 2.781184917491783608e+02 4.359535980893414209e-01 5.580450590530655619e-01 6.001342857593005946e-03
5.805532867262729997e+04 2.796976965423431238e+02 4.396537513556329491e-01 5.543113299449761167e-01 6.034918699390901323e-03
5.806233003357639973e+04 3.893371753692566699e+02 8.024733073004532979e-01 1.871505226583222714e-01 1.037617004122436473e-02
5.806233210521990259e+04 3.699937864285666933e+02 7.245864954334580998e-01 2.660461006594615485e-01 9.367403907080252765e-03
5.806233414921299845e+04 4.215278995287635553e+02 9.240851374778067395e-01 6.417673133864112978e-02 1.173813118355207866e-02
5.807035998547449708e+04 1.965503186677971996e+02 1.798791235155401957e-01 8.180751778374568683e-01 2.045698647002897313e-03
5.807036205874999723e+04 1.730670627159701667e+02 1.392729520579888691e-01 8.591453179363613968e-01 1.581730005649786136e-03
5.807036410302080185e+04 1.450321578316737146e+02 9.688010205235568495e-02 9.020300442674137331e-01 1.089853680230610774e-03
5.807925312800930260e+04 3.426045917380507717e+02 6.043398444072413112e-01 3.880603280843372138e-01 7.599827508421517532e-03
5.807925519999999960e+04 3.391092609736312511e+02 5.824022478550595627e-01 4.103934084850113240e-01 7.204343659929168808e-03
5.807925724394679855e+04 3.649030587204411518e+02 6.763111829483267057e-01 3.152987435258922666e-01 8.390073525780944452e-03
5.808635550745369983e+04 4.406280185133776399e+02 8.553378396969445463e-01 1.354585379780217924e-01 9.203622325033685575e-03
5.808635755370370316e+04 4.485076011694370095e+02 8.783490851511018827e-01 1.122834444777269514e-01 9.367470371171105273e-03
5.808635959826390172e+04 4.358840556850759071e+02 8.288490381187868516e-01 1.623194197246806136e-01 8.831542156532512164e-03
5.759899847901619796e+04 4.121198130140569447e+02 7.560925828030942153e-01 2.356863044522806427e-01 8.221112744625015331e-03
5.769131419668979652e+04 nan nan nan nan
5.769131626776619669e+04 nan nan nan nan
5.769131833840280160e+04 nan nan nan nan
5.769338602006940346e+04 nan nan nan nan
5.769338806991899764e+04 nan nan nan nan
5.769339011508099793e+04 nan nan nan nan
5.770134931630789652e+04 2.904877662851244509e+02 3.792754767007815997e-01 6.165608037589622725e-01 4.163719540256214519e-03
5.770135136431710271e+04 2.949618528559694255e+02 3.903548970871231760e-01 6.053673549249229957e-01 4.277747987953921076e-03
5.770135341181710100e+04 2.839106419344757342e+02 3.581098037217272934e-01 6.380042506941012714e-01 3.885945584171402682e-03
5.771135891380789690e+04 nan nan nan nan
5.771136096131939848e+04 1.627007012233120520e+02 3.004238966019711632e-01 6.912485440372641010e-01 8.327559360764763552e-03
5.771136301688660024e+04 2.766547641835108493e+02 4.964851870559565117e-01 4.956486321980776433e-01 7.866180745965742696e-03
5.771924791943289893e+04 4.034912244784837867e+02 8.057559648108943984e-01 1.845038658386440045e-01 9.740169350461602357e-03
5.771924999274309812e+04 4.117758834323779524e+02 8.121406670369849534e-01 1.783583544157954226e-01 9.500978547219601431e-03
5.771925203789350053e+04 4.314033796077328589e+02 8.947567922646586513e-01 9.473640547862183237e-02 1.050680225671953016e-02
