5.817536762199999794e+04 6.705687272102611587e+02 4.108301371077585640e-01 7.662539756623758247e-02 5.125444653260038397e-01
5.805532712599999650e+04 7.969127918090201774e+02 4.537393181613055826e-01 1.035858991493148196e-01 4.426747826893795978e-01
5.830709846999999718e+04 6.071250289355423320e+02 3.790639124020610540e-01 8.862911151740832105e-02 5.323069760805304584e-01
5.776435963400000037e+04 7.269506683972274459e+02 4.418376533665782091e-01 5.372281058875681692e-02 5.044395360446649601e-01
5.787822426000000269e+04 9.971773549017217420e+02 5.478515082274029169e-01 3.998031331079481693e-02 4.121681784618023148e-01
5.813236860000000161e+04 7.274823067068629143e+02 4.377746715971696512e-01 6.774394898081598226e-02 4.944813794220144776e-01
5.807036255399999936e+04 8.006795113222583495e+02 4.523556354506941268e-01 1.117952881073593224e-01 4.358490764419466479e-01
5.769338857200000348e+04 6.662491453487632498e+02 3.959480219815177948e-01 1.217749496604126069e-01 4.822770283580696815e-01
5.816835840599999938e+04 6.913046933929384750e+02 4.169200177245637184e-01 8.641900929806298204e-02 4.966609729773732718e-01
5.778635394800000358e+04 6.892477494120856818e+02 4.162669401717950524e-01 8.566730912154542354e-02 4.980657507066595935e-01
5.792505889800000296e+04 9.270505919790390408e+02 4.995717655206310948e-01 1.038923909933396617e-01 3.965358434860292158e-01
5.791098640000000159e+04 8.970148833757357352e+02 4.914820286554322792e-01 9.858812745535551481e-02 4.099298438892121088e-01
5.786411311399999977e+04 6.418433797819486699e+02 3.952979530646167916e-01 8.675596818987295344e-02 5.179460787455102411e-01
5.819022951399999874e+04 6.823002880402507344e+02 4.161991058489035167e-01 7.570612117364088067e-02 5.080947729774556443e-01
5.777234083999999712e+04 6.607367825728017579e+02 4.167729426901009004e-01 3.993217392853058711e-02 5.432948833813685541e-01
5.814732644199999777e+04 7.210886447671125552e+02 4.295850072555233434e-01 8.578033450787796166e-02 4.846346582365986255e-01
5.771136154666999937e+04 nan nan nan nan
5.772634468200000265e+04 6.867792388719220753e+02 4.025512894999591085e-01 1.283095581639271121e-01 4.691391523361137517e-01
5.809433462600000348e+04 7.995181627164453175e+02 4.676515595969472638e-01 6.517122197123811911e-02 4.671772184318145893e-01
5.822235386200000357e+04 6.622287093667836189e+02 4.107058337733122677e-01 6.407654926885551772e-02 5.252176169578322007e-01
5.829517882999999711e+04 5.517218670094259778e+02 3.271433794987604338e-01 1.927591388735267197e-01 4.800974816277129853e-01
5.814031669400000101e+04 7.713578334133162571e+02 4.700682690798326235e-01 2.282002669034213435e-02 5.071117042298253219e-01
5.806233260400000290e+04 7.638239866335283068e+02 4.410750668314029621e-01 1.035889387338947837e-01 4.553359944347022403e-01
5.790323814000000129e+04 nan nan nan nan
5.788727594600000157e+04 6.086428800365988536e+02 3.730695807108040385e-01 1.138940696253694373e-01 5.130363496638263854e-01
5.770135188400000334e+04 6.829466865265412707e+02 4.050664347031774359e-01 1.145673438217942181e-01 4.803662214750282211e-01
5.820533170000000246e+04 6.748822929413121301e+02 4.187006346482152752e-01 5.571223573895949660e-02 5.255871296128253878e-01
5.818237183599999844e+04 7.144375453874747564e+02 4.396686480739274705e-01 4.318197312951274625e-02 5.171493787965598665e-01
5.789498855200000253e+04 9.211838508426330918e+02 4.987154578624352075e-01 1.010573627862156598e-01 4.002271793513491049e-01
5.775723464399999648e+04 7.377719018615646291e+02 4.402757280781615101e-01 7.343037798453309895e-02 4.862938939373052660e-01
5.822936122800000157e+04 6.284549539396867885e+02 3.940140340933592222e-01 6.924020336754353744e-02 5.367457625390972265e-01
5.795602811600000132e+04 9.267762587049383001e+02 5.348146711380907803e-01 1.045871218360108421e-02 4.547266166783081043e-01
5.807925570600000356e+04 7.410443950263547777e+02 4.200329667568344361e-01 1.412627720909979401e-01 4.387042611521676516e-01
5.819815611399999761e+04 6.885641464221947672e+02 4.166184839630601711e-01 8.348304471137013572e-02 4.998984713255697487e-01
5.791805034999999771e+04 5.774128504679542857e+02 3.597953279036103513e-01 1.100144674616984203e-01 5.301902046346911312e-01
5.780936923199999728e+04 6.155951186699312530e+02 3.962675034849812428e-01 3.791010053093370191e-02 5.658223959840851247e-01
5.779425246399999742e+04 6.796882301480529804e+02 4.119283414472341143e-01 8.651800520285890528e-02 5.015536533499068694e-01
5.794902391799999896e+04 7.212760966220877208e+02 4.285439746998494503e-01 8.941804529158829673e-02 4.820379800085622946e-01
5.774928413600000204e+04 6.984831013727042546e+02 4.157095877727389754e-01 1.006062961450912979e-01 4.836841160821697128e-01
5.810934433600000193e+04 7.543474500049098879e+02 4.536230592718905608e-01 5.258847192728750841e-02 4.937884688008218337e-01
5.793309171000000060e+04 8.903282244990373329e+02 4.923760625719458273e-01 8.999832045721568863e-02 4.176256169708385535e-01
5.831410258400000021e+04 6.143250525733063796e+02 3.926849495875748275e-01 4.937747538952654697e-02 5.579375750228987574e-01
5.811735680600000342e+04 7.326609482852993551e+02 4.341688714939124782e-01 8.631322299245401675e-02 4.795179055136334911e-01
5.771925050200000260e+04 6.543771836791240730e+02 3.922126167656843632e-01 1.172406655310746088e-01 4.905467177032410975e-01
5.781719103599999653e+04 6.764623379935718503e+02 4.134341269424658405e-01 7.650859213793922975e-02 5.100572809195950130e-01
5.827812535000000207e+04 4.721638715415451770e+02 3.061103605839812780e-01 1.199527995351099136e-01 5.739368398809088223e-01
5.824427735599999869e+04 5.544280953831394072e+02 3.453639724488742346e-01 1.247808858666856480e-01 5.298551416844401452e-01
5.780125667999999860e+04 6.645963057116781556e+02 4.135042157259456452e-01 5.788309002073811771e-02 5.286126942533162509e-01
5.808635807599999680e+04 7.874342152587507826e+02 4.530518439910805051e-01 9.492488658006043023e-02 4.520232694288591757e-01
5.773335736400000314e+04 6.754177638275822346e+02 4.039913520538907510e-01 1.074769693017573607e-01 4.885316786443517634e-01
5.815435007400000177e+04 4.496158187872752023e+02 3.148771916083143996e-01 1.540354310167034793e-02 6.697192652900152421e-01
5.825323054799999954e+04 6.406353368259699437e+02 3.881019450458942921e-01 1.107530468016849762e-01 5.011450081524206901e-01
5.816135426600000210e+04 7.079761359725869170e+02 4.299407637093149437e-01 6.647333850739438332e-02 5.035858977832907701e-01
5.812536448399999790e+04 7.424860350018212785e+02 4.410581370566182269e-01 7.709542937150093422e-02 4.818464335718807834e-01
5.774123006200000236e+04 6.927771401653876637e+02 4.219682666114522029e-01 7.143074005940863724e-02 5.066009933291392153e-01
5.796499549400000251e+04 3.467328279308243850e+02 2.425102211258201856e-01 8.950937422322759185e-02 6.679804046509522086e-01
