5.830710000846059847e+04 2.745928681007224625e+01 7.122079614070955453e-03 9.927136108463513464e-01 1.643095395777401156e-04
5.796499702621530014e+04 4.409363839194272217e+00 6.841182256299678868e-04 9.992570870869297295e-01 5.879468744028361191e-05
5.818236926697919989e+04 1.890543292994536984e+01 2.464892955348758647e-03 9.974935876980691729e-01 4.151934658210223739e-05
5.775723621420140262e+04 5.474513125030514971e+01 1.422907781388594965e-02 9.856059198309642388e-01 1.650023551499022476e-04
5.791098794153940253e+04 4.511446827324355269e+01 7.760742473922602712e-03 9.921669801303755198e-01 7.227739570193146665e-05
5.794201711207180051e+04 3.068687922329480244e+01 4.906914848311899960e-03 9.950306341754013850e-01 6.245097628664462628e-05
5.756209248620369908e+04 3.058216141378657582e+01 5.180513109796425729e-03 9.947493999922187857e-01 7.008689798490807784e-05
5.781719258413190255e+04 4.715441574879297093e+01 1.210737572996921536e-02 9.877316031138038133e-01 1.610211562270423590e-04
5.828621623447920138e+04 1.987934979521939027e+01 5.156968448286768439e-03 9.946786654578251285e-01 1.643660938881305513e-04
5.790323764157410187e+04 4.214837751159571155e+01 1.067209012362655210e-02 9.891713195667904968e-01 1.565903095829164753e-04
5.814031412269680004e+04 4.598059045715831417e+01 1.189813160219546466e-02 9.879383238442521753e-01 1.635445535523609635e-04
5.827022877195599722e+04 nan nan nan nan
5.819815560798609658e+04 4.013999420122721062e+01 1.044055031566578501e-02 9.893942079260330535e-01 1.652417583011857587e-04
5.773335479246530303e+04 4.398584352476873960e+01 8.907401588736299849e-03 9.909924362117573660e-01 1.001621995063068683e-04
5.777934957790510089e+04 3.948395747860681837e+01 1.021559063125330839e-02 9.896209110661654540e-01 1.634983025813203093e-04
5.772634212504629977e+04 5.361245705247295490e+01 1.345940772147443190e-02 9.863866534728316093e-01 1.539388056939989874e-04
5.750803061267360317e+04 6.272568303300450054e+01 1.549814634098639621e-02 9.843527472354212104e-01 1.491064235923317619e-04
5.792505839787040168e+04 6.687297696803277347e+01 1.702156872872126817e-02 9.828201879139708552e-01 1.582433573079050203e-04
5.829517626560189819e+04 1.001742038884660602e+01 1.246117381752430810e-03 9.987160876708260915e-01 3.779494742147089059e-05
5.805532662721059751e+04 3.417347003989564769e+01 8.561423098227972928e-03 9.912852771693489995e-01 1.532997324231101955e-04
5.751604420141199807e+04 6.214243239060601809e+01 1.592846820610974504e-02 9.839110598306044508e-01 1.604719632858387930e-04
5.778635344240740233e+04 4.663807403950318076e+01 1.201444726456839945e-02 9.878234635600238178e-01 1.620891754079125324e-04
5.808635959826390172e+04 2.529252085605123312e+01 3.517283758624180790e-03 9.964354818616394383e-01 4.723437973640975197e-05
5.814031619839119958e+04 4.601602202941705855e+01 1.185959792484925744e-02 9.879781652558442540e-01 1.622368193065906804e-04
5.750802856400459859e+04 6.492062268859227459e+01 1.659655006455832554e-02 9.832438260329511293e-01 1.596239024906181937e-04
5.759101953285880154e+04 2.976430649654827221e+01 5.917592796804894799e-03 9.939858629883254748e-01 9.654421486957742845e-05
5.777934750718750001e+04 3.976460719776274289e+01 1.031843616326246285e-02 9.895171031850620302e-01 1.644606516755514202e-04
5.825323209668979689e+04 3.315878926960932205e+01 8.568564204119888394e-03 9.912683386286469389e-01 1.630971672332325929e-04
5.778635136835650337e+04 4.677808450812628394e+01 1.212932909905614816e-02 9.877064545761972125e-01 1.642163247466521916e-04
5.775723414351850079e+04 5.425787069285949826e+01 1.404215404414084316e-02 9.857942511123868323e-01 1.635948434723440050e-04
5.832110434920139960e+04 nan nan nan nan
5.812536396336810139e+04 3.316340670034185223e+01 5.825751287697235499e-03 9.940988761563562814e-01 7.537255594640637920e-05
5.770135136431710271e+04 4.613413471612107486e+01 1.102362265990862455e-02 9.888369231538510773e-01 1.394541862402532643e-04
5.781719053767360310e+04 4.677297074244651753e+01 1.192489805302897506e-02 9.879163397582202411e-01 1.587621887507456738e-04
5.813236809641199943e+04 3.710097047641366430e+01 8.482811130602603208e-03 9.913895048068367410e-01 1.276840625605864103e-04
5.752321720414349693e+04 1.121348513836040972e+01 2.380168387148262881e-03 9.975097887757418125e-01 1.100428371097824401e-04
5.823726035914350359e+04 nan nan nan nan
5.825323005146990181e+04 3.377952461793039873e+01 8.768964801477400692e-03 9.910664399765958255e-01 1.645952219267289931e-04
5.807036205874999723e+04 2.291116669708985754e+01 3.371648863339429553e-03 9.965754557367375588e-01 5.289539992312049970e-05
5.791804983322919725e+04 3.800267781911858123e+01 9.736842427123715629e-03 9.901028199203053548e-01 1.603376525709433883e-04
5.755422042105319997e+04 6.679470516392317592e+00 8.534192831627765473e-04 9.991067086759665150e-01 3.987204087077263448e-05
5.780937075761570304e+04 4.050150825205543725e+01 1.054962776425204425e-02 9.892846581151345520e-01 1.657141206133848051e-04
5.808635550745369983e+04 3.337657715642023959e+01 6.097128059745907276e-03 9.938213649837074337e-01 8.150695654659621933e-05
5.780125822796300054e+04 3.310904828955827384e+01 6.307472518763751305e-03 9.936038843729040337e-01 8.864310833212754137e-05
5.787822373693290137e+04 5.937082640618004348e+01 1.192121223282251348e-02 9.879803136063899371e-01 9.847416078738272253e-05
5.754706797363430087e+04 4.880250694435430603e+01 1.259311085759626074e-02 9.872442558604743734e-01 1.626332819294253073e-04
5.822235540826390206e+04 2.944852242079008420e+01 7.494499114778004761e-03 9.923473084016543044e-01 1.581924835677954856e-04
5.792505632480319764e+04 6.719883673262381762e+01 1.724746753925193721e-02 9.825916329219440692e-01 1.608995388040931039e-04
5.772634417016200314e+04 5.248140319806660159e+01 1.300347704684917151e-02 9.868465766540238659e-01 1.499462991269282820e-04
5.817536914803239779e+04 3.926645826049057320e+01 1.019895622385343960e-02 9.896362671406458977e-01 1.647766355007242243e-04
5.790323971211809840e+04 4.595788567330924934e+01 1.169642331169900608e-02 9.881453740537604613e-01 1.582026345405204433e-04
5.827022465368059784e+04 nan nan nan nan
5.807925519999999960e+04 3.221646979177280201e+01 8.126606495674863762e-03 9.917179794824046990e-01 1.554140219204654019e-04
5.806233003357639973e+04 1.586477407843159604e+01 1.863567889811430919e-03 9.981027305279667194e-01 3.370158222174828581e-05
5.831410411701389967e+04 2.388894510702168716e+01 6.113702206191626645e-03 9.937263264277317321e-01 1.599713660767588218e-04
5.774928569214120216e+04 5.271972092282685907e+01 1.355839347381366904e-02 9.862800598978088695e-01 1.615466283774346821e-04
5.779425195087960310e+04 2.828252459427082499e+01 4.332368345678681495e-03 9.956103201196380148e-01 5.731153468329065829e-05
5.795602964086810243e+04 5.859700611706454509e+01 1.497686968676415625e-02 9.848635722028199480e-01 1.595581104159234402e-04
5.769131419668979652e+04 nan nan nan nan
5.785705753340280353e+04 nan nan nan nan
5.807036410302080185e+04 1.947271738788342077e+01 2.436259404331562236e-03 9.975255090750133613e-01 3.823152065510445258e-05
5.820533327646990074e+04 3.551765695366241715e+01 9.047170324212877243e-03 9.907943532917032892e-01 1.584763840837657197e-04
5.786411054701390094e+04 4.547041473249392851e+01 1.172165122312742933e-02 9.881160379852536035e-01 1.623107916189538017e-04
5.774123162674769992e+04 3.435520236754638290e+01 6.013895579281361599e-03 9.939112608703568608e-01 7.484355036172768275e-05
5.771136301688660024e+04 1.581449294101274461e+01 1.864418913450690369e-03 9.981016338760423379e-01 3.394721050685082744e-05
5.807925724394679855e+04 3.286899151249291862e+01 8.313452808854879597e-03 9.915302980099220953e-01 1.562491812230136609e-04
5.759101543976849644e+04 3.523751559079801154e+01 7.367479066806849677e-03 9.925257495433277288e-01 1.067713898653441620e-04
5.819815355579859897e+04 3.987623204853853309e+01 1.026479255558175249e-02 9.895733622674532937e-01 1.618451769649552558e-04
5.774122955451389862e+04 3.380168975256799513e+01 5.955555318769248374e-03 9.939686226629798060e-01 7.582201825091855138e-05
5.812536600854169956e+04 3.209535584514668471e+01 5.419416591223558642e-03 9.945109450832421150e-01 6.963832553437042871e-05
5.780936665247679775e+04 4.015446076038168144e+01 1.048011730122073992e-02 9.893535060669541581e-01 1.663766318251380335e-04
5.774928362151620240e+04 5.222075926046855443e+01 1.337806590967310569e-02 9.864616361523884658e-01 1.602979379385306084e-04
5.770135341181710100e+04 4.668125338381845069e+01 1.112902829464687722e-02 9.887321500836095955e-01 1.388216217434536960e-04
5.795602554311339918e+04 5.858584655467188185e+01 1.501731922620151705e-02 9.848221985096430320e-01 1.604822641555704230e-04
5.780936871119210264e+04 3.992080249169417527e+01 1.035094269939333851e-02 9.894848513391595324e-01 1.642059614470758205e-04
5.771136096131939848e+04 9.309853501102061557e+00 1.158997246462097628e-03 9.988031491916548044e-01 3.785356188310103271e-05
5.805532867262729997e+04 3.458649873817921616e+01 8.642988398950843601e-03 9.912044861571205345e-01 1.525254439286738309e-04
5.809433617457179935e+04 3.634303089579035628e+01 6.643772693418694038e-03 9.932746038690295487e-01 8.162343755163031843e-05
5.786411259569440153e+04 4.596452706647863096e+01 1.186938654365306094e-02 9.879677443955264815e-01 1.628690608205134226e-04
5.819023105809029948e+04 4.100442436381289468e+01 1.057415668642883513e-02 9.892634165163274318e-01 1.624267972436868319e-04
5.788727751406250172e+04 1.236711350865041403e+01 1.595669005998238878e-03 9.983636701337962327e-01 4.066086020552681822e-05
5.826023217620370269e+04 1.123667825405813758e+01 2.913869269992415065e-03 9.969218858378228187e-01 1.642448921847818857e-04
5.781718846579860110e+04 4.708266813871436796e+01 1.208379834037052493e-02 9.877553178124398592e-01 1.608838471896618591e-04
5.769338602006940346e+04 nan nan nan nan
5.776435706200230197e+04 4.144488268312753831e+01 8.218568259275992050e-03 9.916853859932427406e-01 9.604574748121886814e-05
5.820532913385419670e+04 3.561301600996002037e+01 9.032591228301715611e-03 9.908102875525393038e-01 1.571212191589381241e-04
5.758399447690969828e+04 3.307652669980099347e+01 6.475964809762975276e-03 9.934304091190542252e-01 9.362607118265353623e-05
5.780125410884260054e+04 3.334624904104621379e+01 6.505227273887856550e-03 9.934018207543618972e-01 9.295197175025911567e-05
5.811735631356480008e+04 4.559779128787983637e+01 1.078486214601377148e-02 9.890785005699952448e-01 1.366372839910386116e-04
5.785705548473379895e+04 1.241914010708278049e+01 1.876042457034790946e-03 9.980682222986440033e-01 5.573524432136830662e-05
5.758399242811340082e+04 3.236976717018007577e+01 6.267686993355878200e-03 9.936407409253095180e-01 9.157208133462058097e-05
5.753021721699069894e+04 2.407436334566632752e+01 2.963800140930602199e-03 9.969991816124924577e-01 3.701824657701696669e-05
5.787822578078699735e+04 5.978959775098511642e+01 1.207867024742111280e-02 9.878216482389878816e-01 9.968151359096392994e-05
5.756911800738429883e+04 3.893593269731844941e+01 9.673772358597412802e-03 9.901754565082776516e-01 1.507711331249915097e-04
5.794902135501160228e+04 4.004681914545316346e+01 1.023332801806960471e-02 9.896071849505316820e-01 1.594870313987127987e-04
5.793309323693290207e+04 5.286596183249492498e+01 1.290749073541589895e-02 9.869469100591879984e-01 1.455992053961210637e-04
5.759101748648149805e+04 2.492168220696258629e+01 4.919012380684439217e-03 9.949858332443682896e-01 9.515437494721696893e-05
5.771924791943289893e+04 3.782743356595563711e+01 9.580564089737187913e-03 9.902627622305887334e-01 1.566736796741131834e-04
5.778635548760420352e+04 4.684137506747715207e+01 1.212754604779280737e-02 9.877087292420482223e-01 1.637247101589800360e-04
5.816135163695600204e+04 4.043256688288603584e+01 1.032546370842401043e-02 9.895152478956151798e-01 1.592883959607790815e-04
5.819022900959489925e+04 4.080233573147052795e+01 1.055698084739416752e-02 9.892795118875411520e-01 1.635072650646646262e-04
5.776435913623840315e+04 4.159685073457958993e+01 8.305997822738745914e-03 9.915966175605436250e-01 9.738461671751439265e-05
5.816835585621529754e+04 4.349538101649080346e+01 1.130324014244724236e-02 9.885318117767630808e-01 1.649480807897250282e-04
5.769338806991899764e+04 nan nan nan nan
5.772634621746530320e+04 5.159247553933624175e+01 1.259347599345865890e-02 9.872609961474392293e-01 1.455278591019220388e-04
5.811735835869210132e+04 4.437030648076202510e+01 1.008534089385729020e-02 9.897884693954682733e-01 1.261897106744036513e-04
5.785705957910879806e+04 nan nan nan nan
5.819022696206020191e+04 4.018504489077539432e+01 1.044685209507029318e-02 9.893880773491527947e-01 1.650705557769878440e-04
5.822935865428239777e+04 2.450296991850835227e+01 6.230271842016035788e-03 9.936118201423044249e-01 1.579080156794982067e-04
5.793309119048609864e+04 5.285029978783279603e+01 1.281840216934225507e-02 9.870379164432091512e-01 1.436813874486017346e-04
5.826023422604169900e+04 2.000934543438431135e+00 5.185376398323426114e-04 9.993174326767650939e-01 1.640296834026740212e-04
5.752321306202549749e+04 8.121190624619892162e+00 1.633415007581241881e-03 9.982677794490528722e-01 9.880554336582053187e-05
5.750803268356480112e+04 6.609644862191083803e+01 1.708749961054653599e-02 9.827492596995270890e-01 1.632406899263015706e-04
5.751604011126160185e+04 5.273214821705816746e+01 1.354048519376564903e-02 9.862984705789045181e-01 1.610442273298673041e-04
5.829517830981480074e+04 9.633185151953297165e+00 1.196131732306017275e-03 9.987662112566474404e-01 3.765701104657010747e-05
5.814031824292820238e+04 4.593126277950294423e+01 1.181941736876643279e-02 9.880188480071508961e-01 1.617346240826547427e-04
5.754707211745370296e+04 4.895328726585713497e+01 1.261236800611733808e-02 9.872255043077827752e-01 1.621276860998864869e-04
5.775723207074069796e+04 5.230515628504947756e+01 1.333250831995264583e-02 9.865087970045628429e-01 1.586946754845203645e-04
5.832900381342590117e+04 2.526762990246870544e+01 5.548307019780976922e-03 9.943339270700487509e-01 1.177659101701894825e-04
5.787822169053240214e+04 5.946269856268300202e+01 1.199910178552607461e-02 9.879014410937225765e-01 9.945712075124978557e-05
5.827812689575229888e+04 2.337357842154833421e+01 5.996739843431642299e-03 9.938424891835219155e-01 1.607709730465435615e-04
5.817536505616900104e+04 3.925624989404673926e+01 1.015434035795183786e-02 9.896822365398657562e-01 1.634231021823838621e-04
5.812536191586810310e+04 3.369896361689654185e+01 6.048460050049195985e-03 9.938728563574474872e-01 7.868359250316993216e-05
5.796499498196759669e+04 1.835649992686465382e+01 3.262215499200636290e-03 9.966606456478298570e-01 7.713885296945215565e-05
5.806233210521990259e+04 1.603964980976291699e+01 1.886418830430990415e-03 9.980797969323002006e-01 3.378423726872460632e-05
5.753022130751160148e+04 2.370466096043462301e+01 2.870395662712623471e-03 9.970937910925160574e-01 3.581324477132167801e-05
5.822936072609949770e+04 2.399092979973336170e+01 6.139138217963587864e-03 9.937009250198725052e-01 1.599367621639106595e-04
5.791098384990740306e+04 4.457025455270168379e+01 7.657079739681965647e-03 9.922708321323445713e-01 7.208812797345142103e-05
5.826023629657409765e+04 1.661354806457720157e+00 4.323632548601775657e-04 9.994022120253569508e-01 1.654247197828450418e-04
5.759899642730320193e+04 4.995324647878981494e+01 1.264434240433351571e-02 9.871991653957082891e-01 1.564921999582214948e-04
5.830709591488430306e+04 2.738499513259709062e+01 7.073278230254879083e-03 9.927637757396845508e-01 1.629460300606168865e-04
5.769131626776619669e+04 nan nan nan nan
5.794902342686340126e+04 4.137447764351917101e+01 1.056568746523762863e-02 9.892750336854785331e-01 1.592788492838703642e-04
5.756209657984950172e+04 3.104411601399236176e+01 5.241627365985053466e-03 9.946887418431676897e-01 6.963079084720126641e-05
5.776436118144680222e+04 4.228020867410045724e+01 8.539564376852808864e-03 9.913607976632867747e-01 9.963795986044052841e-05
5.770134931630789652e+04 4.708826572589882176e+01 1.160472713313067360e-02 9.882469281403654104e-01 1.483447265039984414e-04
5.811735423478009761e+04 4.696126705469193752e+01 1.143028048785112681e-02 9.884250217547294604e-01 1.446977574192548929e-04
5.815435159636569733e+04 1.194742075696276906e+01 1.582802300980833046e-03 9.983743297539509065e-01 4.286794506834523834e-05
5.788727544106479763e+04 2.116055589775784540e+01 2.893378474585134048e-03 9.970609564705151806e-01 4.566505489972233196e-05
5.756912210134259658e+04 3.221855796262484262e+01 8.005240069492183114e-03 9.918439728400423316e-01 1.507870904655469915e-04
5.779424990355320188e+04 2.805131722477980460e+01 4.264249398848137147e-03 9.956793080920430805e-01 5.644250910880032333e-05
5.774122674336809723e+04 3.281072273306212850e+01 5.711206224118934270e-03 9.942147903666007647e-01 7.400340928026399314e-05
5.769131833840280160e+04 nan nan nan nan
5.753021926346060354e+04 2.385657989015524905e+01 2.907424077997147402e-03 9.970562991999989411e-01 3.627672200385935111e-05
5.786411466642360028e+04 4.489049257134101367e+01 1.130747045021913109e-02 9.885375587700059308e-01 1.549707797749715239e-04
5.827812482775459648e+04 2.387363472878544357e+01 6.175524259985637997e-03 9.936610433199393189e-01 1.634324200751205794e-04
5.829518035386569682e+04 9.396873616475721391e+00 1.151889944050206406e-03 9.988114086383604873e-01 3.670141758924394548e-05
5.807925312800930260e+04 3.185123569281289946e+01 8.062263448221721959e-03 9.917812456705450419e-01 1.564908812332261082e-04
5.755421627608800191e+04 nan nan nan nan
5.818237350934030110e+04 1.932685642011009008e+01 2.527989452143628978e-03 9.974302221508957178e-01 4.178839696063349973e-05
5.823725831040510093e+04 nan nan nan nan
5.813236604783560324e+04 3.889481271652682892e+01 9.270431300279659628e-03 9.905908151356332958e-01 1.387535640870212383e-04
5.774928157427079714e+04 5.170926926079342678e+01 1.331391002735250219e-02 9.865241693849315929e-01 1.619205877159647026e-04
5.809433205741900019e+04 3.578343168264297702e+01 6.475779728520184367e-03 9.934442280426919458e-01 7.999222878788226439e-05
5.813237014164349966e+04 3.431360878485222088e+01 7.304307853181583009e-03 9.925850162667488874e-01 1.106758800693886279e-04
5.816835994937500072e+04 4.376307621512538049e+01 1.137380648688811682e-02 9.884612164292343461e-01 1.649770838775220776e-04
5.815434747914350010e+04 8.405943090429683906e+00 1.050090240735643277e-03 9.989117937002501835e-01 3.811605901410241453e-05
5.832110846770829812e+04 nan nan nan nan
5.823726240335650073e+04 nan nan nan nan
5.830709796201389690e+04 2.756880462646952523e+01 7.155395819320907284e-03 9.926800688791410643e-01 1.645353015380043870e-04
5.791098589741899923e+04 4.427991543321259371e+01 7.558402805357499962e-03 9.923704309356157216e-01 7.116625902684461317e-05
5.824427891273149726e+04 4.806334083705594118e+00 2.414546715708746174e-04 9.997523812103145113e-01 6.164118114728147900e-06
5.777234032824070164e+04 3.441698422444107308e+01 6.954284269817471997e-03 9.929459946692896777e-01 9.972106089277163574e-05
5.822936277232639986e+04 2.327394607953646855e+01 5.924427482320785213e-03 9.939173091637396595e-01 1.582633539396391387e-04
5.832900588675930339e+04 2.456812552600962007e+01 5.306067695030779706e-03 9.945800046481840795e-01 1.139276567850941609e-04
5.779425399725689931e+04 2.852160795557050577e+01 4.423827308536857489e-03 9.955174134804787300e-01 5.875921098448678287e-05
5.805532454843750020e+04 3.379155559186845892e+01 8.465602359655349796e-03 9.913811029905618133e-01 1.532946497828258797e-04
5.777934543577550357e+04 3.993566897788930703e+01 1.037072409533562264e-02 9.894645644244832727e-01 1.647114801811453094e-04
5.791805190278939699e+04 4.805059339109824634e+01 1.232624371164046419e-02 9.875130282564167361e-01 1.607280319427761795e-04
5.759899847901619796e+04 5.012380530909350540e+01 1.270810984846707306e-02 9.871348894877609581e-01 1.570006637720970145e-04
5.822235129023149784e+04 2.992621046528834583e+01 7.637221988956061601e-03 9.922037055450300125e-01 1.590724660139251597e-04
5.816135583026619861e+04 4.022538889087392278e+01 1.020065469645790000e-02 9.896422789262250275e-01 1.570663773170212182e-04
5.756912005475690239e+04 3.818671504912930459e+01 9.512244675096762775e-03 9.903362007462545025e-01 1.515545786487081114e-04
5.796499293421299808e+04 1.267859618966254054e+01 2.141060270687689029e-03 9.977892862070472102e-01 6.965352226505854396e-05
5.818237133792819805e+04 1.884696581205496457e+01 2.431688172700465465e-03 9.975276524693520441e-01 4.065935794742924994e-05
5.808635755370370316e+04 2.947492198500549421e+01 4.760655258661910388e-03 9.951756276745159502e-01 6.371706682225431351e-05
5.816835790402779821e+04 4.378127521853526360e+01 1.140188897173696411e-02 9.884324560705096685e-01 1.656549577534000494e-04
5.794201918894679693e+04 3.081325382054874495e+01 4.903893807690204096e-03 9.950342426721811018e-01 6.186352012880146599e-05
5.788727339337959711e+04 2.008977291571084578e+01 2.729476635761570770e-03 9.972254379209868347e-01 4.508544325174533205e-05
5.755421834906250297e+04 8.168844133317492151e+00 1.055998355384366082e-03 9.989031854133872956e-01 4.081623122837611058e-05
5.758399652326390060e+04 3.312164305196709080e+01 6.418847136598563284e-03 9.934894214767953091e-01 9.173138660610766183e-05
5.825322797965280188e+04 3.343496619550863613e+01 8.583499614895550786e-03 9.912555267897694700e-01 1.609735953350348151e-04
5.832110642223380273e+04 nan nan nan nan
5.831410207297449961e+04 2.438649231112115956e+01 6.282693772393311421e-03 9.935551921434623290e-01 1.621140841443682716e-04
5.794202124114579783e+04 3.065672138790237611e+01 4.845956864709402394e-03 9.950930142677602008e-01 6.102886753039882207e-05
5.777233828069439915e+04 3.401911282750297261e+01 6.764201213326742623e-03 9.931392349071009873e-01 9.656387957222601097e-05
5.792506044400460087e+04 6.675422466698886126e+01 1.700554614985988477e-02 9.828359458109984237e-01 1.585080391417137359e-04
5.790323556789349823e+04 4.496611787166187213e+01 1.152174257378729347e-02 9.883178984838367764e-01 1.603589423760271601e-04
5.814732800942129688e+04 4.173379076414853017e+01 1.022188653775703629e-02 9.896315876692921565e-01 1.465257929508596477e-04
5.820533120576389774e+04 3.574078490705802125e+01 9.122735254138827909e-03 9.907181356451203458e-01 1.591291007409432708e-04
5.769339011508099793e+04 nan nan nan nan
5.817536710152780142e+04 3.939314354788906769e+01 1.022972593796845145e-02 9.896055661895982736e-01 1.647078724332757898e-04
5.759899435380790237e+04 4.931975346471651278e+01 1.242053759099477107e-02 9.874245569831183733e-01 1.549054258869093383e-04
5.814732594024309947e+04 4.088015749273364463e+01 9.868011836925651495e-03 9.899896695050438566e-01 1.423186580303924655e-04
5.773335686430559872e+04 4.043415370890049587e+01 7.480910336625206346e-03 9.924354832062083354e-01 8.360645716643945566e-05
5.827812278018520010e+04 2.250306849781194529e+01 5.817718814871746837e-03 9.940190325321560660e-01 1.632486529721834101e-04
5.815434955232639913e+04 9.894780407505720632e+00 1.277398315629188052e-03 9.986818947877348362e-01 4.070689663599381150e-05
5.831410002775459725e+04 2.456993482729702905e+01 6.334332993690273972e-03 9.935033285512011592e-01 1.623384551086656140e-04
5.814732389353009785e+04 3.962442332882612561e+01 9.271613654206372832e-03 9.905946614154996777e-01 1.337249302938806625e-04
5.777234237812500214e+04 3.428605192236431520e+01 6.950316000841120362e-03 9.929493144944440131e-01 1.003695047147360158e-04
5.794902547202550340e+04 4.152542710377024804e+01 1.063641738918628954e-02 9.892033355163903918e-01 1.602470944233891099e-04
5.773335891081020236e+04 3.578663743675821252e+01 5.832725713193891506e-03 9.941023915802155164e-01 6.488270659057815512e-05
5.789498600013890245e+04 6.929628732285526382e+01 1.751135923680318882e-02 9.823326684842753620e-01 1.559722789214626037e-04
5.832900795686340280e+04 2.388425317517639002e+01 5.010395255500193872e-03 9.948821196408219603e-01 1.074851036777033092e-04
5.806233414921299845e+04 1.673947010363658450e+01 2.006502352298073378e-03 9.979584043992349995e-01 3.509324846677730177e-05
5.809433412939820118e+04 3.598098456067708639e+01 6.537739307527827733e-03 9.933816232492109766e-01 8.063744326108394597e-05
5.824427479357639822e+04 4.857578878349216644e+00 2.585523301073316613e-04 9.997345280087720498e-01 6.919661120755585997e-06
5.756209453456020128e+04 3.103884187002552864e+01 5.263343181555920659e-03 9.946664240163272108e-01 7.023280211699411003e-05
5.780125618298610061e+04 3.248420867205960860e+01 6.186782517984255360e-03 9.937246217597456299e-01 8.859572227002293935e-05
5.819815770527780114e+04 3.999857654660763018e+01 1.024045745942301147e-02 9.895994477205186657e-01 1.600948200583237669e-04
5.822235336199070298e+04 2.999342208882845995e+01 7.642115387086830143e-03 9.921993212748514424e-01 1.585633380617280182e-04
5.771924999274309812e+04 3.896730027948664343e+01 9.810911634122024272e-03 9.900342617116733024e-01 1.548266542047246517e-04
5.752321513501159643e+04 1.620685031602877402e+01 3.409204589868148998e-03 9.964827176031439970e-01 1.080778069877972127e-04
5.795602759527780290e+04 5.830636479594075894e+01 1.494001670701927166e-02 9.848996226192060499e-01 1.603606737747458922e-04
5.771135891380789690e+04 nan nan nan nan
5.789499009097219823e+04 7.054343388250950397e+01 1.785325156450251818e-02 9.819903079721509220e-01 1.564404633464929145e-04
5.793308914398150227e+04 5.197556765888256081e+01 1.256543698960413055e-02 9.872918103048907712e-01 1.427527055049520439e-04
5.791804778619210265e+04 2.880388818129966211e+01 7.417316833050057075e-03 9.924207189538711837e-01 1.619642130787870193e-04
5.824427684101850173e+04 4.356787057764551108e+00 2.277122379619221713e-04 9.997656155826784019e-01 6.672179359758689553e-06
5.751604215731479781e+04 6.290987120107886454e+01 1.621266220555158885e-02 9.836251199174708137e-01 1.622178769776263510e-04
5.771925203789350053e+04 4.002785638003535240e+01 1.013475195158240749e-02 9.897086705973668908e-01 1.565774510507717129e-04
5.827022672664350102e+04 nan nan nan nan
5.816135376030090265e+04 4.082069363643900317e+01 1.046380826854407566e-02 9.893757023055556044e-01 1.604894259002812029e-04
5.754707007224539848e+04 4.919028107346549206e+01 1.271443972219278920e-02 9.871223815724557982e-01 1.631787053514088337e-04
5.789498804668980301e+04 6.987416819433671833e+01 1.770693103584129388e-02 9.821362202629834171e-01 1.568487011752885802e-04
5.807035998547449708e+04 2.668377388399156658e+01 4.528952451989558779e-03 9.954006870903395754e-01 7.036045767096961467e-05
