5.758399242811340082e+04 5.873871370064032504e+01 1.146750195501122609e-02 9.884394051750998722e-01 9.309286988882271320e-05
5.777234032824070164e+04 5.316350858250380895e+01 9.889547993043751664e-03 9.900259332206571283e-01 8.451878629909657275e-05
5.816835994937500072e+04 7.388900770832333365e+01 1.821292749043386741e-02 9.816386747016744296e-01 1.483978078916993221e-04
5.791098589741899923e+04 7.942790848965374551e+01 1.442005792679153416e-02 9.854994384562240084e-01 8.050361698443100520e-05
5.830710000846059847e+04 5.184385543173682720e+01 1.255916946806561428e-02 9.872974946587259604e-01 1.433358732082935371e-04
5.814031619839119958e+04 7.847737527405895719e+01 1.924580629285082764e-02 9.806072973861816866e-01 1.468963209675332431e-04
5.777934543577550357e+04 6.654470762787526894e+01 1.665784449792614280e-02 9.831891037866309357e-01 1.530517154429389913e-04
5.785705753340280353e+04 nan nan nan nan
5.755422042105319997e+04 1.254139516148707933e+01 1.361458629912848080e-03 9.986097577886161591e-01 2.878358147090231362e-05
5.817536914803239779e+04 6.802827347873906660e+01 1.670615073398003941e-02 9.831465496786407909e-01 1.472995873791597564e-04
5.819815560798609658e+04 7.140130664136914618e+01 1.769666876244146980e-02 9.821532942408599531e-01 1.500369966986331706e-04
5.792505632480319764e+04 1.058464435464151165e+02 2.574904708944181914e-02 9.741064097923533005e-01 1.445431182048315447e-04
5.794201711207180051e+04 5.303001413727489677e+01 8.877894873852021015e-03 9.910536502880911147e-01 6.845483805700414289e-05
5.819815355579859897e+04 7.143137976761494201e+01 1.772035662516263654e-02 9.821293310905805374e-01 1.503122842567889447e-04
5.824427891273149726e+04 7.128467470589912480e+00 2.553169765115566813e-04 9.997415497761573677e-01 3.133247331132299963e-06
5.774122955451389862e+04 5.324660840406988171e+01 8.413379815424341240e-03 9.915256405626874381e-01 6.097962188819433597e-05
5.832900381342590117e+04 4.744451073680529163e+01 9.945977563948308134e-03 9.899466851420013480e-01 1.073372940502863369e-04
5.789498600013890245e+04 1.072080934840008837e+02 2.511275442182218584e-02 9.747532281774200502e-01 1.340174007576654710e-04
5.781719053767360310e+04 7.313907842052230990e+01 1.779884892527403700e-02 9.820565030514299965e-01 1.446480232959090266e-04
5.807036410302080185e+04 4.293899988414471380e+01 6.020781318791582765e-03 9.939311978697790151e-01 4.802081142945801960e-05
5.751604215731479781e+04 9.614709809872414326e+01 2.283261134915701845e-02 9.770296466321130024e-01 1.377420187298557166e-04
5.778635548760420352e+04 7.346597390572345887e+01 1.808441187637776018e-02 9.817675873669414743e-01 1.480007566808400760e-04
5.759101953285880154e+04 4.933556484191446145e+01 9.280334817797008390e-03 9.906332411116667291e-01 8.642407053620511630e-05
5.750803268356480112e+04 9.570158854641373125e+01 2.275764575025033404e-02 9.771042382443017038e-01 1.381160054478051068e-04
5.769131419668979652e+04 nan nan nan nan
5.811735631356480008e+04 8.073851120997365172e+01 1.907006007207993556e-02 9.807936793315448210e-01 1.362605963752506154e-04
5.777233828069439915e+04 5.188333256425357831e+01 9.414515569695995276e-03 9.905050637272829750e-01 8.042070302103955526e-05
5.791098384990740306e+04 7.872035999721997257e+01 1.422385723038863820e-02 9.856964005604740287e-01 7.974220913723167187e-05
5.807925312800930260e+04 6.010665050769983253e+01 1.372712633594733340e-02 9.861454817555733721e-01 1.273919084791035506e-04
5.754707007224539848e+04 8.050729618841489810e+01 1.961765109555983419e-02 9.802373211351643745e-01 1.450277692756364025e-04
5.807925724394679855e+04 6.270855449616288269e+01 1.460742022286604450e-02 9.852600476698319953e-01 1.325321073017590148e-04
5.809433617457179935e+04 6.239591887981614349e+01 1.088118719120113528e-02 9.890445335039531605e-01 7.427930484567932398e-05
5.832900588675930339e+04 4.668486918250700057e+01 9.609848007099727751e-03 9.902866596110730946e-01 1.034923818271741582e-04
5.816835790402779821e+04 7.445240428476441252e+01 1.847353776095076242e-02 9.813760890783098656e-01 1.503731607393915830e-04
5.824427479357639822e+04 7.191227768575901180e+00 2.663603572685039429e-04 9.997302887484555978e-01 3.350894275866112848e-06
5.830709796201389690e+04 5.211253068951724998e+01 1.267036143172277710e-02 9.871852538211796091e-01 1.443847470974185217e-04
5.790323764157410187e+04 7.506044789076966595e+01 1.750674311108050413e-02 9.823603902184551151e-01 1.328666704643582518e-04
5.795602964086810243e+04 9.255728113460340012e+01 2.179439764806180568e-02 9.780701781763216918e-01 1.354241756163753743e-04
5.771924999274309812e+04 6.700694449388238638e+01 1.553493636427128941e-02 9.843337810974641666e-01 1.312825382644101024e-04
5.811735423478009761e+04 8.232632908762778357e+01 1.996194844196396909e-02 9.798944510439735467e-01 1.436005140622839996e-04
5.808635959826390172e+04 5.414048527425657653e+01 8.801057335931521466e-03 9.911343990842464979e-01 6.454357982202208268e-05
5.771136301688660024e+04 2.913782214093263789e+01 3.842981815664666106e-03 9.961145317661079801e-01 4.248641822744793947e-05
5.805532867262729997e+04 6.568988675089757123e+01 1.482279850625350948e-02 9.850528385421735145e-01 1.243629515728510463e-04
5.822936072609949770e+04 4.658199165886250626e+01 1.044499518833223901e-02 9.894322020824259933e-01 1.228027292417632559e-04
5.751604420141199807e+04 9.715778253004856424e+01 2.331264430481723438e-02 9.765467329656355444e-01 1.406227295470515370e-04
5.787822578078699735e+04 9.273244650750297069e+01 1.747841472481451858e-02 9.824348155380785430e-01 8.676973710684497134e-05
5.825323209668979689e+04 5.909924691024782106e+01 1.387435726308302794e-02 9.859910289660480665e-01 1.346137708687289100e-04
5.752321720414349693e+04 1.711103370849480498e+01 3.167227170576384504e-03 9.967490905363748377e-01 8.368229304876281696e-05
5.759101748648149805e+04 4.153159295560267594e+01 7.716980364902944686e-03 9.921986929070500949e-01 8.432672804690496797e-05
5.829518035386569682e+04 2.333709000051416993e+01 2.892584024189848169e-03 9.970698922286185262e-01 3.752374719162782438e-05
5.831410207297449961e+04 4.652452529712565621e+01 1.094581963312636630e-02 9.889189854662787660e-01 1.351949005947188835e-04
5.827812689575229888e+04 4.059795064993789282e+01 9.605003321581751657e-03 9.902582822178731536e-01 1.367144605450920994e-04
5.781718846579860110e+04 7.285619176622536486e+01 1.769437699007313930e-02 9.821615557634962856e-01 1.440672464304088224e-04
5.820533120576389774e+04 6.343510613595555014e+01 1.502763406810643347e-02 9.848352936894526621e-01 1.370722424408999209e-04
5.808635755370370316e+04 6.104974676769335673e+01 1.112380035803051635e-02 9.887951098334278877e-01 8.108980854156895232e-05
5.812536191586810310e+04 5.724412862546176939e+01 9.511794532808986666e-03 9.904207696445181952e-01 6.743582267282258581e-05
5.759899642730320193e+04 7.903433623940108532e+01 1.856934894527502086e-02 9.812958201740803466e-01 1.348308806446313639e-04
5.776436118144680222e+04 7.179583932366303145e+01 1.443821247348979486e-02 9.854630105018419295e-01 9.877702466829828081e-05
5.795602759527780290e+04 9.260761435897663318e+01 2.188900797815260604e-02 9.779745379804224426e-01 1.364540414247866068e-04
5.813236604783560324e+04 7.435962206506604844e+01 1.800239102854984258e-02 9.818544516147316159e-01 1.431573567184476255e-04
5.794201918894679693e+04 5.298288108048939193e+01 8.857551431106029313e-03 9.910741858060960752e-01 6.826276279786886033e-05
5.806233414921299845e+04 3.836505075829494871e+01 4.992560124113968288e-03 9.949660777654257826e-01 4.136211046028213077e-05
5.756209453456020128e+04 5.887032478390901957e+01 1.068498392854633564e-02 9.892345556098217640e-01 8.046046163185840278e-05
5.818236926697919989e+04 3.089029015852264948e+01 3.470671194560033708e-03 9.964984961731080393e-01 3.083263233187276821e-05
5.756209657984950172e+04 5.863332042962306900e+01 1.052983635422808512e-02 9.893913898265077611e-01 7.877381926407686652e-05
5.780125822796300054e+04 4.855607449333312076e+01 8.037558398203945714e-03 9.918955165398721796e-01 6.692506192397305691e-05
5.753021721699069894e+04 4.714236364185519079e+01 6.094571191393321347e-03 9.938646070943142341e-01 4.082171429255817413e-05
5.826023629657409765e+04 2.872307697020208384e+00 6.780041818827077429e-04 9.991859044882059893e-01 1.360913299112578672e-04
5.831410411701389967e+04 4.669172671720272660e+01 1.100790832134870487e-02 9.888563361970135190e-01 1.357554816375905861e-04
5.817536710152780142e+04 6.764014820030500630e+01 1.651859392537813331e-02 9.833357378959185491e-01 1.456681787033632257e-04
5.794902135501160228e+04 6.434726441798542851e+01 1.539489888572696981e-02 9.844652966172253716e-01 1.398044970475740168e-04
5.814031824292820238e+04 7.882488180005965717e+01 1.944396562061965691e-02 9.804074166336074203e-01 1.486177457729892927e-04
5.753022130751160148e+04 4.638752184922675070e+01 5.910919266265762632e-03 9.940494223191606027e-01 3.965841457362306291e-05
5.769131833840280160e+04 nan nan nan nan
5.827022465368059784e+04 nan nan nan nan
5.775723621420140262e+04 8.431927588978585675e+01 2.070691591571838241e-02 9.791457834081354061e-01 1.473006761462237568e-04
5.823726240335650073e+04 nan nan nan nan
5.750802856400459859e+04 9.509169538418298373e+01 2.255815716224372075e-02 9.773043912717631621e-01 1.374515659931046748e-04
5.819022900959489925e+04 7.218159532058018613e+01 1.786389799565865286e-02 9.819865035368213757e-01 1.495984675199410008e-04
5.755421627608800191e+04 7.466237827527713478e+00 7.529525606627496086e-04 9.992222070026255398e-01 2.484043671168823130e-05
5.771136096131939848e+04 1.504338410833799777e+01 1.852628641805382972e-03 9.981103277488384551e-01 3.704360935617092041e-05
5.796499293421299808e+04 1.829087196625060585e+01 2.658347819651734213e-03 9.972900601731172765e-01 5.159200723102609084e-05
5.832110642223380273e+04 nan nan nan nan
5.822935865428239777e+04 4.710245666883319871e+01 1.054938124340822590e-02 9.893281022811073466e-01 1.225164754842980976e-04
5.811735835869210132e+04 8.016331821277188396e+01 1.873595628408017758e-02 9.811306215475875669e-01 1.334221683321378720e-04
5.826023217620370269e+04 1.976330416446084826e+01 4.653761379892634893e-03 9.952108080364470144e-01 1.354305836602985819e-04
5.825323005146990181e+04 5.980044476626739680e+01 1.413920424862287299e-02 9.857242529700089850e-01 1.365427813681196697e-04
5.759899847901619796e+04 7.840301535302070590e+01 1.840428435933402426e-02 9.814611296130190121e-01 1.345860276468364687e-04
5.827022877195599722e+04 nan nan nan nan
5.759101543976849644e+04 5.977108995603518338e+01 1.211612760463529233e-02 9.877835095505083096e-01 1.003628448563132310e-04
5.788727751406250172e+04 2.229633045217062914e+01 2.691088274668036913e-03 9.972733308408138209e-01 3.558088451818878340e-05
5.807036205874999723e+04 4.968926225754925952e+01 8.002853591266076774e-03 9.919337897474744814e-01 6.335666125954170593e-05
5.781719258413190255e+04 7.359344928817689890e+01 1.798663082886838363e-02 9.818674712976971364e-01 1.458978734344863607e-04
5.819023105809029948e+04 7.324696600939411439e+01 1.823048889453405749e-02 9.816182089945179046e-01 1.513021109480962734e-04
5.774123162674769992e+04 5.372839600925599512e+01 8.484820851102069586e-03 9.914542668149972648e-01 6.091233390069203705e-05
5.813236809641199943e+04 7.294767748230113114e+01 1.732621941114357786e-02 9.825359922964699289e-01 1.377882923863454846e-04
5.806233003357639973e+04 3.677765057842592000e+01 4.711348277157452989e-03 9.952485696574712160e-01 4.008206537134837637e-05
5.754707211745370296e+04 8.003661481382269471e+01 1.946330333720082753e-02 9.803922580475639137e-01 1.444386152352011789e-04
5.786411259569440153e+04 6.951775948073003519e+01 1.674272485152441051e-02 9.831156017264606195e-01 1.416734220149360552e-04
5.780936665247679775e+04 6.437673297935259598e+01 1.576304168469785938e-02 9.840905216539251876e-01 1.464366613770215681e-04
5.793308914398150227e+04 9.017967873952387947e+01 2.111674294058589127e-02 9.787493312944386403e-01 1.339257649754198309e-04
5.812536396336810139e+04 5.692035984445379881e+01 9.450081493677516334e-03 9.904825955047752428e-01 6.732300154726914097e-05
5.818237350934030110e+04 3.036186933056389847e+01 3.422174450145380655e-03 9.965467960402207837e-01 3.102950963374312199e-05
5.773335686430559872e+04 6.929928564471069308e+01 1.369347585763938495e-02 9.862111572738500032e-01 9.536686851055565053e-05
5.787822373693290137e+04 9.315950942257947531e+01 1.758165648550920682e-02 9.823313488070064547e-01 8.699470748422059570e-05
5.752321513501159643e+04 2.494377779123815131e+01 4.546562307031080767e-03 9.953722912526448141e-01 8.114644032410629044e-05
5.823725831040510093e+04 nan nan nan nan
5.791804778619210265e+04 4.521323883584901182e+01 1.080178053383104401e-02 9.890588116583335365e-01 1.394078078352956485e-04
5.789499009097219823e+04 1.085671590265374959e+02 2.551444274274516227e-02 9.743506600790934336e-01 1.348971781614179979e-04
5.789498804668980301e+04 1.082887790608814527e+02 2.560550221696700213e-02 9.742579365845956962e-01 1.365611984372875937e-04
5.786411054701390094e+04 6.935923902174998545e+01 1.666254160324309383e-02 9.831964965790558342e-01 1.409618177010087321e-04
5.775723207074069796e+04 8.141560088644719428e+01 1.972855951218436057e-02 9.801280226652924199e-01 1.434178225231026195e-04
5.770135341181710100e+04 7.441446311474059883e+01 1.660156166954552745e-02 9.832768726969818296e-01 1.215656334726198518e-04
5.777934750718750001e+04 6.739419812385908415e+01 1.699879578462986859e-02 9.828458156956771941e-01 1.553885196929917219e-04
5.769131626776619669e+04 nan nan nan nan
5.805532662721059751e+04 6.506832798276070662e+01 1.465346541348210019e-02 9.852226637615436600e-01 1.238708249742101388e-04
5.814031412269680004e+04 7.869449464506253378e+01 1.939896724084748739e-02 9.804526114852956109e-01 1.484212738570015095e-04
5.774122674336809723e+04 5.190590127063543946e+01 8.164729001930564126e-03 9.917748375027668484e-01 6.043349530255512348e-05
5.817536505616900104e+04 6.833277944676927973e+01 1.683161262491435217e-02 9.830201966852601947e-01 1.481906898254758238e-04
5.828621623447920138e+04 4.395904659992515917e+01 1.073194800838603476e-02 9.891224765126590546e-01 1.455754789547303155e-04
5.787822169053240214e+04 9.252522175369529123e+01 1.746470744355584429e-02 9.824482703685957219e-01 8.702218784840915844e-05
5.780125618298610061e+04 4.765188565473811622e+01 7.903548767052591406e-03 9.920292601362484808e-01 6.719109669894017013e-05
5.792505839787040168e+04 1.070487977843696967e+02 2.609491244591505624e-02 9.737599513579534571e-01 1.451361961313864420e-04
5.805532454843750020e+04 6.461693851672421829e+01 1.456877157053284785e-02 9.853070687023903762e-01 1.241597270766858199e-04
5.827812278018520010e+04 3.851941878123569296e+01 9.127304813474634154e-03 9.907355586127400970e-01 1.371365737852147043e-04
5.822936277232639986e+04 4.636500395918187678e+01 1.035038353104373796e-02 9.895278970360971149e-01 1.217194328590057509e-04
5.771924791943289893e+04 6.500593655369561930e+01 1.506195047188973492e-02 9.848069249728840235e-01 1.311245552262908472e-04
5.813237014164349966e+04 7.028519832637284992e+01 1.615694151550381430e-02 9.837139905994531919e-01 1.290678850429180383e-04
5.796499702621530014e+04 6.238381502800786294e+00 8.107159081214904877e-04 9.991480343565184441e-01 4.124973536010532549e-05
5.796499498196759669e+04 2.683700057906054326e+01 4.113754389951952521e-03 9.958288555864390768e-01 5.739002360890267234e-05
5.824427684101850173e+04 6.918384394046548813e+00 2.527761178102693731e-04 9.997439633361302480e-01 3.260546059487693892e-06
5.827022672664350102e+04 nan nan nan nan
5.831410002775459725e+04 4.715891595364392685e+01 1.116165063619873471e-02 9.887015270722464555e-01 1.368222915547938833e-04
5.832110434920139960e+04 nan nan nan nan
5.778635344240740233e+04 7.265699766864115361e+01 1.782995406674927827e-02 9.820229593059388584e-01 1.470866273119273327e-04
5.790323971211809840e+04 8.138128961625646696e+01 1.896593590102251328e-02 9.809014080498705823e-01 1.326560491068212418e-04
5.822235129023149784e+04 5.458941325769884401e+01 1.239901490301248410e-02 9.874749808601924750e-01 1.260042367949973559e-04
5.775723414351850079e+04 8.354673542316849932e+01 2.039355440350777357e-02 9.794609149296152895e-01 1.455306668769422830e-04
5.774928569214120216e+04 8.294228534114503759e+01 2.032098837297318869e-02 9.795324010521210267e-01 1.466105749058010596e-04
5.786411466642360028e+04 6.997983693502219182e+01 1.698667746619540037e-02 9.828694099846202459e-01 1.439125491842990572e-04
5.818237133792819805e+04 3.099998197891034124e+01 3.500482027836936821e-03 9.964683749712320848e-01 3.114300093091453513e-05
5.807035998547449708e+04 5.460118006320393391e+01 9.755788160200694337e-03 9.901662381112537048e-01 7.797372854552374831e-05
5.772634212504629977e+04 8.547887816304304920e+01 2.055129417962714075e-02 9.793075208843555757e-01 1.411849360171734194e-04
5.780125410884260054e+04 4.839236606755213188e+01 8.220420613054234965e-03 9.917091000186828431e-01 7.047936826297248540e-05
5.793309119048609864e+04 9.035424592385417952e+01 2.105832609962064034e-02 9.788090022294390069e-01 1.326716709403482058e-04
5.829517830981480074e+04 2.370518270839483321e+01 2.970991384399248626e-03 9.969906428554182742e-01 3.836576018254935096e-05
5.794902342686340126e+04 6.558972938370392569e+01 1.552485774561650905e-02 9.843383028365889631e-01 1.368394177944127631e-04
5.753021926346060354e+04 4.703564024238898611e+01 6.017089553934263681e-03 9.939429393122469758e-01 3.997113381883518434e-05
5.750803061267360317e+04 9.500432960166263285e+01 2.252645873431896595e-02 9.773362235122837749e-01 1.373177533971923700e-04
5.832110846770829812e+04 nan nan nan nan
5.788727339337959711e+04 3.633976823570348103e+01 4.713521218413237179e-03 9.952453870669448754e-01 4.109171464186591756e-05
5.814732594024309947e+04 7.104226392183640826e+01 1.621744948603494330e-02 9.836552708092155539e-01 1.272797047494959020e-04
5.769338602006940346e+04 6.734158497177999081e+00 1.509301339970028043e-04 9.998478429554993330e-01 1.226910503700613711e-06
5.770134931630789652e+04 7.463435667399575379e+01 1.686809585714644719e-02 9.830071421881850791e-01 1.247619546684805873e-04
5.776435913623840315e+04 7.124054361136349200e+01 1.425524501703418108e-02 9.856469586523450843e-01 9.779633062070347321e-05
5.815434747914350010e+04 1.291890260271730462e+01 1.309546576609733025e-03 9.986653566269537707e-01 2.509679643645103847e-05
5.780937075761570304e+04 6.439794662584615992e+01 1.578586654921875984e-02 9.840673691426816694e-01 1.467643080995397159e-04
5.788727544106479763e+04 3.946486358284282403e+01 5.297027487881752518e-03 9.946589706679761500e-01 4.400184414205684066e-05
5.825322797965280188e+04 5.917774989423550380e+01 1.386234769076603694e-02 9.860036277721416775e-01 1.340245370922080051e-04
5.829517626560189819e+04 2.336976198424564899e+01 2.947727294661628243e-03 9.970134135224518745e-01 3.885918288659864870e-05
5.774928157427079714e+04 8.170030971882354720e+01 2.006069234844333124e-02 9.797920519678740003e-01 1.472556836826517505e-04
5.759899435380790237e+04 7.767344912270380064e+01 1.823411290460387468e-02 9.816312850265865864e-01 1.346020688095096003e-04
5.820533327646990074e+04 6.337834701500062096e+01 1.495403338344488547e-02 9.849099905379300468e-01 1.359760786249494336e-04
5.794202124114579783e+04 5.312534274975583060e+01 8.892756211357228519e-03 9.910388058499841613e-01 6.843793865870330438e-05
5.792506044400460087e+04 1.060868686673860992e+02 2.570751527888365945e-02 9.741490598128269562e-01 1.434249082893560955e-04
5.771925203789350053e+04 6.752157760528200470e+01 1.565438204767400504e-02 9.842143331868490330e-01 1.312847654768044866e-04
5.832900795686340280e+04 4.565629894335978634e+01 9.226274055862446200e-03 9.906739837466985721e-01 9.974219743882388402e-05
5.816135163695600204e+04 7.267766801719031378e+01 1.809520709940506955e-02 9.817533835191164515e-01 1.514093814784286257e-04
5.785705957910879806e+04 nan nan nan nan
5.822235336199070298e+04 5.505429941952260009e+01 1.251707487374192386e-02 9.873566694663625798e-01 1.262556598953899084e-04
5.770135136431710271e+04 7.427530353483766135e+01 1.666012072620878456e-02 9.832169953543968832e-01 1.228839193942041696e-04
5.769339011508099793e+04 nan nan nan nan
5.769338806991899764e+04 nan nan nan nan
5.806233210521990259e+04 3.695410780997989519e+01 4.718278250829882267e-03 9.952419046797889024e-01 3.981706938130877835e-05
5.776435706200230197e+04 7.066877956207636657e+01 1.401628436285775985e-02 9.858876344734485153e-01 9.608116369366091140e-05
5.779424990355320188e+04 4.907973509954826596e+01 7.979751312141954850e-03 9.919556829779335727e-01 6.456570992444224692e-05
5.778635136835650337e+04 7.278185527230564844e+01 1.785358069984238974e-02 9.819994481628108174e-01 1.469711373468013578e-04
5.820532913385419670e+04 6.341741019275158209e+01 1.499787219134731536e-02 9.848655217603102807e-01 1.366060483423608214e-04
5.785705548473379895e+04 1.741968332812765041e+01 2.152910160672541744e-03 9.978097820994198397e-01 3.730773990759360945e-05
5.755421834906250297e+04 1.485750830568858660e+01 1.648458356478966136e-03 9.983214745371226106e-01 3.006710639844359899e-05
5.751604011126160185e+04 8.148650942279357423e+01 1.944053618550059190e-02 9.804204452865251662e-01 1.390185279742047776e-04
5.827812482775459648e+04 4.146740796819374708e+01 9.870846755397354871e-03 9.899907575189474951e-01 1.383957256550253051e-04
5.779425399725689931e+04 5.005650938464972910e+01 8.223059222323097009e-03 9.917110274329471453e-01 6.591334472968632917e-05
5.814732389353009785e+04 6.903436502905580596e+01 1.532994300648686525e-02 9.845496149686411291e-01 1.204420248718683688e-04
5.809433412939820118e+04 6.223758154605324933e+01 1.089967155281352205e-02 9.890254168523928691e-01 7.491159479360899338e-05
5.795602554311339918e+04 9.387768405518455950e+01 2.235877460985776291e-02 9.775026778246742598e-01 1.385475654677971935e-04
5.816835585621529754e+04 7.355322918819253175e+01 1.818608204464695552e-02 9.816646032984551740e-01 1.493146568979420482e-04
5.815435159636569733e+04 2.033651191416518955e+01 2.259045999497378415e-03 9.977108152769764704e-01 3.013872352612983910e-05
5.756911800738429883e+04 6.613247520007485036e+01 1.505448584717419824e-02 9.848189443985444491e-01 1.265697542813021183e-04
5.816135583026619861e+04 7.306385625357324898e+01 1.823040996663135779e-02 9.816175299140265098e-01 1.520601193421129921e-04
5.791804983322919725e+04 5.955087236501344705e+01 1.425045849655029798e-02 9.856096765012480887e-01 1.398650022014889945e-04
5.794902547202550340e+04 6.619977820503466148e+01 1.576895086714187946e-02 9.840924628749251335e-01 1.385862579329960381e-04
5.819022696206020191e+04 7.111605893194663963e+01 1.761231968205539261e-02 9.822378756334665395e-01 1.498046844780846895e-04
5.830709591488430306e+04 5.230340336179958882e+01 1.274517488086941361e-02 9.871097946216836894e-01 1.450304974467015731e-04
5.816135376030090265e+04 7.246992591960599839e+01 1.800426243301630341e-02 9.818449857096455125e-01 1.507518573381985021e-04
5.812536600854169956e+04 5.694331609217044132e+01 9.406252540302303261e-03 9.905271012589751400e-01 6.664620072265628166e-05
5.756209248620369908e+04 5.752003011349967210e+01 1.036396832269620254e-02 9.895567374481909484e-01 7.929422911280421230e-05
5.823726035914350359e+04 nan nan nan nan
5.809433205741900019e+04 6.169521552096662731e+01 1.072364122686864096e-02 9.892025667840598224e-01 7.379198907148172451e-05
5.780936871119210264e+04 6.528019766421752479e+01 1.620905883363094740e-02 9.836403566520035557e-01 1.505845143654409941e-04
5.758399652326390060e+04 5.951078820303251149e+01 1.161858822643348221e-02 9.882883132159353545e-01 9.309855763115075001e-05
5.777234237812500214e+04 5.275922576836778433e+01 9.818503429209993194e-03 9.900969061078348510e-01 8.459046295506524916e-05
5.777934957790510089e+04 6.626466027675392922e+01 1.654324938115891638e-02 9.833045188412681270e-01 1.522317775729027536e-04
5.793309323693290207e+04 9.059909929846490684e+01 2.106810469553135889e-02 9.787998172045512257e-01 1.320780999173185781e-04
5.771135891380789690e+04 nan nan nan nan
5.772634621746530320e+04 8.365813411251737364e+01 1.989599092341286929e-02 9.799658617651356707e-01 1.381473114513735116e-04
5.756912005475690239e+04 6.543257237252137770e+01 1.492151563166844649e-02 9.849514662937810527e-01 1.270180745505490388e-04
5.826023422604169900e+04 3.313705595432425266e+00 7.832771427898981530e-04 9.990802548965916907e-01 1.364679606182528642e-04
5.773335891081020236e+04 6.307737589564603553e+01 1.135280887268614800e-02 9.885680709859878679e-01 7.912014132603830297e-05
5.752321306202549749e+04 1.249884248031659162e+01 2.132750360249235921e-03 9.977961335129879039e-01 7.111612676295766254e-05
5.822235540826390206e+04 5.407399575142661519e+01 1.226088633436151626e-02 9.876135411934591213e-01 1.255724721793220733e-04
5.790323556789349823e+04 7.797962392949891353e+01 1.820582420276774943e-02 9.816610426944115675e-01 1.331331028206452958e-04
5.773335479246530303e+04 7.361721985895194109e+01 1.551375660186522440e-02 9.843777751167340773e-01 1.084682814006000118e-04
5.772634417016200314e+04 8.407483960445678406e+01 2.005429267881099140e-02 9.798067407826890340e-01 1.389665384998140191e-04
5.819815770527780114e+04 7.189153204577776535e+01 1.773212248470032101e-02 9.821192861392522566e-01 1.485913760474575512e-04
5.808635550745369983e+04 6.653517368763735362e+01 1.328029531397605795e-02 9.866223984861557383e-01 9.730619986822966634e-05
5.791805190278939699e+04 7.698580313072091030e+01 1.868786651671166393e-02 9.811682119443617678e-01 1.439215389264431380e-04
5.791098794153940253e+04 8.110945976562099702e+01 1.476484287584008646e-02 9.851542210231885033e-01 8.093610097134312906e-05
5.756912210134259658e+04 5.537783872881432501e+01 1.252488277376900480e-02 9.873501768031756054e-01 1.249404230552613479e-04
5.814732800942129688e+04 7.227289181567230969e+01 1.686233906422721085e-02 9.830047035681750422e-01 1.329573675976885975e-04
5.815434955232639913e+04 1.590890164419554687e+01 1.700730248717111917e-03 9.982713560057320246e-01 2.791374555073713247e-05
5.758399447690969828e+04 5.915233026657507054e+01 1.155315253955189504e-02 9.883536755638787641e-01 9.317189656936415341e-05
5.754706797363430087e+04 8.060897814217183566e+01 1.976986007077301266e-02 9.800832243010699774e-01 1.469156281569681036e-04
5.807925519999999960e+04 6.137291587282960137e+01 1.408452131442384549e-02 9.857868439361497925e-01 1.286347494262140678e-04
5.779425195087960310e+04 5.011119654215043084e+01 8.288313923061127811e-03 9.916448685380814254e-01 6.681753885741335548e-05
5.774928362151620240e+04 8.220227574759893230e+01 2.001073247882767525e-02 9.798445284014881684e-01 1.447391196840702016e-04
