5.828621672599999874e+04 2.562925442857608687e+02 3.528701418054464023e-01 3.592292342450029906e-19 6.471298581945535977e-01
5.815434798400000000e+04 1.188140171734457624e+02 1.820564468869301511e-01 1.643100719139434229e-02 8.015125459216754233e-01
5.777233883400000195e+04 3.080610304912632955e+02 3.992810055036491446e-01 2.724024080055052061e-02 5.734787536958003695e-01
5.770134986000000208e+04 3.412821600505692459e+02 4.341150900249434730e-01 1.353263083883736624e-02 5.523522791362190931e-01
5.791804831600000034e+04 2.127436076009584554e+02 3.030037887325888746e-01 4.501217459749798193e-03 6.924949938076613298e-01
5.822935917999999947e+04 2.832588908481224053e+02 3.763334497456410355e-01 2.109017319700730309e-02 6.025763770573515643e-01
5.808635601399999723e+04 3.277658692809026206e+02 4.222123906812070837e-01 1.132916881017240890e-02 5.664584405086204866e-01
5.822235176399999909e+04 3.038399732302518146e+02 4.012810104690497925e-01 3.274942259990279176e-03 5.954440472709598975e-01
5.778635191399999894e+04 3.385497138090377121e+02 4.335964451546603371e-01 6.439585645794766895e-03 5.599639691995450530e-01
5.795602603000000090e+04 3.598866078536594273e+02 4.479957472811936792e-01 2.301119788525929008e-02 5.289930548335469718e-01
5.819022746599999664e+04 2.111688955147400009e+02 2.993302834607760032e-01 1.474733128300862763e-02 6.859223852562154056e-01
5.796499347000000125e+04 1.757746138382631784e+02 2.581514007559504442e-01 5.522446148218730991e-03 7.363261530958308265e-01
5.779425045400000090e+04 3.047726321807679710e+02 3.999781134898702795e-01 1.205335489804768012e-02 5.879685316120820682e-01
5.814031465800000296e+04 3.121514363485209742e+02 4.086106835429891837e-01 6.434502948592601100e-03 5.849548135084182698e-01
5.781718901400000323e+04 3.221755409962397607e+02 4.166852168378473165e-01 1.227730576405901448e-02 5.710374773980936292e-01
5.831410053799999878e+04 2.754339012932802007e+02 3.707965502494057208e-01 1.051765845207482813e-02 6.186857912985195274e-01
5.810934280600000056e+04 2.819736939117625525e+02 3.764221836633582230e-01 1.520921503260101899e-02 6.083686013040406904e-01
5.813236658400000306e+04 2.710937744299651513e+02 3.662654677309056250e-01 1.059339926113530596e-02 6.231411330079590360e-01
5.787822224200000346e+04 4.820391110445432332e+02 5.482485234527263440e-01 1.015668031337956488e-02 4.415947962338940269e-01
5.819815408200000093e+04 2.313748454276046687e+02 3.232068071210724702e-01 1.065816051777838600e-02 6.661350323611491264e-01
5.788727394199999981e+04 2.294808772087110071e+02 3.161428114159992586e-01 3.595838367258365198e-02 6.478988049114170478e-01
5.794201764199999889e+04 1.087665743172654089e+02 1.663491269777508663e-01 3.513471112354307063e-02 7.985161618987061116e-01
5.814732443000000058e+04 2.964632282084631356e+02 3.914460657833749857e-01 1.339116236662499931e-02 5.951627718499999942e-01
5.826023271999999997e+04 8.869260292361678921e+01 1.397176176034030659e-01 1.313084877119375000e-02 8.471515336254031858e-01
5.789498652399999992e+04 4.243921614148243293e+02 5.034657557675875639e-01 1.609472393012657127e-02 4.804395203022857053e-01
5.793308969999999681e+04 3.498143821280353336e+02 4.433735490366104148e-01 8.226006664483588929e-03 5.484004442989058870e-01
5.817536559999999736e+04 2.621148846707191638e+02 3.583664850651678835e-01 3.509681086167654347e-03 6.381238338486644457e-01
5.824427531799999997e+04 2.684449726683281483e+02 3.587192786005766187e-01 3.169828660909697338e-02 6.095824347903264773e-01
5.807925367800000095e+04 3.255176064591688601e+02 4.196341413149644040e-01 1.304830376320216707e-02 5.673175549218334446e-01
5.773335532799999783e+04 3.326014764416730713e+02 4.278256815555465664e-01 7.342809614785679451e-03 5.648315088296677056e-01
5.825322852599999896e+04 2.870976452121408329e+02 3.781479406669725485e-01 2.961200282538226786e-02 5.922400565076453294e-01
5.829517675400000007e+04 2.586490404165900259e+02 3.543741405363091679e-01 4.806147837198690778e-03 6.408197116264922055e-01
5.774122727999999915e+04 3.117563282908881206e+02 4.022183763087802122e-01 2.954814109500325525e-02 5.682334825962165326e-01
5.786411109399999987e+04 2.868323925869976847e+02 3.822387118396974870e-01 1.151861086854342152e-02 6.062426772917590689e-01
5.791098435800000152e+04 3.176612366757690893e+02 4.146265185399660713e-01 3.780355319910799240e-03 5.815931261401230401e-01
5.780125464600000123e+04 2.962778178139606098e+02 3.892505579970633733e-01 2.150733683850186359e-02 5.892421051644346486e-01
5.780936719199999789e+04 2.764141864104536239e+02 3.725224091126370096e-01 7.440445741747386994e-03 6.200371451456156979e-01
5.806233058400000300e+04 3.465693031689318104e+02 4.388752524376281494e-01 1.368596945274077811e-02 5.474387781096310412e-01
5.772634267800000089e+04 3.396888034597112664e+02 4.346503783168813584e-01 6.427603212413115358e-03 5.589220184707055505e-01
5.771924844599999778e+04 3.021176613687091503e+02 3.972120604001058153e-01 1.268716661908734535e-02 5.901007729808068758e-01
5.775723262200000318e+04 3.658504648826194057e+02 4.535553422205423901e-01 2.177383898017041727e-02 5.246708187992872308e-01
5.776435761199999979e+04 3.578624596086741008e+02 4.501428911525225951e-01 9.722424321468164932e-03 5.401346845260092122e-01
5.827812330800000200e+04 1.915641267641642571e+02 2.771052123742127060e-01 8.571874952084430552e-03 7.143229126737028478e-01
5.812536244599999918e+04 2.940275446615232795e+02 3.912647533258767352e-01 4.231526044408006129e-03 6.045037206297152466e-01
5.769338653799999884e+04 3.168233961934108720e+02 4.050163470940982280e-01 3.709930887786448001e-02 5.578843440280373267e-01
5.809433256599999731e+04 3.254320663690411379e+02 4.174615518563918881e-01 2.078488194919334356e-02 5.617535661944147440e-01
5.774928212199999689e+04 3.398593280166062414e+02 4.328052603146588240e-01 1.356395424332928860e-02 5.536307854420118302e-01
5.811735473800000182e+04 2.959307562652105617e+02 3.901205085918910132e-01 1.661150365703020770e-02 5.932679877510789179e-01
5.820532968200000323e+04 2.612241208353902948e+02 3.550065280947691804e-01 1.450131950520068894e-02 6.304921524000300925e-01
5.790323610400000325e+04 2.795346206030727672e+02 3.724499737818191547e-01 2.151426936817520119e-02 6.060357568500056580e-01
5.807036049600000115e+04 3.436098869662823176e+02 4.367889075666554488e-01 1.158416546630777061e-02 5.516269269670367459e-01
5.805532506200000353e+04 3.549088397161356170e+02 4.492312407190809931e-01 3.828581246242734708e-03 5.469401780346763164e-01
5.830709644200000184e+04 2.655392393060117797e+02 3.606903582228455085e-01 9.447925740549079771e-03 6.298617160366053458e-01
5.816835636199999863e+04 2.642752826289301993e+02 3.581123496046676458e-01 1.504424180614060205e-02 6.268434085891918528e-01
5.818236980000000040e+04 2.987090842324427058e+02 3.918820609146810297e-01 2.056437475167745277e-02 5.875535643336415870e-01
5.792505683999999746e+04 4.520975046945040958e+02 5.276978523396117504e-01 7.208944646711981825e-03 4.650932030136762929e-01
5.785705604199999652e+04 1.726054603571948860e+02 2.539064366267717032e-01 7.387064983893350950e-03 7.387064983893348868e-01
5.794902188600000227e+04 2.897696877383946230e+02 3.853640944487212727e-01 1.086782544196760250e-02 6.037680801093111560e-01
5.816135214599999745e+04 2.632404136693535861e+02 3.568784882143933856e-01 1.568589053135625161e-02 6.274356212542502309e-01
