5.780125822796300054e+04 3.892701220080143685e+02 8.289341113394750327e-01 1.599903331590651900e-01 1.107555550145982413e-02
5.771924999274309812e+04 4.307790483602375957e+02 8.888297607162725100e-01 1.007720991197759708e-01 1.039814016395150184e-02
5.796499293421299808e+04 1.494925536933060073e+02 2.533984314184919984e-01 7.395838433528557632e-01 7.017725228652300050e-03
5.770135136431710271e+04 4.679400818352738725e+02 9.823528338212295097e-01 6.882956515963877496e-03 1.076420966280653563e-02
5.752321720414349693e+04 2.086530785976786433e+02 6.978925448871923232e-01 2.747827702907127412e-01 2.732468482209487667e-02
5.785705753340280353e+04 nan nan nan nan
5.779425399725689931e+04 4.286981870327465458e+02 9.445699196943149190e-01 4.357259580875987026e-02 1.185748449692528884e-02
5.777934957790510089e+04 4.047343920548238430e+02 9.685880055627633656e-01 1.742367341041320059e-02 1.398832102682340608e-02
5.756912210134259658e+04 3.946589988183008018e+02 9.359110772842665904e-01 5.035315960061344936e-02 1.373576311512001921e-02
5.777934750718750001e+04 4.047922676264707889e+02 9.723803189713452477e-01 1.352563968055901095e-02 1.409404134809571531e-02
5.776436118144680222e+04 4.436307288114674066e+02 9.033900661806271160e-01 8.648166972415213816e-02 1.012826409522071466e-02
5.750803268356480112e+04 4.974290070442129377e+02 9.454742301703160656e-01 4.570178373089860829e-02 8.823986098785411084e-03
5.776435706200230197e+04 4.431376377082850695e+02 8.967382304139639437e-01 9.325988747837858639e-02 1.000188210765751845e-02
5.771136301688660024e+04 3.567011033821162869e+02 8.253514035084412725e-01 1.615719458921076601e-01 1.307665059945117489e-02
5.792505839787040168e+04 5.268800492587357667e+02 9.587777297173006863e-01 3.313429147535134484e-02 8.087978807348010502e-03
5.754706797363430087e+04 4.624031322301765385e+02 9.800299243184239506e-01 8.998606794881933851e-03 1.097146888669407218e-02
5.775723621420140262e+04 4.563298932136768826e+02 8.897194610180467755e-01 1.009956657563167298e-01 9.284873225636487704e-03
5.778635548760420352e+04 4.357543478521354814e+02 9.631857034770313630e-01 2.488089552906259938e-02 1.193340099390599943e-02
5.788727544106479763e+04 4.385263409700417583e+02 9.704196846126570408e-01 1.761964667596196271e-02 1.196066871138094095e-02
5.777234237812500214e+04 3.981081189137930210e+02 8.437822891787261081e-01 1.452456961753940401e-01 1.097201464587992115e-02
5.793309323693290207e+04 5.066341364970598988e+02 9.722454580079639141e-01 1.875976116752253731e-02 8.994780824513579770e-03
5.755421627608800191e+04 nan nan nan nan
5.796499498196759669e+04 2.153178215593862603e+02 3.839731616707306450e-01 6.082595500854507398e-01 7.767288243818638686e-03
5.791804778619210265e+04 3.081143485912791107e+02 7.920444836294699975e-01 1.918155384150347642e-01 1.613997795549528338e-02
5.755421834906250297e+04 3.050316843676171175e+02 9.002245470849096209e-01 7.850192912956087399e-02 2.127352378552942874e-02
5.758399652326390060e+04 4.363712445431535798e+02 9.254752435152567847e-01 6.353861974482941100e-02 1.098613673991376098e-02
5.752321513501159643e+04 2.712402304508802331e+02 8.091761065081259918e-01 1.690865970372338323e-01 2.173729645464021060e-02
5.771135891380789690e+04 nan nan nan nan
5.758399242811340082e+04 4.243647472059460029e+02 8.916197732358088768e-01 9.759800099683560437e-02 1.078222576735543212e-02
5.793308914398150227e+04 5.038074850389808148e+02 9.693641093709411960e-01 2.159372874740807594e-02 9.042161881650648270e-03
5.777234032824070164e+04 4.099000742715126648e+02 8.906848146503567598e-01 9.778278424308656236e-02 1.153240110655663793e-02
5.756209657984950172e+04 4.569827877168781924e+02 9.561573189988566979e-01 3.314999880297890555e-02 1.069268219816439484e-02
5.781718846579860110e+04 4.253549439058805319e+02 9.253613094973041076e-01 6.307896979386562464e-02 1.155972070883029730e-02
5.751604011126160185e+04 4.481685100566290316e+02 9.313896367062637349e-01 5.806144901139861231e-02 1.054891428233761461e-02
5.792505632480319764e+04 5.287288174361946176e+02 9.735257942622097538e-01 1.819370500603618296e-02 8.280500731754137853e-03
5.778635344240740233e+04 4.372120354245161025e+02 9.792884524985414618e-01 8.457919640511112405e-03 1.225362786094738414e-02
5.774122955451389862e+04 4.559435717792541141e+02 9.660372040126929960e-01 2.299818703500208783e-02 1.096460895230488494e-02
5.794902342686340126e+04 4.323111207324492966e+02 9.693087519037932864e-01 1.841235862259272063e-02 1.227888947361400682e-02
5.773335891081020236e+04 4.530300625350875521e+02 9.131094721964341243e-01 7.696806936470096394e-02 9.922458438864998481e-03
5.759899435380790237e+04 4.682525171086558657e+02 9.859146572511624518e-01 3.257397724722291710e-03 1.082794502411520143e-02
5.770135341181710100e+04 4.616401779008225503e+02 9.468767388180597822e-01 4.284765780053521184e-02 1.027560338140491580e-02
5.752321306202549749e+04 1.806206619283758243e+02 6.830299004204819502e-01 2.820422209187417595e-01 3.492787866077632503e-02
5.759101543976849644e+04 4.313691333457134647e+02 9.297815954917417747e-01 5.887113432216740938e-02 1.134727018609080901e-02
5.759899642730320193e+04 4.563740981660842522e+02 9.227957930324508506e-01 6.721808483316152327e-02 9.986122134387692001e-03
5.796499702621530014e+04 nan nan nan nan
5.791804983322919725e+04 3.601313359085283992e+02 8.174412772991499487e-01 1.699747160016636394e-01 1.258400669918641190e-02
5.780937075761570304e+04 3.893069575232717625e+02 9.225583001446689968e-01 6.372559023468075956e-02 1.371610962065024884e-02
5.789498804668980301e+04 5.423217058099963879e+02 9.911719535603937814e-01 6.695209933482506063e-04 8.158525446257877678e-03
5.781719258413190255e+04 4.285323728762014639e+02 9.329826160749379316e-01 5.544007907342454744e-02 1.157730485163747415e-02
5.787822373693290137e+04 5.584516356086519409e+02 9.672993139942012153e-01 2.537280746948273116e-02 7.327878536316049206e-03
5.780936665247679775e+04 4.003698895972650575e+02 9.762577073038192221e-01 9.220047288454640694e-03 1.452224540772616666e-02
5.774928362151620240e+04 4.673267786820038623e+02 9.612899846880593735e-01 2.837538045010737711e-02 1.033463486183323725e-02
5.756209248620369908e+04 4.429214184417787123e+02 9.145994310168374941e-01 7.498612408256313810e-02 1.041444490059927931e-02
5.780936871119210264e+04 3.893340947037296473e+02 9.229526568273414000e-01 6.332141850782045667e-02 1.372592466483811210e-02
5.779425195087960310e+04 4.323946314898677201e+02 9.744237310779736427e-01 1.317224043448092345e-02 1.240402848754543208e-02
5.786411054701390094e+04 4.037739964636248828e+02 8.916697944559760503e-01 9.641890852587660377e-02 1.191129701814731302e-02
5.774122674336809723e+04 4.467502276353794173e+02 9.534262300350839769e-01 3.544948094781207037e-02 1.112428901710400299e-02
5.751604215731479781e+04 4.962019841195609615e+02 9.621259810400699664e-01 2.869123157841460200e-02 9.182787381515331027e-03
5.756911800738429883e+04 4.408381120227912788e+02 9.857724719344429509e-01 2.014517248219863891e-03 1.221301081733709541e-02
5.753022130751160148e+04 4.704657984421863830e+02 9.226317598512202567e-01 6.797472102699431140e-02 9.393519121785454465e-03
5.795602759527780290e+04 4.885264073039384130e+02 9.022620272340242664e-01 8.940659344615602133e-02 8.331379319819681023e-03
5.777233828069439915e+04 4.264342998524069799e+02 9.646645437978630389e-01 2.283643482947940104e-02 1.249902137265751674e-02
5.795602964086810243e+04 5.098619923359296990e+02 9.782193587924608025e-01 1.278991306261062673e-02 8.990728144928527427e-03
5.774928157427079714e+04 4.680880549900817869e+02 9.766346772448469826e-01 1.273278824297596062e-02 1.063253451217697522e-02
5.773335686430559872e+04 4.635839748059015051e+02 9.568046883311319695e-01 3.279090313338600682e-02 1.040440853548204106e-02
5.754707211745370296e+04 4.474301024122889316e+02 9.124652814472983264e-01 7.737667814758895923e-02 1.015804040511276811e-02
5.772634417016200314e+04 4.562686513594910025e+02 9.401805753931604670e-01 4.944870425620837701e-02 1.037072035063112650e-02
5.780125618298610061e+04 4.012483287915817414e+02 8.852683918821400155e-01 1.028424506201694733e-01 1.188915749769037591e-02
5.795602554311339918e+04 5.120186238887328045e+02 9.867840806857105518e-01 4.143974700244288691e-03 9.071944614045191618e-03
5.755422042105319997e+04 2.596955243902895063e+02 7.741054878022172181e-01 2.041925501586726033e-01 2.170196203911025148e-02
5.772634212504629977e+04 4.681164483824966283e+02 9.866083221281354287e-01 2.542186389998987630e-03 1.084949148186558146e-02
5.786411466642360028e+04 4.193553967845343777e+02 9.615185194971066496e-01 2.564108292384367771e-02 1.284039757904968139e-02
5.770134931630789652e+04 4.599604588656347346e+02 9.508994588914060353e-01 3.866161459295028996e-02 1.043892651564370944e-02
5.774928569214120216e+04 4.619713924188749274e+02 9.426408618112767090e-01 4.718986311229385333e-02 1.016927507642940987e-02
5.778635136835650337e+04 4.182877990560981516e+02 8.881415406690769121e-01 1.008470828787315920e-01 1.101137645219143861e-02
5.751604420141199807e+04 4.852261970713931873e+02 9.202074504919736109e-01 7.100817895981589856e-02 8.784370548210500979e-03
5.775723414351850079e+04 4.558926945212244277e+02 8.851216091343389047e-01 1.056716004168374856e-01 9.206790448823689438e-03
5.792506044400460087e+04 5.309316992555254728e+02 9.771711463575912804e-01 1.455530936932097549e-02 8.273544273087709428e-03
5.759101748648149805e+04 3.784214762667849641e+02 9.334689207234040387e-01 5.166912873566513464e-02 1.486195054093079372e-02
5.791805190278939699e+04 4.103997212292678682e+02 8.446639340923387529e-01 1.449898526839860924e-01 1.034621322367512176e-02
5.756209453456020128e+04 4.488883498423030574e+02 9.244103551197272450e-01 6.523153360664107892e-02 1.035811127363166911e-02
5.790323971211809840e+04 4.874197540596434806e+02 9.652973425357788129e-01 2.512314061288098074e-02 9.579516851340246289e-03
5.753021926346060354e+04 4.781891297924636888e+02 9.555224856082278340e-01 3.472514683824987070e-02 9.752367553522257176e-03
5.774123162674769992e+04 4.484687337249462757e+02 9.228179547880813738e-01 6.684026347334644236e-02 1.034178173857227406e-02
5.786411259569440153e+04 4.040239758139498463e+02 8.939916898286182079e-01 9.404971058378332194e-02 1.195859958759839040e-02
5.771925203789350053e+04 4.279026397280250649e+02 8.802950640493426571e-01 1.093679425476686840e-01 1.033699340298856358e-02
5.794201711207180051e+04 4.579997886442120603e+02 9.849074055379515302e-01 3.797551486139893236e-03 1.129504297590861947e-02
5.794201918894679693e+04 4.485705610563738901e+02 9.468316447266682534e-01 4.228628241204742538e-02 1.088207286128436632e-02
5.794902135501160228e+04 4.098598913485752746e+02 9.082241054080122389e-01 7.978248005706460588e-02 1.199341453492316564e-02
5.789498600013890245e+04 5.425412815821237018e+02 9.913720197336499673e-01 4.727660419925785291e-04 8.155214224357497030e-03
5.777934543577550357e+04 3.973772389292700495e+02 9.359342263381387195e-01 5.051661526339990688e-02 1.354915839846148294e-02
5.753021721699069894e+04 4.810942703455893934e+02 9.726369212678563914e-01 1.737990174920185996e-02 9.983176982941766031e-03
5.779424990355320188e+04 4.141711182054662004e+02 8.938534389927589308e-01 9.477027120923468828e-02 1.137628979800637402e-02
5.787822169053240214e+04 5.525968606043675209e+02 9.471489694866072062e-01 4.567560942610729424e-02 7.175421087285499544e-03
5.776435913623840315e+04 4.345283935793971182e+02 8.637106652822686970e-01 1.266393220873770487e-01 9.650012630354257853e-03
5.750802856400459859e+04 4.796779030086573812e+02 8.907279739715303624e-01 1.008499647776440328e-01 8.422061250825558024e-03
5.781719053767360310e+04 4.303038508975080845e+02 9.480394946757656482e-01 4.010472805307101901e-02 1.185577727116332060e-02
5.787822578078699735e+04 5.625961482324510143e+02 9.865930023539692950e-01 5.895782710072258390e-03 7.511214935958398023e-03
5.775723207074069796e+04 4.769528674174219418e+02 9.882974664257261344e-01 1.215514139196122731e-03 1.048701943507767374e-02
5.780125410884260054e+04 4.165348050340359123e+02 9.591575605660387360e-01 2.789139022839929455e-02 1.295104920556204055e-02
5.791098794153940253e+04 5.184433061030249519e+02 9.334408811940543282e-01 5.864142452017764851e-02 7.917694285768052745e-03
5.771924791943289893e+04 nan nan nan nan
5.794902547202550340e+04 3.748889253666972650e+02 7.329607539724442011e-01 2.577027512803279352e-01 9.336494747227794266e-03
5.756912005475690239e+04 4.310734212310802036e+02 9.522780169986988508e-01 3.580263054191321070e-02 1.191935245938791424e-02
5.758399447690969828e+04 4.444258251852266426e+02 9.751096688894410613e-01 1.313226256494084629e-02 1.175806854561809237e-02
5.773335479246530303e+04 4.154976435068256251e+02 7.719572993914028958e-01 2.196117399417831517e-01 8.430960666814001081e-03
5.790323556789349823e+04 4.726417472308078231e+02 9.436318797023283134e-01 4.663238655366361979e-02 9.735733744008065113e-03
5.772634621746530320e+04 4.545342778962515808e+02 9.353677508709221655e-01 5.428894865401448500e-02 1.034330047506342234e-02
5.771136096131939848e+04 2.412045880340802739e+02 6.602781888283212330e-01 3.214193113693328829e-01 1.830249980234601240e-02
5.793309119048609864e+04 5.037552384511222954e+02 9.701697553636152715e-01 2.077116766976771361e-02 9.059076966616928100e-03
5.759101953285880154e+04 3.890192896907140039e+02 8.468264030106253948e-01 1.415998457243193565e-01 1.157375126505530948e-02
5.785705548473379895e+04 2.993226185187496640e+02 9.469327213047418201e-01 2.862246041766622687e-02 2.444481827759193218e-02
5.754707007224539848e+04 4.672208353616180716e+02 9.872232967816564342e-01 1.871995622423795226e-03 1.090470759591981136e-02
5.789499009097219823e+04 5.327308624826168852e+02 9.430031457834918696e-01 4.934373981479480559e-02 7.653114401713428071e-03
