5.777233883400000195e+04 2.809428855173827060e+02 2.062115256489970849e-01 5.811796985517073827e-02 7.356705044958322670e-01
5.787822224200000346e+04 4.496620975952235426e+02 3.069732695140235390e-01 5.663854822153525231e-02 6.363881822644411601e-01
5.790323610400000325e+04 3.561223646913815060e+02 2.488088119406073329e-01 8.465064852133349915e-02 6.665405395380591402e-01
5.771924844599999778e+04 2.956911571115211359e+02 2.155996559952563507e-01 5.843982201978885349e-02 7.259605219849548652e-01
5.769338653799999884e+04 3.085451087261200769e+02 2.201762544486220163e-01 8.448380301782648649e-02 6.953399425335514694e-01
5.772634267800000089e+04 3.272712768084209642e+02 2.364238122935452546e-01 5.095258742044937728e-02 7.126236002860052432e-01
5.788727394199999981e+04 2.422637934972909761e+02 1.835585519656288411e-01 3.253223244688084603e-02 7.839092155874903822e-01
5.770134986000000208e+04 3.162689154045562532e+02 2.280315213750697401e-01 6.211240632614381529e-02 7.098560722987864446e-01
5.756911854999999923e+04 2.882643917270518727e+02 2.103517585779172971e-01 6.253199701869162352e-02 7.271162444033910655e-01
5.753021771799999988e+04 3.397164491696720461e+02 2.390894163735907130e-01 8.454562040293438219e-02 6.763649632234748355e-01
5.752321354799999972e+04 8.068900370573945224e+01 6.367759126631948596e-02 8.589333631435216998e-02 8.504290724193283024e-01
5.774928212199999689e+04 3.130490615980320399e+02 2.237740400063672475e-01 7.849475999935610904e-02 6.977311999942765741e-01
5.791804831600000034e+04 1.952172345392718569e+02 1.495663536893332979e-01 4.889392311493935550e-02 8.015397231957273050e-01
5.774122727999999915e+04 3.070864346314088493e+02 2.176954531616060451e-01 9.607248820822382462e-02 6.862320586301701164e-01
5.794902188600000227e+04 2.939690642918424146e+02 2.134118252720412778e-01 6.692836253403490476e-02 7.196598121939238313e-01
5.781718901400000323e+04 3.007165626345174587e+02 2.249818720267291461e-01 1.070044752625818121e-02 7.643176804470126484e-01
5.751604065599999740e+04 3.199042667740910701e+02 2.269805928544122164e-01 8.558551906591879699e-02 6.874338880796689866e-01
5.756209302400000161e+04 3.151992000535001353e+02 2.254703805671369743e-01 7.581097312446154202e-02 6.987186463084014143e-01
5.780936719199999789e+04 2.510203974378216571e+02 1.846495396082228901e-01 7.647374050797364764e-02 7.388767198838034345e-01
5.780125464600000123e+04 2.829588284539212282e+02 2.044868427471605576e-01 8.236823815571757412e-02 7.131449190971218544e-01
5.794201764199999889e+04 2.770611765931685682e+02 2.055960831491518426e-01 4.248350336211350470e-02 7.519204134887346180e-01
5.758399295800000255e+04 3.200721713305102867e+02 2.317652192439637882e-01 5.226573997687850026e-02 7.159690407791576838e-01
5.791098435800000152e+04 4.151608413019247337e+02 2.891136912935490244e-01 4.867270022349710207e-02 6.622136084829538527e-01
5.778635191399999894e+04 3.072964190854271465e+02 2.230920901210927121e-01 5.721554315458372147e-02 7.196923667243235734e-01
5.779425045400000090e+04 2.979584159005408992e+02 2.152664427160466409e-01 7.198736538208837243e-02 7.127461919018650560e-01
5.776435761199999979e+04 3.236898900511900479e+02 2.305271036382670613e-01 7.687803014955207903e-02 6.925948662121809152e-01
5.775723262200000318e+04 3.309290286402314791e+02 2.351807266621436798e-01 7.517159674826540128e-02 6.896476765895909189e-01
5.759101594399999885e+04 5.594069511837151367e+02 3.602753238262939028e-01 7.334603414297913293e-02 5.663786420307269642e-01
5.786411109399999987e+04 2.727008624307000559e+02 2.011282441329453885e-01 5.608072298276393225e-02 7.427910328842906029e-01
5.795602603000000090e+04 4.013845572324729005e+02 2.829181206724451503e-01 3.866950531851526263e-02 6.784123740090396426e-01
5.785705604199999652e+04 1.452141974265213378e+02 1.135855352292678144e-01 5.096256583507507293e-02 8.354518989356569669e-01
5.773335532799999783e+04 3.131929507440369775e+02 2.278407397480060881e-01 4.950202089589291615e-02 7.226572393561009333e-01
5.759899491000000125e+04 3.327484244086242597e+02 2.367632687220409538e-01 7.189911236676425899e-02 6.913376189111948289e-01
5.796499347000000125e+04 1.496075941771657085e+02 1.164749054452189903e-01 5.586692635358099512e-02 8.276581682012000840e-01
5.793308969999999681e+04 3.907958482625804209e+02 2.716907802530885707e-01 6.830992681812897427e-02 6.599992929287824550e-01
5.792505683999999746e+04 4.182715329509659341e+02 2.874907776370703716e-01 6.741259731727128335e-02 6.450966250456582340e-01
5.754706852200000139e+04 3.302695864176837972e+02 2.345911000046946859e-01 7.647199630916191870e-02 6.889369036861434648e-01
5.789498652399999992e+04 4.227703552938577900e+02 2.885449570197582969e-01 7.537543369973950802e-02 6.360796092805022228e-01
