5.830710000846059847e+04 7.006088056098066374e+01 7.041004260985501972e-02 9.289732407352294663e-01 6.167166549155295857e-04
5.796499702621530014e+04 1.348426616905973852e+01 8.430071678877231259e-03 9.913312705682041370e-01 2.386577529187309719e-04
5.818236926697919989e+04 4.968052294945195513e+01 2.561722557816550547e-02 9.742204217226180241e-01 1.623526992164049838e-04
5.775723621420140262e+04 1.377043558276459692e+02 1.341663119360992085e-01 8.652540468554575925e-01 5.796412084432649159e-04
5.791098794153940253e+04 1.104459549347215557e+02 7.100283853661806810e-02 9.287448020907911328e-01 2.523593725909228100e-04
5.794201711207180051e+04 3.166826402038103438e+01 2.005669241548643789e-02 9.796983799657243974e-01 2.449276187891939109e-04
5.756209248620369908e+04 8.248469450887240839e+01 5.440190133077363321e-02 9.453324858313569834e-01 2.656128378693923338e-04
5.781719258413190255e+04 1.180483623106816964e+02 1.151133574118397285e-01 8.843060130118336470e-01 5.806295763266312079e-04
5.828621623447920138e+04 4.945687515771604836e+01 5.114070087443511881e-02 9.482063976480452627e-01 6.529014775195661003e-04
5.790323764157410187e+04 7.212386351513362115e+01 7.184256842363660744e-02 9.275515700418383025e-01 6.058615345251024218e-04
5.814031412269680004e+04 1.227941362963456982e+02 1.195382535951736297e-01 8.798830827555197409e-01 5.786636493065920941e-04
5.827022877195599722e+04 nan nan nan nan
5.819815560798609658e+04 9.988956722774254615e+01 9.897262947920149045e-02 9.004279141226992911e-01 5.994563980992424291e-04
5.773335479246530303e+04 1.147355245316772994e+02 8.788341033712142314e-02 9.117583401258945175e-01 3.582495369840960693e-04
5.777934957790510089e+04 9.717463636561170404e+01 9.680626447777852805e-02 9.025877409678433327e-01 6.059945543781316158e-04
5.772634212504629977e+04 1.378589239561026432e+02 1.300571545106093685e-01 8.693993870054622652e-01 5.434584839284028026e-04
5.750803061267360317e+04 1.542979365679544230e+02 1.424428381116424891e-01 8.570367722440414004e-01 5.203896443160971200e-04
5.792505839787040168e+04 1.811954542732318885e+02 1.713025359493042521e-01 8.281517053929827732e-01 5.457586577130923511e-04
5.829517626560189819e+04 2.321626679228802104e+01 1.148871556408503913e-02 9.883617552982689736e-01 1.495291376460783979e-04
5.805532662721059751e+04 8.992459135832361028e+01 8.665004906579704125e-02 9.127829962788246432e-01 5.669546553783877830e-04
5.751604420141199807e+04 1.623245806786138985e+02 1.553494427162546987e-01 8.440912912219307174e-01 5.592660618147464588e-04
5.778635344240740233e+04 1.245038343857782763e+02 1.211874254502060544e-01 8.782340559709120864e-01 5.785185788819807414e-04
5.808635959826390172e+04 6.629777739169126960e+01 3.706695052937512141e-02 9.627421769431564469e-01 1.908725274684392858e-04
5.814031619839119958e+04 1.247247086183464688e+02 1.225533872976332650e-01 8.768570726870305032e-01 5.895400153362451287e-04
5.750802856400459859e+04 1.577965365552417722e+02 1.475615761682062266e-01 8.519044508497866097e-01 5.339729820072485920e-04
5.759101953285880154e+04 7.330523948483660490e+01 5.690686267914781687e-02 9.427251550472544039e-01 3.679822735978045562e-04
5.777934750718750001e+04 9.970575482851478455e+01 9.940253460831276200e-02 8.999905584414578108e-01 6.069069502294289348e-04
5.825323209668979689e+04 8.645495488072924672e+01 8.513728339028467373e-02 9.142705724565698411e-01 5.921441531454468051e-04
5.778635136835650337e+04 1.217084953906303326e+02 1.171757336477257105e-01 8.822582861743921701e-01 5.659801778822606778e-04
5.775723414351850079e+04 1.397561546398275425e+02 1.390754410753572146e-01 8.603198774655238523e-01 6.046814591189774617e-04
5.832110434920139960e+04 nan nan nan nan
5.812536396336810139e+04 9.260703446948299700e+01 6.228326355251669749e-02 9.374405372494722943e-01 2.761991980110841218e-04
5.770135136431710271e+04 1.255281289545603727e+02 1.126834182572047649e-01 8.868245359074629075e-01 4.920458353323867943e-04
5.781719053767360310e+04 1.175968717096344562e+02 1.140150665167153771e-01 8.854109484109243811e-01 5.739850723603808717e-04
5.813236809641199943e+04 9.187929620267293274e+01 7.928468452286750734e-02 9.202606301590716686e-01 4.546853180607832515e-04
5.752321720414349693e+04 3.076092798765604996e+01 2.579374296127485630e-02 9.737769208318223235e-01 4.293362069029241527e-04
5.823726035914350359e+04 nan nan nan nan
5.825323005146990181e+04 9.050522696835422209e+01 9.056040755954349042e-02 9.088282323864478318e-01 6.113600540087553957e-04
5.807036205874999723e+04 6.086416906804124238e+01 3.556991974058512640e-02 9.642215303423048445e-01 2.085499171100846101e-04
5.791804983322919725e+04 1.001457590440248566e+02 9.792316502930990818e-02 9.014930224501548350e-01 5.838125205352149346e-04
5.755422042105319997e+04 1.751457647126209949e+01 8.898528274393410070e-03 9.909438541165370706e-01 1.576176090695289753e-04
5.780937075761570304e+04 1.019883247762953715e+02 9.970140615268145712e-02 8.997150556410303812e-01 5.835382062882219466e-04
5.808635550745369983e+04 8.532767017101450335e+01 6.057993244437284014e-02 9.391122839805935429e-01 3.077835750336967158e-04
5.780125822796300054e+04 8.151767991223589149e+01 6.022965794651991001e-02 9.394370040592240345e-01 3.333379942561641722e-04
5.787822373693290137e+04 1.618343181978864322e+02 1.208745429607767791e-01 8.787848166889629109e-01 3.406403502603605558e-04
5.754706797363430087e+04 1.061071438569035479e+02 1.037645731758466833e-01 8.956514755578521836e-01 5.839512663011207829e-04
5.822235540826390206e+04 7.440259787123993362e+01 7.329184929771698220e-02 9.261156309863981528e-01 5.925197158849502882e-04
5.792505632480319764e+04 1.768827349572260061e+02 1.678691467174817653e-01 8.315808838877397635e-01 5.499693947786253503e-04
5.772634417016200314e+04 1.287952273250472786e+02 1.194741603439167382e-01 8.800004081872407902e-01 5.254314688424480779e-04
5.817536914803239779e+04 1.012207484777675717e+02 1.005590510488059836e-01 8.988382910016282645e-01 6.026579495656901164e-04
5.790323971211809840e+04 8.882411473289216985e+01 8.687371772078965326e-02 9.125421883602452544e-01 5.840939189649767532e-04
5.827022465368059784e+04 nan nan nan nan
5.807925519999999960e+04 7.936522006283790631e+01 7.832593023755400619e-02 9.210793418537495114e-01 5.947279086964614740e-04
5.806233003357639973e+04 4.340644000289749016e+01 2.038676170934079421e-02 9.794785419484830502e-01 1.346963421760967959e-04
5.831410411701389967e+04 5.855526759807754189e+01 5.746124464778133017e-02 9.419507439287914119e-01 5.880114234272951169e-04
5.774928569214120216e+04 1.264998050238139342e+02 1.237649429178904609e-01 8.756505588187322164e-01 5.844982633773718054e-04
5.779425195087960310e+04 7.317673172001875059e+01 4.412336851960562550e-02 9.556546284262974478e-01 2.220030540969659971e-04
5.795602964086810243e+04 1.550054192838225902e+02 1.464949457890976359e-01 8.529596491493193211e-01 5.454050615830533270e-04
5.769131419668979652e+04 nan nan nan nan
5.785705753340280353e+04 nan nan nan nan
5.807036410302080185e+04 5.138100456305787844e+01 2.544472852200263882e-02 9.744055244861796750e-01 1.497469918177171471e-04
5.820533327646990074e+04 8.942270860332712346e+01 8.724850750771820374e-02 9.121702089623235921e-01 5.812835299583679182e-04
5.786411054701390094e+04 1.220141067250099667e+02 1.183546610245925917e-01 8.810708015975382557e-01 5.745373778692005207e-04
5.774123162674769992e+04 9.396209546418269554e+01 6.430784425482394262e-02 9.354061398554019968e-01 2.860158897741387862e-04
5.771136301688660024e+04 3.991282219799953168e+01 1.879472946667649913e-02 9.810698716980587042e-01 1.353988352647139551e-04
5.807925724394679855e+04 7.986614530993682592e+01 7.886632572787997952e-02 9.205382515361948403e-01 5.954227359251269011e-04
5.759101543976849644e+04 8.535725410081940367e+01 7.028850894668303706e-02 9.292974385300440954e-01 4.140525232729738736e-04
5.819815355579859897e+04 9.618197394662912814e+01 9.418341695198743924e-02 9.052310800018251724e-01 5.855030461874588272e-04
5.774122955451389862e+04 9.022923346385950083e+01 6.142093762311939126e-02 9.382961147904422816e-01 2.829475864383258245e-04
5.812536600854169956e+04 8.901954239024119886e+01 5.801624069111550180e-02 9.417244034285473520e-01 2.593558803371243918e-04
5.780936665247679775e+04 1.024194811906143627e+02 1.022416716117590246e-01 8.971498314667778473e-01 6.084969214630979190e-04
5.774928362151620240e+04 1.261717631862849487e+02 1.226713124433986002e-01 8.767514835661526229e-01 5.772039904487984803e-04
5.770135341181710100e+04 1.310449026058134905e+02 1.210067272211208800e-01 8.784726221335721341e-01 5.206506453070164787e-04
5.795602554311339918e+04 1.554646414295552859e+02 1.486174506667711781e-01 8.508245367386907398e-01 5.580125945381036274e-04
5.780936871119210264e+04 1.038534184840517440e+02 1.042920820334799353e-01 8.950921335023304115e-01 6.157844641896445927e-04
5.771136096131939848e+04 2.367903122117268211e+01 1.160073605385635725e-02 9.882527054916466769e-01 1.465584544970292065e-04
5.805532867262729997e+04 9.118574042832163684e+01 8.751057601239010941e-02 9.119270375060196665e-01 5.623864815902330843e-04
5.809433617457179935e+04 1.008152746723713449e+02 7.064629244274898967e-02 9.290538646916383092e-01 2.998428656127387478e-04
5.786411259569440153e+04 1.252415567282335331e+02 1.239305813526444394e-01 8.754715198150647693e-01 5.978988322908186485e-04
5.819023105809029948e+04 1.030881498168627388e+02 1.026668286394509660e-01 8.967275370802610945e-01 6.056342802880060978e-04
5.788727751406250172e+04 2.842126991451445051e+01 1.448710347550994856e-02 9.853542451599687224e-01 1.586513645213793859e-04
5.826023217620370269e+04 3.059426694870559160e+01 3.134206583472576996e-02 9.680171042472968113e-01 6.408299179773042920e-04
5.781718846579860110e+04 1.154306853195431302e+02 1.100946918812793079e-01 8.893498416362973780e-01 5.554664824235093544e-04
5.769338602006940346e+04 nan nan nan nan
5.776435706200230197e+04 1.172256097437351912e+02 9.001795256802028189e-02 9.096219824331669424e-01 3.600649988129019617e-04
5.820532913385419670e+04 8.939516285505555970e+01 8.688711215812436328e-02 9.125360545313009331e-01 5.768333105746479336e-04
5.758399447690969828e+04 7.518638049272576040e+01 5.713271972855333419e-02 9.425146991243015249e-01 3.525811471452579781e-04
5.780125410884260054e+04 7.545983497808870766e+01 5.760135057203812081e-02 9.420428532518512199e-01 3.557961761106756505e-04
5.811735631356480008e+04 1.283859515043234580e+02 1.155972392333972226e-01 8.839077352773787588e-01 4.950254892241528993e-04
5.785705548473379895e+04 3.224746478057522125e+01 1.887160409289432086e-02 9.809192766028724808e-01 2.091193042332968274e-04
5.758399242811340082e+04 7.024250494383947796e+01 5.322373515973576052e-02 9.464256919226263776e-01 3.505729176379816640e-04
5.753021721699069894e+04 6.661477984096318039e+01 3.187266311701480309e-02 9.679875510506649183e-01 1.397858323202804233e-04
5.787822578078699735e+04 1.616176516771849379e+02 1.212179652000673902e-01 8.784385369361672469e-01 3.434978637654460040e-04
5.756911800738429883e+04 9.160468116857249754e+01 8.712484877199447308e-02 9.123227986501163400e-01 5.523525778893429187e-04
5.794902135501160228e+04 9.592907630555615128e+01 9.330472677565765371e-02 9.061176104107542262e-01 5.776628135882689663e-04
5.793309323693290207e+04 1.212525055222587866e+02 1.118421880666435192e-01 8.876382976258064827e-01 5.195143075500038019e-04
5.759101748648149805e+04 6.128804251112426016e+01 4.785640260128330714e-02 9.517712946495926474e-01 3.723027491240583323e-04
5.771924791943289893e+04 8.535330432553315916e+01 8.249774067617737794e-02 9.169318178703089739e-01 5.704414535137867278e-04
5.778635548760420352e+04 1.244713925545778181e+02 1.218286138362432575e-01 8.775864248371288978e-01 5.849613266277768533e-04
5.816135163695600204e+04 9.839833433202799995e+01 9.135379261353666902e-02 9.081198929093192707e-01 5.263144771440673693e-04
5.819022900959489925e+04 1.028798415555671397e+02 1.023915120706449244e-01 8.970036556162813701e-01 6.048323130737114041e-04
5.776435913623840315e+04 1.150544288044136323e+02 8.824714351385311295e-02 9.113936350230560368e-01 3.592214630908165704e-04
5.816835585621529754e+04 1.065132057791369817e+02 1.037369129945080598e-01 8.956838885784215165e-01 5.791984270705104187e-04
5.769338806991899764e+04 nan nan nan nan
5.772634621746530320e+04 1.305613683351905934e+02 1.213858164825825509e-01 8.780863777306905371e-01 5.278057867270171972e-04
5.811735835869210132e+04 1.244531881590489064e+02 1.077727704910446810e-01 8.917693262998478421e-01 4.579032091074858942e-04
5.785705957910879806e+04 nan nan nan nan
5.819022696206020191e+04 9.416347979171865745e+01 9.216128698008110853e-02 9.072537886600103851e-01 5.849243599084723950e-04
5.822935865428239777e+04 6.071666959764188221e+01 6.103301891245267036e-02 9.383499863405461161e-01 6.169947470012034562e-04
5.793309119048609864e+04 1.187149265052055824e+02 1.106279207832791822e-01 8.888418221197986746e-01 5.302570969221635615e-04
5.826023422604169900e+04 5.104789579237366759e+00 5.284437400806654694e-03 9.940612135573400066e-01 6.543490418533996853e-04
5.752321306202549749e+04 2.217449798235826819e+01 1.738285107740772731e-02 9.822419150186697534e-01 3.752339039225789218e-04
5.750803268356480112e+04 1.646464743308200127e+02 1.564445511360295638e-01 8.430041543661209724e-01 5.512944978496351310e-04
5.751604011126160185e+04 1.359783133801716701e+02 1.323766212983875368e-01 8.670446821026480677e-01 5.786965989643581094e-04
5.829517830981480074e+04 2.443184874365314840e+01 1.205593441271982785e-02 9.877953841547226776e-01 1.486814325575733730e-04
5.814031824292820238e+04 1.250412526421357455e+02 1.236598372034570237e-01 8.757429647821688423e-01 5.971980143741006074e-04
5.754707211745370296e+04 1.081174675653897594e+02 1.060471530221223507e-01 8.933653928715081793e-01 5.874541063694768694e-04
5.775723207074069796e+04 1.282794065043150340e+02 1.253954412232848037e-01 8.740210904875883591e-01 5.834682891268433078e-04
5.832900381342590117e+04 6.529914321155584389e+01 5.572057639420784081e-02 9.438348088413509585e-01 4.446147644412811861e-04
5.787822169053240214e+04 1.630738385249661349e+02 1.233609335345972613e-01 8.762896411609994995e-01 3.494253044032498900e-04
5.827812689575229888e+04 6.373621076730228907e+01 6.401630706509256474e-02 9.353676990519907974e-01 6.159938829166090824e-04
5.817536505616900104e+04 9.873444112104053261e+01 9.642766570801945825e-02 9.029899178746991772e-01 5.824164172812670371e-04
5.812536191586810310e+04 9.544433215131979864e+01 6.600547730477367148e-02 9.337024928013468728e-01 2.920298938794852611e-04
5.796499498196759669e+04 5.405716800114799980e+01 3.731657040296690320e-02 9.623924486775002896e-01 2.909809195329507957e-04
5.806233210521990259e+04 4.506681407323442556e+01 2.134556305405866522e-02 9.785174531612267357e-01 1.369837847144514853e-04
5.753022130751160148e+04 6.593651929524166633e+01 3.160249364894779367e-02 9.682572384442923452e-01 1.402679067596929836e-04
5.822936072609949770e+04 5.803169015413661214e+01 5.733409801130884276e-02 9.420698787736080382e-01 5.960232150831242665e-04
5.791098384990740306e+04 1.049010946682038110e+02 6.964492659776665151e-02 9.300859282416559237e-01 2.691451605775176852e-04
5.826023629657409765e+04 4.179346613350797490e+00 4.369632687511686500e-03 9.949628835161921092e-01 6.674837962962693397e-04
5.759899642730320193e+04 1.277941499363808191e+02 1.207047806980062754e-01 8.787504725601416045e-01 5.447467418521663180e-04
5.830709591488430306e+04 7.154495777779072796e+01 7.224473371556491830e-02 9.271326478550703243e-01 6.226184293647665270e-04
5.769131626776619669e+04 nan nan nan nan
5.794902342686340126e+04 9.723698192515136896e+01 9.386220273090188637e-02 9.055688314348891987e-01 5.689658342090136598e-04
5.756209657984950172e+04 8.504446074471907480e+01 5.633256305268979913e-02 9.433995234428406151e-01 2.679135044697152903e-04
5.776436118144680222e+04 1.150801944261362308e+02 8.882082284834857955e-02 9.108154329691557916e-01 3.637441824956691764e-04
5.770134931630789652e+04 1.298833681563220637e+02 1.222925994842209430e-01 8.771660719887389712e-01 5.413285270402572397e-04
5.811735423478009761e+04 1.322927180037282824e+02 1.238398927050821524e-01 8.756250295337959511e-01 5.350777611219558394e-04
5.815435159636569733e+04 3.218796380164904747e+01 1.688522392290960072e-02 9.829467431913206932e-01 1.680328857697243933e-04
5.788727544106479763e+04 5.077174166117476517e+01 2.761070010525853297e-02 9.722087162724289966e-01 1.805836223125728134e-04
5.756912210134259658e+04 7.496445202544515496e+01 7.197578330113788003e-02 9.274613187008495796e-01 5.628979980126542094e-04
5.779424990355320188e+04 7.159815382528459793e+01 4.222586181744517747e-02 9.575617545513428475e-01 2.123836312120995864e-04
5.774122674336809723e+04 8.066102870423453908e+01 5.477762582319943563e-02 9.449407651686524412e-01 2.816090081482466650e-04
5.769131833840280160e+04 nan nan nan nan
5.753021926346060354e+04 6.666441278848931518e+01 3.230880468152864948e-02 9.675477714899057835e-01 1.434238285654617100e-04
5.786411466642360028e+04 1.180364407271728595e+02 1.118484326444878496e-01 8.876032963994652247e-01 5.482709560470113135e-04
5.827812482775459648e+04 6.486618700816693206e+01 6.548850777354386921e-02 9.338891043915399370e-01 6.223878349161982059e-04
5.829518035386569682e+04 2.400828681073183901e+01 1.161993781548703933e-02 9.882370236960397181e-01 1.430384884732125708e-04
5.807925312800930260e+04 7.586622929484259714e+01 7.398721873313000852e-02 9.254320381768121884e-01 5.807430900579641170e-04
5.755421627608800191e+04 nan nan nan nan
5.818237350934030110e+04 4.955819574073235856e+01 2.549715271474258665e-02 9.743412180036483683e-01 1.616292816090002726e-04
5.823725831040510093e+04 nan nan nan nan
5.813236604783560324e+04 9.666022637610234369e+01 8.815278763754390290e-02 9.113393522192881901e-01 5.078601431680495248e-04
5.774928157427079714e+04 1.188914908834325388e+02 1.167222946506248638e-01 8.826891684009664507e-01 5.885369484086651511e-04
5.809433205741900019e+04 9.824207903688348154e+01 6.941277393801910389e-02 9.302824005181218325e-01 3.048255438590933360e-04
5.813237014164349966e+04 8.827341607422387426e+01 7.303360178580139972e-02 9.265484204131033685e-01 4.179778010952648172e-04
5.816835994937500072e+04 1.073483884436033406e+02 1.032480181400387553e-01 8.961871228821735036e-01 5.648589777877244906e-04
5.815434747914350010e+04 2.096402635537482340e+01 1.045756849509209968e-02 9.893904888581660506e-01 1.519426467418312217e-04
5.832110846770829812e+04 nan nan nan nan
5.823726240335650073e+04 nan nan nan nan
5.830709796201389690e+04 7.027793664235242943e+01 7.045251588689431521e-02 9.289338314059232271e-01 6.136527071824213588e-04
5.791098589741899923e+04 9.784879523675084556e+01 6.316091813348088946e-02 9.365846605186687324e-01 2.544213478503325860e-04
5.824427891273149726e+04 1.489947704984888155e+01 2.958656879383101106e-03 9.970172654317094318e-01 2.407768890745721693e-05
5.777234032824070164e+04 8.389934838563070230e+01 6.668378808077188302e-02 9.329304751885322267e-01 3.857367306960098508e-04
5.822936277232639986e+04 5.794624060587213421e+01 5.727212580059258540e-02 9.421313834379447805e-01 5.964907614625558543e-04
5.832900588675930339e+04 6.383552391590596642e+01 5.346347953579762974e-02 9.461082114328479564e-01 4.283090313544335708e-04
5.779425399725689931e+04 7.427281021958987139e+01 4.489459532987195856e-02 9.548823064757153700e-01 2.230981944126504452e-04
5.805532454843750020e+04 8.702545826976579235e+01 8.217056836671214615e-02 9.172850448287458436e-01 5.443868045421323531e-04
5.777934543577550357e+04 9.928053832602617490e+01 9.976858406331939877e-02 8.996147825769276185e-01 6.166333597529968184e-04
5.791805190278939699e+04 1.271661886505391834e+02 1.239115623989379966e-01 8.755086779304246392e-01 5.797596706373807016e-04
5.759899847901619796e+04 1.278544127924788256e+02 1.201627692659540947e-01 8.792978740578980545e-01 5.393566761479549583e-04
5.822235129023149784e+04 7.365483563213666685e+01 7.184042618244368406e-02 9.275786717577729767e-01 5.809020597833586047e-04
5.816135583026619861e+04 1.088248118364430326e+02 1.076389875203000168e-01 8.917636320321611354e-01 5.973804475388291325e-04
5.756912005475690239e+04 8.544584609629018246e+01 8.162630047800693844e-02 9.178164548000881107e-01 5.572447219051293501e-04
5.796499293421299808e+04 3.874374604851707460e+01 2.605312892734856778e-02 9.736707597577599627e-01 2.761113148916052493e-04
5.818237133792819805e+04 5.121268226186375472e+01 2.646414174946521564e-02 9.733728054626965553e-01 1.630527878382906283e-04
5.808635755370370316e+04 7.698929098613433553e+01 4.939570245786917280e-02 9.503529438104534321e-01 2.513537316775728086e-04
5.816835790402779821e+04 1.098922521196305837e+02 1.080350315519796045e-01 8.913748180502724106e-01 5.901503977479244465e-04
5.794201918894679693e+04 3.234471634348936675e+01 2.012198578819147932e-02 9.796416930419322711e-01 2.363211698763357659e-04
5.788727339337959711e+04 4.369610295169640324e+01 2.390886957118481398e-02 9.759083202728002782e-01 1.828101560149137902e-04
5.755421834906250297e+04 2.234677400606283726e+01 1.156829769942213301e-02 9.882680670430726844e-01 1.636352575051490681e-04
5.758399652326390060e+04 7.737653925955727630e+01 5.821025855013010203e-02 9.414441618487128238e-01 3.455796011571698806e-04
5.825322797965280188e+04 8.972170114484129044e+01 8.953894530832452736e-02 9.098529244569903973e-01 6.081302346850862720e-04
5.832110642223380273e+04 nan nan nan nan
5.831410207297449961e+04 6.004163869707750223e+01 5.934106820934410831e-02 9.400624828222028384e-01 5.964489684531145428e-04
5.794202124114579783e+04 3.161722920779877555e+01 1.953549746874706436e-02 9.802313881964205278e-01 2.331143348323842356e-04
5.777233828069439915e+04 8.209254446937956118e+01 6.281426874013336381e-02 9.368282306159398942e-01 3.575006439267461420e-04
5.792506044400460087e+04 1.796198624235418322e+02 1.687046416074984290e-01 8.307567005465772425e-01 5.386578459245041674e-04
5.790323556789349823e+04 8.007768216906730174e+01 7.792685825468760596e-02 9.214948872839707761e-01 5.782544613418161457e-04
5.814732800942129688e+04 1.067877498423306264e+02 9.851074476709772987e-02 9.009696279091247151e-01 5.196273237777271131e-04
5.820533120576389774e+04 9.008479016378545623e+01 8.839559980826207364e-02 9.110164696827482977e-01 5.879305089895996714e-04
5.769339011508099793e+04 nan nan nan nan
5.817536710152780142e+04 9.926008687726223911e+01 9.706750047665614611e-02 9.023485624662704874e-01 5.839370570734365561e-04
5.759899435380790237e+04 1.212033384619327023e+02 1.147589653769546525e-01 8.846936258802924335e-01 5.474087427529539642e-04
5.814732594024309947e+04 1.015369594734673342e+02 9.067784970616113438e-02 9.088351583656839594e-01 4.869919281549866109e-04
5.773335686430559872e+04 1.091441184668436364e+02 7.773911366776103948e-02 9.219511114930584172e-01 3.097748391805673946e-04
5.827812278018520010e+04 6.012978308393156368e+01 6.066301328161398387e-02 9.387154935926013133e-01 6.214931257846785517e-04
5.815434955232639913e+04 2.523255458945457264e+01 1.276300389415655455e-02 9.870807709357602988e-01 1.562251700830752713e-04
5.831410002775459725e+04 6.209441844743803074e+01 6.327317677200935964e-02 9.360928049224290781e-01 6.340183055615490181e-04
5.814732389353009785e+04 1.050546834755248113e+02 9.609202800566206404e-02 9.033971006690134642e-01 5.108713253245698903e-04
5.777234237812500214e+04 8.258779727696182249e+01 6.565863985025827132e-02 9.339554202823694418e-01 3.859398673724182124e-04
5.794902547202550340e+04 9.703913689538754284e+01 9.310464109023013080e-02 9.063332551941815085e-01 5.621037155885632262e-04
5.773335891081020236e+04 9.704215948929687841e+01 6.144770760369717977e-02 9.383074660721913984e-01 2.448263241114029894e-04
5.789498600013890245e+04 1.775899547332209067e+02 1.664162471573190638e-01 8.330475584096435071e-01 5.361944330375793561e-04
5.832900795686340280e+04 6.106116887380100167e+01 4.975763328800160423e-02 9.498368984658207559e-01 4.054682461777277540e-04
5.806233414921299845e+04 4.550229341258961568e+01 2.110035158243967965e-02 9.787683436618568322e-01 1.313047557033435457e-04
5.809433412939820118e+04 9.858804340229070817e+01 6.935221737737966297e-02 9.303456206181373034e-01 3.021620044831076495e-04
5.824427479357639822e+04 1.553330137376581987e+01 3.243846306268529517e-03 9.967295243387487291e-01 2.662935498271613323e-05
5.756209453456020128e+04 8.403699015048424315e+01 5.598210809997666848e-02 9.437469194338964362e-01 2.709724661269641418e-04
5.780125618298610061e+04 7.801564311790080808e+01 5.837573152463825660e-02 9.412823922253606979e-01 3.418762500011399250e-04
5.819815770527780114e+04 1.047645848315074488e+02 1.036974513586493840e-01 8.957043095085445161e-01 5.982391328060960656e-04
5.822235336199070298e+04 7.688836024275106240e+01 7.611684060193700530e-02 9.232847368419369039e-01 5.984225561261473413e-04
5.771924999274309812e+04 9.360429696076903383e+01 9.045787669068307280e-02 9.089718686361686339e-01 5.702546731483492011e-04
5.752321513501159643e+04 4.360766167960886008e+01 3.586464572990011312e-02 9.637223304142080726e-01 4.130238558918035495e-04
5.795602759527780290e+04 1.545917307131674647e+02 1.478165977736683734e-01 8.516251357733385374e-01 5.582664529931082725e-04
5.771135891380789690e+04 nan nan nan nan
5.789499009097219823e+04 1.890497123887110718e+02 1.758082417561956101e-01 8.236636851197368658e-01 5.280731240675849789e-04
5.793308914398150227e+04 1.147519078922465212e+02 1.064925032685355571e-01 8.929816176598187605e-01 5.258790716457665063e-04
5.791804778619210265e+04 7.831342560952856502e+01 7.639178045251396321e-02 9.230272030457243870e-01 5.810165017617631694e-04
5.824427684101850173e+04 1.428957041704551223e+01 2.976340247849315352e-03 9.969971689899471690e-01 2.649076220348767151e-05
5.751604215731479781e+04 1.565234881341631592e+02 1.485744645330957237e-01 8.508753654001901534e-01 5.501700667141532983e-04
5.771925203789350053e+04 9.602544723232708179e+01 9.269902982167238514e-02 9.067319268362620255e-01 5.690433420657111307e-04
5.827022672664350102e+04 nan nan nan nan
5.816135376030090265e+04 1.084942350472905304e+02 1.068832514312398063e-01 8.925241322110556430e-01 5.926163577045668327e-04
5.754707007224539848e+04 1.117373302324994597e+02 1.097706944262544226e-01 8.896399954687981282e-01 5.893101049474374666e-04
5.789498804668980301e+04 1.777654709649965241e+02 1.685274359775512376e-01 8.309237640804192360e-01 5.487999420296310474e-04
5.807035998547449708e+04 6.746220728795515242e+01 4.452904969814022035e-02 9.552049185918723984e-01 2.660317099875588853e-04
