5.770135188400000334e+04 4.452710828878502980e+02 8.151890918642149542e-01 1.739181403952410167e-03 1.830717267318326680e-01
5.780936923199999728e+04 nan nan nan nan
5.813236860000000161e+04 2.203578850622194807e+02 5.964409227001382652e-01 3.401340760583863344e-03 4.001577365392779417e-01
5.781719103599999653e+04 nan nan nan nan
5.773335736400000314e+04 3.915673433704108106e+02 7.798009257885072376e-01 3.574308632060632998e-03 2.166247655794322491e-01
5.796499549400000251e+04 1.846652727277510735e+02 5.342134675806656796e-01 8.684930437651965443e-03 4.571016019816824261e-01
5.752321562999999878e+04 2.081244698284628498e+02 5.759114156587957778e-01 5.855266450470276128e-03 4.182333178907339799e-01
5.774123006200000236e+04 3.743864560411090565e+02 7.685558447056352049e-01 1.265979964315272141e-03 2.301781753300495004e-01
5.791805034999999771e+04 2.917927974898877324e+02 6.919374098292779829e-01 9.214235000121295642e-04 3.071411666707098420e-01
5.814031669400000101e+04 2.774358485437342097e+02 6.748663512189100322e-01 1.939166891338508190e-03 3.231944818897513616e-01
5.810934433600000193e+04 2.348359186142180306e+02 6.192496091239600986e-01 9.495022216360098554e-04 3.798008886544039786e-01
5.780125667999999860e+04 3.234895766623502027e+02 7.237340763656030518e-01 2.870650369283689763e-03 2.733952732651132589e-01
5.774928413600000204e+04 4.273746730679027905e+02 8.053595857874036312e-01 6.788654207713878518e-04 1.939615487918250891e-01
5.815435007400000177e+04 1.317838981746575655e+02 4.250288068160401056e-01 6.817840235382924448e-03 5.681533529485770506e-01
5.769338857200000348e+04 nan nan nan nan
5.754707057399999758e+04 3.082380028871553463e+02 7.094729500782159803e-01 1.157478286540971702e-03 2.893695716352429059e-01
5.831410258400000021e+04 nan nan nan nan
5.777234083999999712e+04 3.573881483772783554e+02 7.555292968386219110e-01 3.661568195127979774e-04 2.441045463418652917e-01
5.816135426600000210e+04 nan nan nan nan
5.751604265999999916e+04 4.065774722625228605e+02 7.904518592250469045e-01 3.096770553324429236e-03 2.064513702216285718e-01
5.830709846999999718e+04 3.280546933419781794e+02 7.255088701592476985e-01 7.346477927611371091e-03 2.671446519131407404e-01
5.775723464399999648e+04 4.877763666382947463e+02 8.366532708256476658e-01 2.651471747542364244e-03 1.606952574268099843e-01
5.792505889800000296e+04 5.237343308230543926e+02 8.527935969440705311e-01 2.389479242914742483e-03 1.448169238130146974e-01
5.809433462600000348e+04 nan nan nan nan
5.822235386200000357e+04 3.903522531031475751e+02 7.799683072983019105e-01 1.962621639559250942e-03 2.180690710621389916e-01
5.805532712599999650e+04 3.935331505554752312e+02 7.816222208090957135e-01 2.908830803233554592e-03 2.154689483876706946e-01
5.807036255399999936e+04 3.006059142912742459e+02 6.977640488860981094e-01 7.945833184104533070e-03 2.942901179297974790e-01
5.758399498599999788e+04 3.242335748733832474e+02 7.239121628065993130e-01 3.811863629889160766e-03 2.722759735635114642e-01
5.755421884200000204e+04 nan nan nan nan
5.756912056199999643e+04 nan nan nan nan
5.820533170000000246e+04 2.511881652294122205e+02 6.402978495854104724e-01 4.791296527476032914e-03 3.549108538871135199e-01
5.788727594600000157e+04 3.300002338085890869e+02 7.296418198321488191e-01 3.337755310714213448e-03 2.670204248571370620e-01
5.779425246399999742e+04 3.192388891068919747e+02 7.203585789055247934e-01 1.529614933883255336e-03 2.781118061605918346e-01
5.789498855200000253e+04 3.857127415718276779e+02 7.768016745412197332e-01 1.661525995971070008e-03 2.215367994628092974e-01
5.771136154666999937e+04 nan nan nan nan
5.822936122800000157e+04 4.000458103080575256e+02 7.853765476718935767e-01 4.105107719860788366e-03 2.105183446082455334e-01
5.829517882999999711e+04 3.390686548307558041e+02 7.383082554839720535e-01 2.719211595663822544e-03 2.589725329203640958e-01
5.791098640000000159e+04 2.243900866182401330e+02 6.031687164453498617e-01 2.170633574888687807e-03 3.946606499797615242e-01
5.772634468200000265e+04 nan nan nan nan
5.753021978400000080e+04 4.230134141043620275e+02 8.012768663312502815e-01 2.743711904696741807e-03 1.959794217640529745e-01
5.786411311399999977e+04 2.960884252218151005e+02 6.966076830135972120e-01 1.058169516145899105e-03 3.023341474702568310e-01
5.759101800399999775e+04 3.106141463486293901e+02 7.108940035012862868e-01 3.004070225864910286e-03 2.861019262728486390e-01
5.756209504600000218e+04 4.169720411390666754e+02 7.980307520121298070e-01 1.900651665066633222e-03 2.000685963228034658e-01
5.795602811600000132e+04 3.048184561105731518e+02 7.064614836080593818e-01 1.466959102408498612e-04 2.933918204816997055e-01
5.808635807599999680e+04 nan nan nan nan
5.819815611399999761e+04 nan nan nan nan
5.819022951399999874e+04 1.950766095610917432e+02 5.548370125438402134e-01 3.313868392973894940e-03 4.418491190631859689e-01
5.806233260400000290e+04 4.320089849920436791e+02 8.080481192324320272e-01 8.599138511239984468e-04 1.910919669164440338e-01
5.771925050200000260e+04 3.973509494429399638e+02 7.842496035207329186e-01 2.978802318254179099e-03 2.127715941610127670e-01
5.778635394800000358e+04 3.851604210544042530e+02 7.771005325524672491e-01 5.558590210661661915e-04 2.223436084264664714e-01
5.787822426000000269e+04 nan nan nan nan
5.814732644199999777e+04 nan nan nan nan
5.790323814000000129e+04 nan nan nan nan
5.825323054799999954e+04 3.494953525431291723e+02 7.467667930316733704e-01 3.865204045306806172e-03 2.493680029230196937e-01
5.824427735599999869e+04 3.316329838273493920e+02 7.314024374147706231e-01 2.922426496970843921e-03 2.656751360882585455e-01
5.812536448399999790e+04 2.694183213320990831e+02 6.655320085059954760e-01 1.166555027632302588e-03 3.333014364663721141e-01
5.827812535000000207e+04 nan nan nan nan
5.794902391799999896e+04 2.468578669032287110e+02 6.339801547217794875e-01 5.764092051625520005e-03 3.602557532265949769e-01
5.807925570600000356e+04 nan nan nan nan
5.759899691599999642e+04 3.781139870700523602e+02 7.706252257911531123e-01 2.495670144705554577e-03 2.268791040641413015e-01
5.818237183599999844e+04 2.818517874330111113e+02 6.802482676877467105e-01 1.590804638369418874e-03 3.181609276738838199e-01
5.811735680600000342e+04 2.773588815303522779e+02 6.725649833189120130e-01 6.262857111604921631e-03 3.211721595694831399e-01
5.776435963400000037e+04 nan nan nan nan
5.793309171000000060e+04 nan nan nan nan
5.816835840599999938e+04 nan nan nan nan
5.817536762199999794e+04 2.452509763187750309e+02 6.317603726332488012e-01 5.799049249870096533e-03 3.624405781168810181e-01
