5.812536633666999842e+04 6.446694473421209750e+02 2.989211160354099950e-01 4.074947617013613410e-01 2.935841222632287195e-01
5.771925258400000166e+04 6.359914505262346438e+02 3.848844056778141787e-01 1.150216151984575358e-01 5.000939791237283272e-01
5.793309379199999967e+04 9.797521238820702365e+02 5.395316583039810876e-01 4.637810635787240066e-02 4.140902353381465395e-01
5.769339066399999865e+04 6.706089003340402996e+02 4.137298665497962658e-01 6.652710734186709218e-02 5.197430261083366698e-01
5.787822632400000293e+04 1.012208706403079077e+03 5.324389763274616216e-01 8.973393383614372554e-02 3.778270898363946251e-01
5.829518090400000074e+04 6.246827547739251258e+02 4.007946946469165828e-01 3.709901515319279086e-02 5.621062901998907790e-01
5.805532922400000098e+04 8.679200674471065895e+02 4.893340518844505049e-01 7.661074359744537987e-02 4.340552045181040874e-01
5.830710055599999760e+04 6.467904759212259478e+02 4.005042657950825258e-01 7.591867376394154099e-02 5.235770604409759610e-01
5.807036465799999860e+04 8.622876137836738053e+02 4.683206466097891707e-01 1.288919644582329216e-01 4.027873889319779077e-01
5.806233470400000078e+04 8.479830410167344326e+02 4.858510602400648581e-01 6.589354328222360446e-02 4.482553964777115652e-01
5.810934593000000314e+04 8.119239338578772731e+02 4.607894474464188095e-01 9.939770381493423512e-02 4.398128487386469554e-01
5.819815802666999662e+04 nan nan nan nan
5.788727804399999877e+04 4.191704401355858067e+02 2.800686334536163224e-01 1.103366446612154550e-01 6.095947218851682781e-01
5.820533380400000169e+04 7.036220850984782373e+02 4.016232874695173649e-01 1.534869634371869851e-01 4.448897490932957055e-01
5.775723675499999808e+04 nan nan nan nan
5.819023160400000052e+04 7.336821745766436607e+02 4.166700950890240840e-01 1.429147256652409936e-01 4.404151792457349779e-01
5.772634675399999833e+04 7.024006949101903956e+02 4.209732323609097771e-01 8.853395303587954790e-02 4.904928146032107028e-01
5.778635604199999943e+04 7.107147802723170571e+02 4.218847999157492312e-01 9.695398486639743296e-02 4.811612152178532109e-01
5.791098849599999812e+04 9.938056177413326395e+02 5.339981513509359790e-01 7.175324573107415282e-02 3.942486029179897433e-01
5.831410467200000130e+04 6.391844332987179769e+02 3.997319572834458490e-01 6.622174136730668570e-02 5.340463013492474653e-01
5.792506100400000287e+04 1.001716813068858301e+03 5.284966157539762177e-01 9.141198219360634203e-02 3.800914020524173154e-01
5.774123215599999821e+04 6.353045089954559899e+02 3.591025804848297920e-01 2.046159903013034520e-01 4.362814292138667005e-01
5.779425455399999919e+04 7.083108648640290994e+02 4.209667521621802133e-01 9.670651078007734547e-02 4.823267370577423163e-01
5.811735889599999791e+04 7.983612515648877661e+02 4.485314533944909088e-01 1.204653839595465070e-01 4.310031626459625564e-01
5.795603018600000360e+04 9.627666222150077147e+02 5.209108463252974941e-01 7.934851648262700174e-02 3.997406371920755319e-01
5.770135396400000172e+04 6.484944967746533848e+02 3.785073311363459925e-01 1.563035454627153820e-01 4.651891234009386533e-01
5.774928621600000042e+04 7.198652695928069534e+02 4.402477119647097981e-01 4.902939749214221127e-02 5.107228905431480115e-01
5.824427943799999775e+04 6.445315718571357593e+02 3.975711932569717666e-01 8.286968061708753497e-02 5.195591261259407956e-01
5.808636015600000246e+04 8.937359100011674400e+02 5.154213165039166489e-01 3.042808977904178785e-02 4.541505937170416396e-01
5.822936331800000335e+04 6.392008664054746987e+02 4.037391359388504131e-01 5.148163696096722669e-02 5.447792271001823394e-01
5.780125876599999901e+04 6.919995090464276473e+02 4.232563274733727177e-01 6.589896701145696312e-02 5.108447055151703609e-01
5.773335945999999967e+04 7.141369854954733682e+02 4.423330363170590585e-01 3.379006027012651514e-02 5.238769034128142321e-01
5.781719312199999695e+04 6.867158908464713249e+02 4.046698873880239522e-01 1.211524044383591459e-01 4.741777081736169852e-01
5.771136364332999801e+04 4.077943420594418171e+02 2.216211836488271303e-01 3.750737301588553119e-01 4.033050861923175301e-01
5.791805243000000337e+04 7.708202747884880637e+02 4.446762063753769700e-01 1.008853373033275491e-01 4.544384563212953698e-01
5.794902591750000283e+04 7.708490656330526463e+02 4.600017394878547772e-01 5.373237981683209180e-02 4.862658806953131241e-01
5.813237073999999848e+04 nan nan nan nan
5.780937131200000294e+04 nan nan nan nan
5.814031880200000160e+04 8.420927723146993458e+02 4.948920911191396765e-01 3.348521151311025651e-02 4.716226973677501988e-01
5.818237404399999650e+04 7.613444584277873446e+02 4.438318420804411302e-01 9.211462607178343143e-02 4.640535318477754800e-01
5.822235595399999875e+04 6.706421818418734802e+02 4.011774448455780462e-01 1.101872592307810150e-01 4.886352959236410221e-01
5.816836050399999658e+04 nan nan nan nan
5.827812742399999843e+04 nan nan nan nan
5.825323264000000199e+04 6.911691268113409023e+02 4.224057922336604820e-01 6.757724726626045120e-02 5.100169605000789419e-01
5.814732854000000225e+04 7.650889472073296247e+02 4.179902694329978852e-01 1.744398912343675390e-01 4.075698393326345204e-01
5.809433671799999865e+04 8.519957228987306053e+02 4.662765135910554859e-01 1.247399719193318518e-01 4.089835144896126762e-01
5.817536970000000292e+04 7.449609617655353304e+02 4.412948081581850035e-01 7.954121942173350557e-02 4.791639724200814632e-01
5.794202174499999819e+04 nan nan nan nan
5.777234281500000361e+04 6.800180230738711771e+02 4.291003629670903097e-01 2.718569700156711275e-02 5.437139400313424353e-01
5.790324025799999799e+04 9.066141727430343735e+02 5.224704003158766596e-01 2.403520302303755254e-02 4.534943966610858190e-01
5.807925779399999738e+04 8.501966198960877819e+02 5.084510090337446275e-01 3.174434616274866491e-03 4.883745563499803932e-01
5.786411510249999992e+04 nan nan nan nan
5.816135636199999863e+04 7.725609134003683494e+02 4.473573086128402321e-01 9.477799264054853623e-02 4.578646987466113427e-01
5.789499064199999702e+04 1.027562726906988246e+03 5.638170602998916481e-01 2.507743574147653504e-02 4.111055039586318238e-01
5.815435213400000066e+04 nan nan nan nan
5.776436173199999757e+04 7.067170758340845396e+02 4.005594973972838591e-01 1.607720045399893827e-01 4.386684980627268970e-01
