5.770135188400000334e+04 6.967640835345569030e+02 6.660573190802011601e-01 2.199248856127587054e-02 3.119501923585229486e-01
5.780936923199999728e+04 5.984303779266892889e+02 6.232452764827923763e-01 6.479810969583425610e-03 3.702749125476242908e-01
5.813236860000000161e+04 5.766134683105614158e+02 6.074697767725270037e-01 1.364004636697782429e-02 3.788901768604951426e-01
5.781719103599999653e+04 6.739592727547092181e+02 6.585613181808293026e-01 1.548289965289795060e-02 3.259557821662726340e-01
5.773335736400000314e+04 6.790003987652341948e+02 6.578106247151812580e-01 2.178733850128060021e-02 3.204020367835381800e-01
5.796499549400000251e+04 3.730452269612987948e+02 4.574377494039535419e-01 2.925832382589842531e-02 5.133039267701480224e-01
5.752321562999999878e+04 3.530395433758204149e+02 4.441891421046859634e-01 1.540166208071603801e-02 5.404091958145980090e-01
5.774123006200000236e+04 6.724730968576196801e+02 6.578210477354073937e-01 1.551646800245169017e-02 3.266624842621408398e-01
5.791805034999999771e+04 5.689431402893737868e+02 6.010716111249361226e-01 1.790796015007449504e-02 3.810204287249892574e-01
5.814031669400000101e+04 6.655554823101697366e+02 6.611286067012572820e-01 2.021101749296678064e-03 3.368502915494461791e-01
5.810934433600000193e+04 5.992734279369693695e+02 6.190928477832708943e-01 1.657702097165105609e-02 3.643301312450780705e-01
5.780125667999999860e+04 6.444793107652436674e+02 6.425310291073150770e-01 1.815338390389999168e-02 3.393155869887849452e-01
5.774928413600000204e+04 7.152835674095806553e+02 6.828309924896768246e-01 6.066498917558904753e-03 3.111025085927643929e-01
5.815435007400000177e+04 3.684342040639293145e+02 4.616408565802866404e-01 2.411763210939481955e-03 5.359473802087737493e-01
5.769338857200000348e+04 6.477720049043275594e+02 6.433743195052931130e-01 1.986866397468150386e-02 3.367570165200254317e-01
5.754707057399999758e+04 6.379111292967572808e+02 6.384191628704019017e-01 1.966042376827602592e-02 3.419204133613221175e-01
5.831410258400000021e+04 6.337352925199775200e+02 6.423098003405406375e-01 7.013533326656068261e-03 3.506766663328034217e-01
5.777234083999999712e+04 6.570245305891519365e+02 6.507319112118512550e-01 1.439935553009625592e-02 3.348687332580525533e-01
5.816135426600000210e+04 6.225372325875562183e+02 6.325615730736290354e-01 1.497950421522376008e-02 3.524589227111472600e-01
5.751604265999999916e+04 7.386730651853408745e+02 6.904274345244237887e-01 1.133309969949123329e-02 2.982394657760850665e-01
5.830709846999999718e+04 6.002227151943324088e+02 6.212739821753491265e-01 1.298384706207156465e-02 3.657421707625793106e-01
5.775723464399999648e+04 7.681295219473538509e+02 7.079713420599248463e-01 2.029990670884336545e-03 2.899986672691908796e-01
5.792505889800000296e+04 9.266272862071569989e+02 7.543218301670884252e-01 1.945517735325083195e-02 2.262229924796608782e-01
5.809433462600000348e+04 7.053596218141042300e+02 6.735867133779354088e-01 1.509875479367680726e-02 3.113145318283878638e-01
5.822235386200000357e+04 6.642540768729273850e+02 6.501134755959701028e-01 2.288977262456270631e-02 3.269967517794672429e-01
5.805532712599999650e+04 7.598208677081161113e+02 6.904698700927952570e-01 2.762655075674505176e-02 2.819035791504597155e-01
5.807036255399999936e+04 7.341415983063607200e+02 6.798631432895824167e-01 2.737338463870512412e-02 2.927634720717126049e-01
5.758399498599999788e+04 6.400478919390964165e+02 6.365331907599671712e-01 2.582927162736879667e-02 3.376375376126640182e-01
5.755421884200000204e+04 3.771732552739117068e+02 4.685153994219105611e-01 4.740695148863036980e-03 5.267439054292264444e-01
5.756912056199999643e+04 6.124351404891563107e+02 6.334804418017774275e-01 1.278344248822899185e-03 3.652412139493996790e-01
5.820533170000000246e+04 5.608000911531939892e+02 5.952296763155385806e-01 2.019044369922491644e-02 3.845798799852365168e-01
5.788727594600000157e+04 5.955701369825194433e+02 6.122177087567634013e-01 2.705457845883046594e-02 3.607277127844062403e-01
5.779425246399999742e+04 6.459939500239032668e+02 6.495283827947385680e-01 5.349394452665241599e-03 3.451222227525962416e-01
5.789498855200000253e+04 8.593830652285334963e+02 7.402510834320263911e-01 6.458895536307488958e-03 2.532900210316662015e-01
5.771136154666999937e+04 nan nan nan nan
5.822936122800000157e+04 6.511817925513253158e+02 6.461894057230027633e-01 1.764850945324689807e-02 3.361620848237504289e-01
5.829517882999999711e+04 5.894671126319215091e+02 6.116631771858446198e-01 2.076765782205373945e-02 3.675691649921016824e-01
5.791098640000000159e+04 6.533404553967042148e+02 6.470664931842945444e-01 1.808198232262627630e-02 3.348515244930792556e-01
5.772634468200000265e+04 6.509485445297272008e+02 6.424926283039793518e-01 2.494237476948982235e-02 3.325649969265309647e-01
5.753021978400000080e+04 7.244790286492057021e+02 6.788447503915598924e-01 2.143033163509422759e-02 2.997249179733458835e-01
5.786411311399999977e+04 6.054449057151980469e+02 6.282248292715484350e-01 4.226806192167268696e-03 3.675483645362842555e-01
5.759101800399999775e+04 5.639901888592952446e+02 6.047500760575186263e-01 2.747516849649822481e-03 3.925024070928316844e-01
5.756209504600000218e+04 7.140272939713738651e+02 6.801663031749803912e-01 1.006740450054540922e-02 3.097662923244741684e-01
5.795602811600000132e+04 7.468742255265339054e+02 6.960719639247464618e-01 7.412878928664721860e-03 2.965151571465888813e-01
5.808635807599999680e+04 6.850608483394274799e+02 6.645871712429012312e-01 1.413617285949458208e-02 3.212766558976041242e-01
5.819815611399999761e+04 5.538589455039220866e+02 5.936675180592893009e-01 1.411966153461928497e-02 3.922128204060912338e-01
5.819022951399999874e+04 5.135433531723729175e+02 5.662608208821553468e-01 1.867776369406986756e-02 4.150614154237748377e-01
5.806233260400000290e+04 7.782318811276472843e+02 7.122210906412090869e-01 1.858482772808883786e-03 2.859204265859820460e-01
5.771925050200000260e+04 6.658013764757846502e+02 6.534331110596744985e-01 1.775579886411535191e-02 3.288110900762101219e-01
5.778635394800000358e+04 6.996119601697066628e+02 6.701595548933990676e-01 1.660165583157630423e-02 3.132387892750245206e-01
5.787822426000000269e+04 9.830909301199795891e+02 7.805825746064076753e-01 4.196802153187887199e-03 2.152206232404045017e-01
5.814732644199999777e+04 6.360927506769940010e+02 6.403609501954163896e-01 1.366593791946229056e-02 3.459731118851213094e-01
5.790323814000000129e+04 nan nan nan nan
5.825323054799999954e+04 6.382722913536568967e+02 6.385309374756381606e-01 1.981588433498391796e-02 3.416531781893778486e-01
5.824427735599999869e+04 5.784604716152795163e+02 6.048044283043386704e-01 2.201750588294997327e-02 3.731780658127114014e-01
5.812536448399999790e+04 6.141779828315341092e+02 6.295201214516490396e-01 1.183527201558139813e-02 3.586446065327695831e-01
5.827812535000000207e+04 4.980447832650888245e+02 5.572507448961607768e-01 1.538510925071255933e-02 4.273641458531267090e-01
5.794902391799999896e+04 6.174601624623430780e+02 6.270224013124434670e-01 2.094588685409119050e-02 3.520317118334654327e-01
5.807925570600000356e+04 7.204867454825597406e+02 6.728237055006888179e-01 2.947265983205805615e-02 2.977036346672531364e-01
5.759899691599999642e+04 7.109535709091195486e+02 6.830260410668701487e-01 1.890500749104153527e-03 3.150834581840257220e-01
5.818237183599999844e+04 6.476110897241686644e+02 6.476534322166183077e-01 1.092547497002734243e-02 3.414210928133544209e-01
5.811735680600000342e+04 6.277146515571234886e+02 6.366828783129988567e-01 1.211642406786035339e-02 3.512006976191407448e-01
5.776435963400000037e+04 7.143989289621904391e+02 6.791444252632622414e-01 1.234059902833606684e-02 3.085149757084017508e-01
5.793309171000000060e+04 7.401078375274971677e+02 6.903548143064822673e-01 1.262342483642638069e-02 2.970217608570913659e-01
5.816835840599999938e+04 5.755591437028697328e+02 6.074224807228169043e-01 1.235716162373699280e-02 3.802203576534459728e-01
5.817536762199999794e+04 5.777788401547963986e+02 6.039964558132145944e-01 2.294321052047789897e-02 3.730603336663073644e-01
