5.812536600854169956e+04 1.149396074406194970e+02 4.167392463239885658e-01 5.819764225343025954e-01 1.284331141708765266e-03
5.780125822796300054e+04 8.429055473341072968e+01 3.072653901857937964e-01 6.914363635127566132e-01 1.298246301449543141e-03
5.769131626776619669e+04 nan nan nan nan
5.771924999274309812e+04 1.568979764063903701e+02 5.679480367605871383e-01 4.307717858599493521e-01 1.280177379463453896e-03
5.808635755370370316e+04 1.417534238497376293e+02 4.460739204829899940e-01 5.529586169290703346e-01 9.674625879396640642e-04
5.796499293421299808e+04 7.024019603355958452e+01 2.541762283606895378e-01 7.445444313986805396e-01 1.279340240629892435e-03
5.770135136431710271e+04 1.597547529779782565e+02 5.731086139502624688e-01 4.256340425978620834e-01 1.257343451875522419e-03
5.827812689575229888e+04 1.436671113856712907e+02 5.741608598154884779e-01 4.242787253301824602e-01 1.560414854329130862e-03
5.814732594024309947e+04 1.292581210091584012e+02 5.047860732908813208e-01 4.937239252952247415e-01 1.490001413893934446e-03
5.825323005146990181e+04 1.122075417981567824e+02 4.566386590981170723e-01 5.417433022778230800e-01 1.618038624059869998e-03
5.752321720414349693e+04 5.176096247280377582e+01 2.123088240835891982e-01 7.860474892520825652e-01 1.643686664328239660e-03
5.785705753340280353e+04 2.077946830912030762e+01 5.780000206278596009e-02 9.414440803073083064e-01 7.559176299057491361e-04
5.816135376030090265e+04 1.609139461055171409e+02 6.372821924649632042e-01 3.611854368882764232e-01 1.532370646760443725e-03
5.779425399725689931e+04 7.716803354091256040e+01 2.978711205770140369e-01 7.006731872057992971e-01 1.455692217186564273e-03
5.832900795686340280e+04 1.222937844133388978e+02 4.547702412860324395e-01 5.438787351141072257e-01 1.351023599860239196e-03
5.777934957790510089e+04 1.145241358217465830e+02 4.884089420165740325e-01 5.098141669540251497e-01 1.776891029400862231e-03
5.813236809641199943e+04 1.184305482337720434e+02 5.063529618057059922e-01 4.918610982195860126e-01 1.785939974708018133e-03
5.756912210134259658e+04 1.148678812673269505e+02 4.992542248362279445e-01 4.989001907897326338e-01 1.845584374039475331e-03
5.777934750718750001e+04 1.212925484839129098e+02 5.104494231452902930e-01 4.878202632567155139e-01 1.730313597994130375e-03
5.776436118144680222e+04 1.241498092618861619e+02 4.782344262124813561e-01 5.203158769646603066e-01 1.449696822858333655e-03
5.750803268356480112e+04 1.729166208834945735e+02 6.223909214202550944e-01 3.763433498247290565e-01 1.265728755015904866e-03
5.776435706200230197e+04 1.277306657427287178e+02 5.018356301867064051e-01 4.966563041125469646e-01 1.508065700746600126e-03
5.771136301688660024e+04 8.925518768951229731e+01 2.563226020615254064e-01 7.428716587264118099e-01 8.057392120626588605e-04
5.792505839787040168e+04 2.481976134445170317e+02 7.489070736964880126e-01 2.502034215131955230e-01 8.895047903163991838e-04
5.824427684101850173e+04 5.499273806366892359e+01 1.131974096488868459e-01 8.863886384143982999e-01 4.139519367148258443e-04
5.754706797363430087e+04 9.872744311968118325e+01 4.411552021271294977e-01 5.568940791214073149e-01 1.950718751463154880e-03
5.775723621420140262e+04 2.094549507046173176e+02 6.760753780313011330e-01 3.229067419058727628e-01 1.017880062825953294e-03
5.778635548760420352e+04 1.182572498876330229e+02 4.890295188651284652e-01 5.092997666888244845e-01 1.670714446047091633e-03
5.788727544106479763e+04 9.160285506258544785e+01 2.960132986165381896e-01 7.029664855637337562e-01 1.020215819728058967e-03
5.811735423478009761e+04 1.381678933376145153e+02 5.268165369571512491e-01 4.717631235762388409e-01 1.420339466609996364e-03
5.822235129023149784e+04 1.492011101055999234e+02 5.593019145517262869e-01 4.393251942163475254e-01 1.372891231926085974e-03
5.759899847901619796e+04 1.119105673124601878e+02 4.570445201879376196e-01 5.413259494899023139e-01 1.629530322160030551e-03
5.825323209668979689e+04 1.123421926747428330e+02 4.674050471846316612e-01 5.309037774977140023e-01 1.691175317654351013e-03
5.791098589741899923e+04 1.270170641838390821e+02 5.016708933643093671e-01 4.968050493339163931e-01 1.524057301774247187e-03
5.777234237812500214e+04 1.178666920155673097e+02 4.564295800862687158e-01 5.421053680382774687e-01 1.465051875453772610e-03
5.791098384990740306e+04 1.277862418776740014e+02 4.665205131315223186e-01 5.321773371491361759e-01 1.302149719341470129e-03
5.793309323693290207e+04 1.639490107865752861e+02 6.096790080359706376e-01 3.889699385753242478e-01 1.351053388705028514e-03
5.755421627608800191e+04 2.757063433735738656e+01 7.945762565183980830e-02 9.197309177829324778e-01 8.114565652276221983e-04
5.796499498196759669e+04 8.927893566864253216e+01 3.139390932725736327e-01 6.848528692185694711e-01 1.208037508856797324e-03
5.791804778619210265e+04 1.032401138875137860e+02 4.450875773063544538e-01 5.530965657777894284e-01 1.815856915856069826e-03
5.755421834906250297e+04 5.513160676964226781e+01 1.679347147343297764e-01 8.311587863469689363e-01 9.064989187012505384e-04
5.758399652326390060e+04 8.973834413804414112e+01 3.699995731016278988e-01 6.283395632831152433e-01 1.660863615256896915e-03
5.752321513501159643e+04 7.241132163519114329e+01 2.965233966423589385e-01 7.018383064463398213e-01 1.638296911301254316e-03
5.832900588675930339e+04 1.358039136130990414e+02 4.915253081812860358e-01 5.071948543358105743e-01 1.279837482903447513e-03
5.771135891380789690e+04 2.195907710275652747e+01 6.725155781498555474e-02 9.318320863308865443e-01 9.163558541278385428e-04
5.820532913385419670e+04 1.354423549067876991e+02 5.587732359360771950e-01 4.395639264940545687e-01 1.662837569868224350e-03
5.828621623447920138e+04 1.137645652206247888e+02 4.733783203947919405e-01 5.249301082030578547e-01 1.691571402150210488e-03
5.819023105809029948e+04 1.023777920611853318e+02 4.583168906674781051e-01 5.397251312051654093e-01 1.957978127356610042e-03
5.758399242811340082e+04 7.718093274018744410e+01 3.289610833232736731e-01 6.692640872154752563e-01 1.774829461251096682e-03
5.793308914398150227e+04 1.527520936020376894e+02 5.882033169762906910e-01 4.103480171681209154e-01 1.448665855588292728e-03
5.829517626560189819e+04 5.942151157833475139e+01 2.051212421576973921e-01 7.937145741448931036e-01 1.164183697409393531e-03
5.777234032824070164e+04 1.122016031036647234e+02 3.906892655733180675e-01 6.081261869770584472e-01 1.184547449623454558e-03
5.812536396336810139e+04 1.114541596364094573e+02 3.801795886791787815e-01 6.186836411789218282e-01 1.136770141899388995e-03
5.769131419668979652e+04 nan nan nan nan
5.806233414921299845e+04 1.473606896084028790e+02 4.372255224489118297e-01 5.619144044830018947e-01 8.600730680862274553e-04
5.826023422604169900e+04 1.041992596143764871e+01 5.647992263779783723e-02 9.406496500845933362e-01 2.870427277608953668e-03
5.819022696206020191e+04 8.480295325430189735e+01 3.993436885370889033e-01 5.984898083134033708e-01 2.166503149507761385e-03
5.756209657984950172e+04 1.169240496588188734e+02 4.551809834956990208e-01 5.433383810291506633e-01 1.480635475150087572e-03
5.781718846579860110e+04 1.254033478679344142e+02 5.358416849978011598e-01 4.623745306156553658e-01 1.783784386543536176e-03
5.818237350934030110e+04 1.013521969108733742e+02 2.847210299653435417e-01 7.145079593676418872e-01 7.710106670145342421e-04
5.751604011126160185e+04 1.507489200756486412e+02 5.671030483242698317e-01 4.315143306006252732e-01 1.382621075104851485e-03
5.792505632480319764e+04 2.164656293960908044e+02 6.977300864356204002e-01 3.012548701168146215e-01 1.015043447564974209e-03
5.778635344240740233e+04 1.152110904849959923e+02 4.778504272755983440e-01 5.204689005451575978e-01 1.680672179244050617e-03
5.774122955451389862e+04 1.303968039117195303e+02 4.440895273981350089e-01 5.547773033067306958e-01 1.133169295134284476e-03
5.823725831040510093e+04 nan nan nan nan
5.794902342686340126e+04 1.359745933684742454e+02 5.367716875353657491e-01 4.617058335313968809e-01 1.522478933237385876e-03
5.773335891081020236e+04 1.069095674741400757e+02 3.766523729157926770e-01 6.221349758895048376e-01 1.212651194702326881e-03
5.759899435380790237e+04 9.813521051022215147e+01 4.141897067964140366e-01 5.840699435336982326e-01 1.740349669887784976e-03
5.770135341181710100e+04 1.562997898616789598e+02 5.625045748421199088e-01 4.362300393539953469e-01 1.265385803884602279e-03
5.752321306202549749e+04 4.038983834267800432e+01 1.558323780607306641e-01 8.427133058966234103e-01 1.454316042645869026e-03
5.815435159636569733e+04 4.682137369411196914e+01 1.392948866608473002e-01 8.598404049462164966e-01 8.647083929360788049e-04
5.759101543976849644e+04 1.145189041858190677e+02 4.677368697224841276e-01 5.306333221819320434e-01 1.629808095583820107e-03
5.759899642730320193e+04 1.134170920455888165e+02 4.713739469504303892e-01 5.269384831801409153e-01 1.687569869428729189e-03
5.788727751406250172e+04 5.177439711071514949e+01 1.610506486981208574e-01 8.380040233829049168e-01 9.453279189740864275e-04
5.809433617457179935e+04 1.602920043212486405e+02 5.586263341775684621e-01 4.401870593326172032e-01 1.186606489814363320e-03
5.813237014164349966e+04 1.184214012717425391e+02 5.120854223470399091e-01 4.860876890665462580e-01 1.826888586413801452e-03
5.807925519999999960e+04 1.596048857110454549e+02 6.003322801244295182e-01 3.982854951494733120e-01 1.382224726097143822e-03
5.796499702621530014e+04 2.607550258739544446e+01 8.479731474671700631e-02 9.141694803653330759e-01 1.033204887949879663e-03
5.791804983322919725e+04 1.182901880823320084e+02 4.877395104382359903e-01 5.105995032259686983e-01 1.660986335795320082e-03
5.780937075761570304e+04 1.204350556574360951e+02 5.301010099864824632e-01 4.680062147292620711e-01 1.892775284255553744e-03
5.789498804668980301e+04 2.111610670035582302e+02 6.792433284141727867e-01 3.197457657689931065e-01 1.010905816834053181e-03
5.781719258413190255e+04 1.288675722380398838e+02 5.338438281296918886e-01 4.644795744758099532e-01 1.676597394498244558e-03
5.824427891273149726e+04 5.840590234364280064e+01 1.168998356659664284e-01 8.827087813377757497e-01 3.913829962577995247e-04
5.787822373693290137e+04 2.351139181147003683e+02 6.939367136673711967e-01 3.052122057533798172e-01 8.510805792489590637e-04
5.827812482775459648e+04 1.512166269406660319e+02 6.078524836433335521e-01 3.905688697275283006e-01 1.578646629138213487e-03
5.832110642223380273e+04 nan nan nan nan
5.780936665247679775e+04 1.215555349149200737e+02 5.500617627014967592e-01 4.479376336194573205e-01 2.000603679045877790e-03
5.811735631356480008e+04 1.438158948592672459e+02 5.708023466322269535e-01 4.276586295100197610e-01 1.539023857753314163e-03
5.817536505616900104e+04 1.265333220079453440e+02 5.201618826383588301e-01 4.781870877746953186e-01 1.651029586945879091e-03
5.827812278018520010e+04 1.317416445489437251e+02 5.344489508309870907e-01 4.639431680884395504e-01 1.607881080573489527e-03
5.774928362151620240e+04 1.802516641852356543e+02 6.559696552392911828e-01 3.427364571289300277e-01 1.293887631778678927e-03
5.816835994937500072e+04 1.273872831538396895e+02 5.439821256062163934e-01 4.542362968205479468e-01 1.781577573235734388e-03
5.826023629657409765e+04 1.131548768621772716e+01 6.795629532636628112e-02 9.285199921845526116e-01 3.523712489081182696e-03
5.814031619839119958e+04 1.511924777925574404e+02 6.208969420402499217e-01 3.774554028814253170e-01 1.647655078324824964e-03
5.806233003357639973e+04 1.426622135148724624e+02 4.476145887437382176e-01 5.514236258623157472e-01 9.617853939458997133e-04
5.756209248620369908e+04 1.051797815195347283e+02 4.114969337250270476e-01 5.870076699588744340e-01 1.495396316098528827e-03
5.780936871119210264e+04 1.163965070430334094e+02 5.081396675756519876e-01 4.899983570574099612e-01 1.861975366937990714e-03
5.779425195087960310e+04 8.101887450410065128e+01 3.277062624548102154e-01 6.706953403882096598e-01 1.598397156980257451e-03
5.818237133792819805e+04 1.222882473279410362e+02 3.543233506329421800e-01 6.448564531999012583e-01 8.201961671564602556e-04
5.786411054701390094e+04 1.532203293663539228e+02 5.984655597586603371e-01 4.000439361553881357e-01 1.490504085951538122e-03
5.774122674336809723e+04 1.075436010332523153e+02 3.788539256739433814e-01 6.199336292813447669e-01 1.212445044711921160e-03
5.794202124114579783e+04 3.174162595814433985e+01 1.390752734442325111e-01 8.590491744498258697e-01 1.875552105941668364e-03
5.751604215731479781e+04 1.688789076826112989e+02 6.534643464338630858e-01 3.450728682235520983e-01 1.462785342584661677e-03
5.817536710152780142e+04 1.210110586741607648e+02 5.052850562692817737e-01 4.930115681540045980e-01 1.703375576713631523e-03
5.815434955232639913e+04 3.459008833073610134e+01 1.001812940142061820e-01 8.989991897531252052e-01 8.195162326686227091e-04
5.756911800738429883e+04 1.340169173579925257e+02 5.370236004728716761e-01 4.614076445235016921e-01 1.568755003626747793e-03
5.753022130751160148e+04 1.211313391418100736e+02 4.191132070089144124e-01 5.797171931941160761e-01 1.169599796969298831e-03
5.829518035386569682e+04 6.760868136692731412e+01 2.151057024389841366e-01 7.839053197574467058e-01 9.889778035691420416e-04
5.813236604783560324e+04 1.183789154818514788e+02 5.001994445544374335e-01 4.980562388015413178e-01 1.744316644021309901e-03
5.795602759527780290e+04 1.556252709862616541e+02 5.592490437285179139e-01 4.394893091902369875e-01 1.261647081245009707e-03
5.807925724394679855e+04 1.516382412211086148e+02 5.592278214226316102e-01 4.394434150779912285e-01 1.328763499377231790e-03
5.831410002775459725e+04 1.400934837336825183e+02 5.529663037634537925e-01 4.455115755339038031e-01 1.522120702642408303e-03
5.777233828069439915e+04 1.192654411568734645e+02 4.373554061485023237e-01 5.613307995045295762e-01 1.313794346967952272e-03
5.795602964086810243e+04 1.651544489447530850e+02 5.914378954520038700e-01 4.073091786982862006e-01 1.252925849709903569e-03
5.826023217620370269e+04 6.688386667911441918e+01 3.416089832602955401e-01 6.558424063523250469e-01 2.548610387379501938e-03
5.815434747914350010e+04 2.574074898928507693e+01 7.450340894841972483e-02 9.246781308649374420e-01 8.184601866428438876e-04
5.774928157427079714e+04 1.596489037870668994e+02 6.129844895937965887e-01 3.855752045783649162e-01 1.440305827838385963e-03
5.790323764157410187e+04 8.523144359171637063e+01 3.665003098597964803e-01 6.316931956884748178e-01 1.806494451728797666e-03
5.827022672664350102e+04 nan nan nan nan
5.769338602006940346e+04 nan nan nan nan
5.830709591488430306e+04 1.127144453592943734e+02 4.808010000357011982e-01 5.174212970012388446e-01 1.777702963059906056e-03
5.822936072609949770e+04 1.384997339672674457e+02 5.470064577937111538e-01 4.514695783852684663e-01 1.523963821020451418e-03
5.773335686430559872e+04 1.099858772411870547e+02 4.038932350378711678e-01 5.947892761367330472e-01 1.317488825395848146e-03
5.754707211745370296e+04 1.069757178201437426e+02 4.652940259329426120e-01 5.328576753473275307e-01 1.848298719729938797e-03
5.772634417016200314e+04 1.284899235722496087e+02 5.413899829185668811e-01 4.568755345963233516e-01 1.734482485109776432e-03
5.788727339337959711e+04 7.038047523287622198e+01 2.279474146478683572e-01 7.710277535825190709e-01 1.024831769612471978e-03
5.816835790402779821e+04 1.269414170122885537e+02 5.435451173091768728e-01 4.546636494415640106e-01 1.791233249259079887e-03
5.769131833840280160e+04 nan nan nan nan
5.780125618298610061e+04 8.617051872857021522e+01 3.406443302522008665e-01 6.578289035247187888e-01 1.526766223080292667e-03
5.808635959826390172e+04 1.283738057388583513e+02 3.827778430687510669e-01 6.163535398262672826e-01 8.686171049816906803e-04
5.795602554311339918e+04 1.616355961260903484e+02 5.809325791050378163e-01 4.178054042725694583e-01 1.262016622392531529e-03
5.755422042105319997e+04 4.619136253856533614e+01 1.448177544302173547e-01 8.542219394423353762e-01 9.603061274472486815e-04
5.772634212504629977e+04 1.455377675663354182e+02 5.730712814559992818e-01 4.254139248078728230e-01 1.514793736127909669e-03
5.816135163695600204e+04 1.301597313034073409e+02 5.318608665765621746e-01 4.665078462731992448e-01 1.631287150238695544e-03
5.786411466642360028e+04 1.647369657596854609e+02 6.279183729838988537e-01 3.706622038640122185e-01 1.419423152088927342e-03
5.770134931630789652e+04 1.573829669228005343e+02 5.882400029406380515e-01 4.103951585046370920e-01 1.364838554724733324e-03
5.774928569214120216e+04 1.746863721690842226e+02 6.333197661006207957e-01 3.653960841762673994e-01 1.284149723111665219e-03
5.778635136835650337e+04 1.200049515134388827e+02 4.934357352217165760e-01 5.049124912809588306e-01 1.651773497324623367e-03
5.816835585621529754e+04 1.198629347504242446e+02 5.217623601812502177e-01 4.763863973420320308e-01 1.851242476717741359e-03
5.809433412939820118e+04 1.533843222362425820e+02 5.410270426217450579e-01 4.577574331164390720e-01 1.215524261815878818e-03
5.751604420141199807e+04 1.942620845553247477e+02 6.433943900275808092e-01 3.555339276213722033e-01 1.071682351046857181e-03
5.775723414351850079e+04 2.122539067842895122e+02 7.029555921483229275e-01 2.959728095335910636e-01 1.071598318086039491e-03
5.792506044400460087e+04 2.452995671908018380e+02 7.436518762874120281e-01 2.554502124468270852e-01 8.979112657608487010e-04
5.759101748648149805e+04 8.638893109859324682e+01 3.490071814848022536e-01 6.493982611261104321e-01 1.594557389087393950e-03
5.791805190278939699e+04 1.469687153100477133e+02 5.829204711088989965e-01 4.155425905425190747e-01 1.536938348581920119e-03
5.814732800942129688e+04 1.468891364107427364e+02 5.932268096007010660e-01 4.051796986731130978e-01 1.593491726185771937e-03
5.756209453456020128e+04 1.131814611653448850e+02 4.489248322064974817e-01 5.495381308942473009e-01 1.537036899255318518e-03
5.832110846770829812e+04 nan nan nan nan
5.790323971211809840e+04 1.068144758631627980e+02 4.355744365803988494e-01 5.628009420260122742e-01 1.624621393588987495e-03
5.819815355579859897e+04 9.994548957780274634e+01 4.756943494399814010e-01 5.220924681276167822e-01 2.213182432401975940e-03
5.811735835869210132e+04 1.400487179050561224e+02 5.304448360564625320e-01 4.681536100400319755e-01 1.401553903505417878e-03
5.812536191586810310e+04 1.116097810843641156e+02 3.756671488998816200e-01 6.232259991020639989e-01 1.106851998054446222e-03
5.807925312800930260e+04 1.496060598797626255e+02 5.655255197486216412e-01 4.330784537171896709e-01 1.396026534188648692e-03
5.808635550745369983e+04 1.511576986118548973e+02 5.073827970775768303e-01 4.915164279096856381e-01 1.100775012737351772e-03
5.753021926346060354e+04 1.102442536134411597e+02 3.689500972414105906e-01 6.299556668473130783e-01 1.094235911276212735e-03
5.809433205741900019e+04 1.483121058636879184e+02 5.273175176469094838e-01 4.714474486099660133e-01 1.235033743124426108e-03
5.825322797965280188e+04 1.190846701876338045e+02 5.110069644665682365e-01 4.871940422156225692e-01 1.798993317809328583e-03
5.774123162674769992e+04 1.371142279380894990e+02 4.466250671543911532e-01 5.523383386511985238e-01 1.036594194410266154e-03
5.823726240335650073e+04 nan nan nan nan
5.822936277232639986e+04 1.378393139838769343e+02 5.544611677835595831e-01 4.439580075894514199e-01 1.580824626988990445e-03
5.786411259569440153e+04 1.611913978174362398e+02 6.021495024627886439e-01 3.964871311920526997e-01 1.363366345158612382e-03
5.771925203789350053e+04 1.648090273543708690e+02 6.019337903678187995e-01 3.967629735875504715e-01 1.303236044630640264e-03
5.785705957910879806e+04 nan nan nan nan
5.827022465368059784e+04 nan nan nan nan
5.816135583026619861e+04 1.578179203963074144e+02 6.198675720399454692e-01 3.786252212115712168e-01 1.507206748483254843e-03
5.794201711207180051e+04 3.107809386865591961e+01 1.357463710249970923e-01 8.623896743474508408e-01 1.863954627552127149e-03
5.794201918894679693e+04 3.337724255568171117e+01 1.551327187042640388e-01 8.427567415953518548e-01 2.110539700384105131e-03
5.832900381342590117e+04 1.387025491991841761e+02 5.238899607172909922e-01 4.747162443070357951e-01 1.393794975673115066e-03
5.794902135501160228e+04 1.343386091081165716e+02 5.140418174410777974e-01 4.845276991200562766e-01 1.430483438865889781e-03
5.823726035914350359e+04 nan nan nan nan
5.789498600013890245e+04 2.152671431304329417e+02 7.101237647568591216e-01 2.888130713285065876e-01 1.063163914634113671e-03
5.777934543577550357e+04 1.198002660463535705e+02 5.176671294849947147e-01 4.805086671946655619e-01 1.824203320339703267e-03
5.831410411701389967e+04 1.427144910597411069e+02 5.748842876839797000e-01 4.235304090289893630e-01 1.585303287030875126e-03
5.819815770527780114e+04 1.173603257716716257e+02 5.149417653945848050e-01 4.831773539025075448e-01 1.880880702907685104e-03
5.753021721699069894e+04 1.148736737123739005e+02 3.942087619453269465e-01 6.046407048585270561e-01 1.150533196145947382e-03
5.814031824292820238e+04 1.456447826073155909e+02 5.939638353322311826e-01 4.044112978460659424e-01 1.624866821702943736e-03
5.779424990355320188e+04 7.620005731756891976e+01 3.102191152653722139e-01 6.881616338532047239e-01 1.619250881423122670e-03
5.822235540826390206e+04 1.507740340731067192e+02 5.606678188741007762e-01 4.379812109018683119e-01 1.350970224030896213e-03
5.820533327646990074e+04 1.378389338111532538e+02 5.685493457853082466e-01 4.297884662008324419e-01 1.662188013859216282e-03
5.805532454843750020e+04 1.400950577887588224e+02 5.107778930428747977e-01 4.879234149024755385e-01 1.298692054649727831e-03
5.829517830981480074e+04 7.281323000765503650e+01 2.435555748361221684e-01 7.553513168835310765e-01 1.093108280346709576e-03
5.787822169053240214e+04 2.405271013725152898e+02 7.037168430399697305e-01 2.954468696925889870e-01 8.362872674412813716e-04
5.807036205874999723e+04 1.334748262255876341e+02 3.947739647922787753e-01 6.043713899112335142e-01 8.546452964876032543e-04
5.769339011508099793e+04 nan nan nan nan
5.831410207297449961e+04 1.396450194601454768e+02 5.280742574545557178e-01 4.705286450290456779e-01 1.397097516398559036e-03
5.832110434920139960e+04 nan nan nan nan
5.820533120576389774e+04 1.263331958546318248e+02 4.933692654936764899e-01 5.051406982151571690e-01 1.490036291166341393e-03
5.814732389353009785e+04 1.435017930581227859e+02 5.633304585424010469e-01 4.351639766996682201e-01 1.505564757930682009e-03
5.750803061267360317e+04 1.429571852419657603e+02 5.595407755388682736e-01 4.389625093887085105e-01 1.496715072423193335e-03
5.776435913623840315e+04 1.234437773808448497e+02 4.472232113204092085e-01 5.514944643137217328e-01 1.282324365868970587e-03
5.750802856400459859e+04 1.410776706430524712e+02 5.589619867062203262e-01 4.395043302526601692e-01 1.533683041119484648e-03
5.819815560798609658e+04 1.076315227545136111e+02 5.140281597536907610e-01 4.837434949839287679e-01 2.228345262380472449e-03
5.769338806991899764e+04 nan nan nan nan
5.781719053767360310e+04 1.323342412743891430e+02 5.655194851547086232e-01 4.326963363052422351e-01 1.784178540049105024e-03
5.805532867262729997e+04 1.458499890357408617e+02 5.445179343683912432e-01 4.541203099265868071e-01 1.361755705021972527e-03
5.817536914803239779e+04 1.357538360838273945e+02 5.684545739059162495e-01 4.298323567721715199e-01 1.713069321912314954e-03
5.787822578078699735e+04 2.284772415265551899e+02 6.833659936088409825e-01 3.157600123711322704e-01 8.739940200267126095e-04
5.814031412269680004e+04 1.482249015749376042e+02 5.756893913927290107e-01 4.228368656589758245e-01 1.473742948295053701e-03
5.819022900959489925e+04 1.026102443047395099e+02 4.683843015260981124e-01 5.295800122082949812e-01 2.035686265607056407e-03
5.806233210521990259e+04 1.476820425500218334e+02 4.569871450908205568e-01 5.420773626138895018e-01 9.354922952898639659e-04
5.775723207074069796e+04 1.744800409393439509e+02 6.086924598498295591e-01 3.901185124744318000e-01 1.189027675738597942e-03
5.780125410884260054e+04 6.487104263889057165e+01 2.462096443722268657e-01 7.523830254720543786e-01 1.407330155718557229e-03
5.791098794153940253e+04 1.583774486696588326e+02 5.604071792750512371e-01 4.383695901612494894e-01 1.223230563699228418e-03
5.771924791943289893e+04 1.419789993749882342e+02 5.553655373002558404e-01 4.431396139271264745e-01 1.494848772617743014e-03
5.822935865428239777e+04 1.355871475599382450e+02 5.143892183306822963e-01 4.842046231123084965e-01 1.406158557009070612e-03
5.830709796201389690e+04 1.045133140798592564e+02 4.343929719443075932e-01 5.639192708528001363e-01 1.687757202892285454e-03
5.805532662721059751e+04 1.401235386841030675e+02 5.460397376218868448e-01 4.524766722529313112e-01 1.483590125181648159e-03
5.794902547202550340e+04 1.280325602846155846e+02 4.987067566817246500e-01 4.998109393461371286e-01 1.482303972138148546e-03
5.756912005475690239e+04 1.185391811348969071e+02 4.745587496570176089e-01 5.238754234316185254e-01 1.565826911363878441e-03
5.758399447690969828e+04 8.347687733520443487e+01 3.415520364607404491e-01 6.568123940631431790e-01 1.635569476116410532e-03
5.773335479246530303e+04 1.171205001243812376e+02 4.548605545580583498e-01 5.436658497442675708e-01 1.473595697673861461e-03
5.790323556789349823e+04 9.752872575331430482e+01 4.156758528901192129e-01 5.825494178018489899e-01 1.774729308031810192e-03
5.772634621746530320e+04 1.207582648928064089e+02 4.934413437360085641e-01 5.049273895698641601e-01 1.631266694127273377e-03
5.807036410302080185e+04 1.259655587794918716e+02 3.681312503524661883e-01 6.310343206940237648e-01 8.344289535101202674e-04
5.771136096131939848e+04 5.473102624175869124e+01 1.624001419063869356e-01 8.367396703423473081e-01 8.601877512657393927e-04
5.793309119048609864e+04 1.562025973814292570e+02 5.730214050893585043e-01 4.256638157360450037e-01 1.314779174596539127e-03
5.830710000846059847e+04 1.071900329560672276e+02 4.407891736129946891e-01 5.575587099287003801e-01 1.652116458304972663e-03
5.822235336199070298e+04 1.526746221178164546e+02 5.532120571473403414e-01 4.455052071148413173e-01 1.282735737818219623e-03
5.759101953285880154e+04 1.032346558456194714e+02 4.053730064945335054e-01 5.931205728857578130e-01 1.506420619708591152e-03
5.824427479357639822e+04 5.665696197695072556e+01 1.083423058150802948e-01 8.913004400943058680e-01 3.572540906139960617e-04
5.785705548473379895e+04 7.437091724115866498e+01 2.400282482292554198e-01 7.589540838990086469e-01 1.017667871735857855e-03
5.818236926697919989e+04 1.069908560924365872e+02 3.067151880754900306e-01 6.924819056211130031e-01 8.029063033969390147e-04
5.754707007224539848e+04 1.139215324424225741e+02 4.981132107071485904e-01 5.000189818068545566e-01 1.867807485996828476e-03
5.789499009097219823e+04 2.715582966525128654e+02 7.614602625423554372e-01 2.377715698937726274e-01 7.681675638718723099e-04
5.827022877195599722e+04 nan nan nan nan
5.807035998547449708e+04 1.322693886115768578e+02 4.196223072014350075e-01 5.793943927270996941e-01 9.833000714652840972e-04
