5.770135188400000334e+04 7.024822718175696536e+02 4.902666637040662967e-01 8.406875483795148152e-02 4.256645814579821940e-01
5.780936923199999728e+04 6.367571685187803041e+02 4.811993934980050569e-01 1.971392396039326617e-02 4.990866825416017116e-01
5.813236860000000161e+04 7.278951334967268849e+02 5.161638234861286589e-01 4.438460838138148790e-02 4.394515681324899226e-01
5.781719103599999653e+04 6.983438288547588400e+02 4.974208680817917005e-01 5.919216066262092402e-02 4.433869712555873477e-01
5.773335736400000314e+04 7.012339354315249693e+02 4.958859198957905612e-01 6.708410168703608789e-02 4.370299784171732815e-01
5.796499549400000251e+04 3.706102456857666994e+02 3.108971563155858431e-01 7.410699925387943809e-02 6.149958444305347882e-01
5.752321562999999878e+04 3.465931066205748721e+02 3.011167953799810948e-01 3.924827812637197988e-02 6.596349264936468559e-01
5.774123006200000236e+04 7.119695326596989844e+02 5.078980001334322258e-01 4.736453952624443409e-02 4.447374603403232984e-01
5.791805034999999771e+04 6.069452073935276530e+02 4.503334995204554825e-01 6.855796614296288949e-02 4.811085343365816280e-01
5.814031669400000101e+04 7.791792183460637489e+02 5.538348355620005270e-01 4.636055642354274843e-03 4.415291087956451643e-01
5.810934433600000193e+04 7.506041124495586701e+02 5.293235242317861911e-01 3.607215834604039079e-02 4.346043174221734251e-01
5.780125667999999860e+04 6.832906044747151100e+02 4.959197987618860215e-01 4.373298549554412856e-02 4.603472157425698152e-01
5.774928413600000204e+04 7.275335135868083398e+02 5.116265262182831952e-01 5.618455893063999118e-02 4.321889148510768552e-01
5.815435007400000177e+04 3.737215962202940318e+02 3.230083267956171955e-01 2.415495844605802453e-02 6.528367147583249430e-01
5.769338857200000348e+04 6.843041401195935123e+02 4.841084322476079671e-01 7.850999271857088402e-02 4.373815750338211350e-01
5.754707057399999758e+04 7.219190581347384068e+02 5.055808279438798181e-01 6.579396871314643902e-02 4.286252033429736041e-01
5.831410258400000021e+04 6.382835984567362857e+02 4.793992559169526491e-01 2.760761521652524420e-02 4.929931288665221900e-01
5.777234083999999712e+04 6.779138627991676458e+02 4.956632629182301519e-01 3.714198295321972931e-02 4.671947541285501049e-01
5.816135426600000210e+04 7.232670958271172594e+02 5.187467954549672688e-01 3.169392893080318768e-02 4.495592756142296476e-01
5.751604265999999916e+04 7.742639957345307948e+02 5.372130167392056288e-01 4.207154393279948640e-02 4.207154393279948779e-01
5.830709846999999718e+04 6.236205457880402037e+02 4.586082941971794114e-01 6.876690807010947537e-02 4.726247977327111549e-01
5.775723464399999648e+04 7.662639544426773455e+02 5.322259482867863767e-01 4.616607360306163726e-02 4.216079781101518820e-01
5.792505889800000296e+04 9.583510232390221972e+02 5.970456610482633986e-01 6.376718495195832226e-02 3.391871539997782792e-01
5.809433462600000348e+04 8.094831941220127192e+02 5.511358442417028103e-01 4.375210182481597404e-02 4.051120539334812642e-01
5.822235386200000357e+04 6.847797418543124195e+02 4.986309807400817751e-01 3.799654304927291282e-02 4.633724762106452566e-01
5.805532712599999650e+04 8.224811828746586571e+02 5.490399636418363816e-01 6.152995314731419391e-02 3.894300832108493760e-01
5.807036255399999936e+04 8.238258377819369116e+02 5.455223648074990495e-01 7.127558191045971214e-02 3.832020532820413772e-01
5.758399498599999788e+04 7.032000280197870552e+02 4.931850651321570966e-01 7.694645745661057856e-02 4.298684774112322970e-01
5.755421884200000204e+04 3.660168636185264859e+02 3.093882121868708479e-01 6.618883319004674470e-02 6.244229546230823935e-01
5.756912056199999643e+04 6.739912489535373652e+02 4.928928309429899124e-01 3.972728974179341732e-02 4.673798793152166842e-01
5.820533170000000246e+04 6.781785091745907721e+02 4.974961272153513581e-01 3.221480139049923141e-02 4.702890713941493828e-01
5.788727594600000157e+04 6.359400466741117270e+02 4.659235099745522857e-01 6.497109694205051300e-02 4.691053930833972152e-01
5.779425246399999742e+04 7.010552900844351143e+02 5.014536872285656477e-01 5.141957485983403991e-02 4.471267379116002916e-01
5.789498855200000253e+04 9.597022814143074356e+02 6.110253623758177266e-01 3.471722630889787636e-02 3.542574113152844317e-01
5.771136154666999937e+04 nan nan nan nan
5.822936122800000157e+04 6.531560902933292709e+02 4.801857633465525521e-01 4.747054137543976760e-02 4.723436952780076803e-01
5.829517882999999711e+04 5.914798363966416446e+02 4.280640451641731237e-01 1.142040982245208780e-01 4.577318566113060538e-01
5.791098640000000159e+04 8.890039925707693556e+02 5.761819941376083998e-01 5.671709129990427922e-02 3.671009145624872794e-01
5.772634468200000265e+04 7.117322722307744698e+02 4.972625263052932731e-01 7.614649050021650434e-02 4.265909831944901809e-01
5.753021978400000080e+04 7.630118949639072525e+02 5.266370779015487891e-01 5.703669333991893964e-02 4.163262287585323684e-01
5.786411311399999977e+04 6.686917852353331000e+02 4.898199838054043131e-01 4.126456013338641871e-02 4.689154560612092681e-01
5.759101800399999775e+04 5.712071471182871392e+02 4.424995616661835940e-01 3.304094789748865391e-02 5.244594904363277799e-01
5.756209504600000218e+04 7.533338433114880672e+02 5.335557261233121462e-01 2.805679842867295562e-02 4.383874754480149294e-01
5.795602811600000132e+04 9.212309576150729526e+02 6.121679422304613372e-01 1.929512725221586324e-03 3.859025450443170357e-01
5.808635807599999680e+04 8.072668353471005958e+02 5.503538254675749419e-01 4.346173502707269959e-02 4.061844395053523238e-01
5.819815611399999761e+04 6.893249334038996494e+02 4.975582381936475285e-01 4.712525813045534417e-02 4.553165036758970996e-01
5.819022951399999874e+04 6.746172316035381300e+02 4.889807144954121387e-01 5.188246115185841945e-02 4.591368243527294557e-01
5.806233260400000290e+04 8.035535322870706523e+02 5.504066509716345479e-01 3.956749492132900781e-02 4.100258541070364582e-01
5.771925050200000260e+04 6.804322739592602147e+02 4.828691293925677086e-01 7.701949136706440213e-02 4.401113792403679170e-01
5.778635394800000358e+04 7.154670708350042787e+02 5.063169344706619501e-01 5.602077339340006540e-02 4.376622921359380469e-01
5.787822426000000269e+04 1.018735440536460487e+03 6.406078657708651480e-01 1.382277439342826861e-02 3.455693598357067464e-01
5.814732644199999777e+04 7.389004983662546238e+02 5.194691993925910634e-01 4.859300230861439418e-02 4.319377982987946396e-01
5.790323814000000129e+04 nan nan nan nan
5.825323054799999954e+04 6.630679418856407210e+02 4.769856039972655282e-01 7.077540248545434454e-02 4.522389935172801412e-01
5.824427735599999869e+04 5.840951194682710366e+02 4.365090984989762890e-01 7.540870011425565567e-02 4.880822013867679998e-01
5.812536448399999790e+04 7.508036021870668719e+02 5.297267280841193582e-01 3.523786773837774000e-02 4.350354041775029157e-01
5.827812535000000207e+04 5.012823656407000499e+02 3.938625478044630035e-01 6.662926154530379730e-02 5.395081906502332547e-01
5.794902391799999896e+04 7.351958391580483294e+02 5.137400037926571628e-01 5.952897715745882057e-02 4.267310190498840305e-01
5.807925570600000356e+04 7.699503356732212751e+02 5.171092831113828225e-01 8.869421330607257792e-02 3.941965035825447661e-01
5.759899691599999642e+04 7.593964301850701304e+02 5.393409905227475321e-01 1.983699083873335586e-02 4.408220186385191641e-01
5.818237183599999844e+04 7.241544737134291836e+02 5.197122867568418902e-01 3.015864741077000158e-02 4.501290658323880423e-01
5.811735680600000342e+04 7.454524559490605498e+02 5.248188894221635925e-01 4.201692591253429476e-02 4.331641846653020433e-01
5.776435963400000037e+04 7.551662329162327296e+02 5.371163554581517285e-01 2.077892196128640692e-02 4.421047225805618264e-01
5.793309171000000060e+04 9.075668550554624971e+02 5.914906165689113315e-01 3.730594551097174416e-02 3.712034379201168410e-01
5.816835840599999938e+04 7.013808187338673861e+02 5.028858961626275770e-01 4.784695170237701634e-02 4.492671521349954067e-01
5.817536762199999794e+04 6.807825154917559303e+02 4.931140556673668240e-01 4.837310459257603695e-02 4.585128397400570766e-01
