5.779425246399999742e+04 6.796882301480529804e+02 4.119283414472341143e-01 8.651800520285890528e-02 5.015536533499068694e-01
5.794902391799999896e+04 7.212760966220877208e+02 4.285439746998494503e-01 8.941804529158829673e-02 4.820379800085622946e-01
5.809433462600000348e+04 7.995181627164453175e+02 4.676515595969472638e-01 6.517122197123811911e-02 4.671772184318145893e-01
5.809433462600000348e+04 7.995181627164453175e+02 4.676515595969472638e-01 6.517122197123811911e-02 4.671772184318145893e-01
5.793309171000000060e+04 8.903282244990373329e+02 4.923760625719458273e-01 8.999832045721568863e-02 4.176256169708385535e-01
5.792505889800000296e+04 9.270505919790390408e+02 4.995717655206310948e-01 1.038923909933396617e-01 3.965358434860292158e-01
5.791805034999999771e+04 5.774128504679542857e+02 3.597953279036103513e-01 1.100144674616984203e-01 5.301902046346911312e-01
5.791098640000000159e+04 8.970148833757357352e+02 4.914820286554322792e-01 9.858812745535551481e-02 4.099298438892121088e-01
5.790323814000000129e+04 nan nan nan nan
5.789498855200000253e+04 9.211838508426330918e+02 4.987154578624352075e-01 1.010573627862156598e-01 4.002271793513491049e-01
5.788727594600000157e+04 6.086428800365988536e+02 3.730695807108040385e-01 1.138940696253694373e-01 5.130363496638263854e-01
5.787822426000000269e+04 9.971773549017217420e+02 5.478515082274029169e-01 3.998031331079481693e-02 4.121681784618023148e-01
5.786411311399999977e+04 6.418433797819486699e+02 3.952979530646167916e-01 8.675596818987295344e-02 5.179460787455102411e-01
5.781719103599999653e+04 6.764623379935718503e+02 4.134341269424658405e-01 7.650859213793922975e-02 5.100572809195950130e-01
5.808635807599999680e+04 7.874342152587507826e+02 4.530518439910805051e-01 9.492488658006043023e-02 4.520232694288591757e-01
5.780936923199999728e+04 6.155951186699312530e+02 3.962675034849812428e-01 3.791010053093370191e-02 5.658223959840851247e-01
5.780125667999999860e+04 6.645963057116781556e+02 4.135042157259456452e-01 5.788309002073811771e-02 5.286126942533162509e-01
5.778635394800000358e+04 6.892477494120856818e+02 4.162669401717950524e-01 8.566730912154542354e-02 4.980657507066595935e-01
5.777234083999999712e+04 6.607367825728017579e+02 4.167729426901009004e-01 3.993217392853058711e-02 5.432948833813685541e-01
5.776435963400000037e+04 7.269506683972274459e+02 4.418376533665782091e-01 5.372281058875681692e-02 5.044395360446649601e-01
5.775723464399999648e+04 7.377719018615646291e+02 4.402757280781615101e-01 7.343037798453309895e-02 4.862938939373052660e-01
5.774928413600000204e+04 6.984831013727042546e+02 4.157095877727389754e-01 1.006062961450912979e-01 4.836841160821697128e-01
5.774123006200000236e+04 6.927771401653876637e+02 4.219682666114522029e-01 7.143074005940863724e-02 5.066009933291392153e-01
5.773335736400000314e+04 6.754177638275822346e+02 4.039913520538907510e-01 1.074769693017573607e-01 4.885316786443517634e-01
5.807925570600000356e+04 7.410443950263547777e+02 4.200329667568344361e-01 1.412627720909979401e-01 4.387042611521676516e-01
5.772634468200000265e+04 6.867792388719220753e+02 4.025512894999591085e-01 1.283095581639271121e-01 4.691391523361137517e-01
5.771925050200000260e+04 6.543771836791240730e+02 3.922126167656843632e-01 1.172406655310746088e-01 4.905467177032410975e-01
5.771136154666999937e+04 nan nan nan nan
5.770135188400000334e+04 6.829466865265412707e+02 4.050664347031774359e-01 1.145673438217942181e-01 4.803662214750282211e-01
5.769338857200000348e+04 6.662491453487632498e+02 3.959480219815177948e-01 1.217749496604126069e-01 4.822770283580696815e-01
5.759899691599999642e+04 7.552356134774836391e+02 4.625163526105998124e-01 2.535058651336380073e-02 5.121330608760364944e-01
5.759101800399999775e+04 5.337671072720058874e+02 3.457384491020012995e-01 8.135301245842015139e-02 5.729085384395785630e-01
5.758399498599999788e+04 6.870109350492177782e+02 4.040799111141366584e-01 1.235300065348024362e-01 4.723900823510609470e-01
5.756912056199999643e+04 6.545173009502327659e+02 3.982237635820258803e-01 9.629430746545492026e-02 5.054819289525193104e-01
5.756209504600000218e+04 7.422972287843956565e+02 4.497049713038228647e-01 4.911558543918520536e-02 5.011794432569919300e-01
5.807036255399999936e+04 8.006795113222583495e+02 4.523556354506941268e-01 1.117952881073593224e-01 4.358490764419466479e-01
5.755421884200000204e+04 3.469119895521149601e+02 2.409310056515293619e-01 1.004407996860232216e-01 6.586281946624473749e-01
5.754707057399999758e+04 7.139960373958381297e+02 4.195006846778825960e-01 1.091235010126432592e-01 4.713758143094741171e-01
5.753021978400000080e+04 7.333733798599079137e+02 4.219853851284139923e-01 1.259108879481710408e-01 4.521037269234149392e-01
5.752321562999999878e+04 3.227555549942355242e+02 2.278183755782726971e-01 9.184539145104243796e-02 6.803362329706849065e-01
5.751604265999999916e+04 7.638178968304019918e+02 4.545384125596640956e-01 6.189635034783953771e-02 4.835652370924963805e-01
5.806233260400000290e+04 7.638239866335283068e+02 4.410750668314029621e-01 1.035889387338947837e-01 4.553359944347022403e-01
5.805532712599999650e+04 7.969127918090201774e+02 4.537393181613055826e-01 1.035858991493148196e-01 4.426747826893795978e-01
5.796499549400000251e+04 3.467328279308243850e+02 2.425102211258201856e-01 8.950937422322759185e-02 6.679804046509522086e-01
5.795602811600000132e+04 9.267762587049383001e+02 5.348146711380907803e-01 1.045871218360108421e-02 4.547266166783081043e-01
5.794902391799999896e+04 7.212760966220877208e+02 4.285439746998494503e-01 8.941804529158829673e-02 4.820379800085622946e-01
