5.794202174499999819e+04 nan nan nan nan
5.758399705600000016e+04 7.626321264214484472e+02 5.437462977294736932e-01 1.199498535667401118e-02 4.442587169138522696e-01
5.820533380400000169e+04 7.412466652381631320e+02 5.004546142633834460e-01 1.011838341125204238e-01 3.983615516240960885e-01
5.792506100400000287e+04 1.055038245694961915e+03 6.305543989195502297e-01 5.728201757352137380e-02 3.121635835069284659e-01
5.772634675399999833e+04 7.385066971929406918e+02 5.161394238147036795e-01 5.698754911401592016e-02 4.268730270712802755e-01
5.806233470400000078e+04 9.092603408320990184e+02 6.005946108842024067e-01 1.811146155895024257e-02 3.812939275568472119e-01
5.781719312199999695e+04 7.315064232903107495e+02 4.969814320423248666e-01 9.963559445512894241e-02 4.033829735025463159e-01
5.814031880200000160e+04 8.710317210813067277e+02 5.840676304919628636e-01 2.298728730866336431e-02 3.929450821993737408e-01
5.812536633666999842e+04 7.368641841720060484e+02 4.363286787586548865e-01 2.572449438337097716e-01 3.064263774076352309e-01
5.774928621600000042e+04 7.615783914576564939e+02 5.362974281700811918e-01 3.033568226924703362e-02 4.333668895606718197e-01
5.754707267400000273e+04 7.485679816375771907e+02 5.224210319994740948e-01 5.192926390023543115e-02 4.256497041002904602e-01
5.809433671799999865e+04 8.998962622937788183e+02 5.728747294906012533e-01 7.295837953974806944e-02 3.541668909696507050e-01
5.773335945999999967e+04 7.509933328087853397e+02 5.386768118354602342e-01 1.169045116206436120e-02 4.496327370024753578e-01
5.756912264600000344e+04 6.065375075731803918e+02 4.704037859790783371e-01 3.942403578319519583e-03 5.256538104426021762e-01
5.793309379199999967e+04 9.993640868050739527e+02 6.247822109480388741e-01 3.364492691999831919e-02 3.415728621319626956e-01
5.789499064199999702e+04 1.058567451672104198e+03 6.466504526230224537e-01 2.723090651220823680e-02 3.261186408647693824e-01
5.771925258400000166e+04 6.971895986763247492e+02 5.099701555121367580e-01 2.244411501471129181e-02 4.675857294731519120e-01
5.775723675499999808e+04 nan nan nan nan
5.822235595399999875e+04 7.135525814071353352e+02 4.914152309351053072e-01 9.409025474957709301e-02 4.144945143153176415e-01
5.776436173199999757e+04 7.673470764643145685e+02 5.176264213290948657e-01 8.470368693891411338e-02 3.976698917319910764e-01
5.805532922400000098e+04 9.107682077949116319e+02 5.834432194087171286e-01 5.791986230348013936e-02 3.586369182878026973e-01
5.811735889599999791e+04 8.445996633693373496e+02 5.553976618234675033e-01 6.669979828997704696e-02 3.779025398865555330e-01
5.816135636199999863e+04 8.133399692140645811e+02 5.437626310344488845e-01 6.562318320737378641e-02 3.906141857581772459e-01
5.808636015600000246e+04 9.276894761201718893e+02 6.146426718960950053e-01 1.726339448947309578e-03 3.836309886549577053e-01
5.829518090400000074e+04 6.609131755336059086e+02 4.933389189999583535e-01 1.972107042816116651e-02 4.869400105718805771e-01
5.780937131200000294e+04 nan nan nan nan
5.817536970000000292e+04 7.740370206861505267e+02 5.275937123701494036e-01 6.638455352598243708e-02 4.060217341038681593e-01
5.759899903600000107e+04 7.671984253667109215e+02 5.332522398114124540e-01 4.454264016272817955e-02 4.222051200258593595e-01
5.769339066399999865e+04 7.120698804474163808e+02 5.136520332876686190e-01 3.160465982843107396e-02 4.547433068839003556e-01
5.779425455399999919e+04 7.542537043402248855e+02 5.241514482594554769e-01 5.380992491966246627e-02 4.220386268208820568e-01
5.774123215599999821e+04 6.908363633340011347e+02 4.668369475823014314e-01 1.340889113864870419e-01 3.990741410312114712e-01
5.795603018600000360e+04 9.957730925093062524e+02 6.181261028361038079e-01 4.512442876539865533e-02 3.367494683984973980e-01
5.825323264000000199e+04 7.408994126767413491e+02 5.294321591355395373e-01 2.432048110679288500e-02 4.462473597576674944e-01
5.831410467200000130e+04 6.956281327243423220e+02 5.115554908739076145e-01 1.583250223098605844e-02 4.726120068951062403e-01
5.818237404399999650e+04 8.072230066216815203e+02 5.547111982433937660e-01 3.260223849747164587e-02 4.126865632591347199e-01
5.816836050399999658e+04 nan nan nan nan
5.813237073999999848e+04 nan nan nan nan
5.777234281500000361e+04 7.217948184980915585e+02 5.271332107650950061e-01 6.758569190641803420e-03 4.661082200442630552e-01
5.788727804399999877e+04 4.593659312270313535e+02 3.708618568168524643e-01 5.952461381859566053e-02 5.696135293645517850e-01
5.751604474399999890e+04 7.938919490996748891e+02 5.494192998411979723e-01 3.201990112600868604e-02 4.185607990327933070e-01
5.753022185000000172e+04 7.656544708102551340e+02 5.320324774312698013e-01 4.599500447249016410e-02 4.219725180962400346e-01
5.830710055599999760e+04 7.009532428536988391e+02 5.168254069439434106e-01 8.076664780681381411e-03 4.750979282753752253e-01
5.752321772999999666e+04 2.278448577758092881e+02 1.937720614644478367e-01 1.741401780215951212e-01 6.320877605139569866e-01
5.824427943799999775e+04 7.022407486833568555e+02 5.134385517826037804e-01 1.938771013060195531e-02 4.671737380867941880e-01
5.787822632400000293e+04 1.069902511470863374e+03 6.412132808115529325e-01 4.488757729129302931e-02 3.138991418971540659e-01
5.807925779399999738e+04 8.817256274446352791e+02 5.955380475437894727e-01 5.780875614209021740e-03 3.986810768420014917e-01
5.780125876599999901e+04 7.320293433161000394e+02 5.155667754748655129e-01 5.093593188519311005e-02 4.334972926399413007e-01
5.822936331800000335e+04 6.857649815204181323e+02 4.995724075442528611e-01 3.663927692678779074e-02 4.637883155289593828e-01
5.814732854000000225e+04 8.307164357213038102e+02 5.425702387273644289e-01 8.462636985239470333e-02 3.728033914202409371e-01
5.791098849599999812e+04 1.013673903620688066e+03 6.282363787795379739e-01 3.608540792884847026e-02 3.356782132916136252e-01
5.810934593000000314e+04 8.384490225183922121e+02 5.585873977669491008e-01 5.352806600014146932e-02 3.878845362329093049e-01
5.827812742399999843e+04 nan nan nan nan
5.815435213400000066e+04 nan nan nan nan
5.756209713000000193e+04 7.389780373600466419e+02 5.106691647686117941e-01 7.199110369075858995e-02 4.173397315406295882e-01
5.790324025799999799e+04 8.838385242361623568e+02 5.894818102678801575e-01 2.176990400094575701e-02 3.887482857311741480e-01
5.791805243000000337e+04 8.175054018155761923e+02 5.453577657545384261e-01 6.572672163172198212e-02 3.889155126137396334e-01
5.778635604199999943e+04 7.727948552221688487e+02 5.408729401889511568e-01 3.103656115272824048e-02 4.280904986583206062e-01
5.794902591750000283e+04 7.989753116599498526e+02 5.496276067111419694e-01 3.680729385005360177e-02 4.135650994388044843e-01
5.755422095200000331e+04 3.047104843842793116e+02 2.597169340975377105e-01 1.053919287648445308e-01 6.348911371376176893e-01
5.807036465799999860e+04 9.191088007589538620e+02 5.811912098561883289e-01 6.936465986111524373e-02 3.494441302826963858e-01
5.770135396400000172e+04 6.942211138774974870e+02 4.793599240028241781e-01 1.039613437065188828e-01 4.166787322906569391e-01
5.771136364332999801e+04 4.737093055884553792e+02 3.312463280321688575e-01 2.414350317327952633e-01 4.273186402350358515e-01
5.786411510249999992e+04 nan nan nan nan
5.819023160400000052e+04 7.612186502179084755e+02 5.167402936286950021e-01 8.054328439521750427e-02 4.027164219760875352e-01
5.819815802666999662e+04 nan nan nan nan
