5.750802856400459859e+04 2.157672974404149784e+02 7.529040232442721914e-01 2.173563421090502767e-01 2.973963464667749024e-02
5.750803061267360317e+04 2.041583867830796351e+02 6.876525048503587811e-01 2.846378320930889605e-01 2.770966305655229653e-02
5.750803268356480112e+04 1.976761288187035177e+02 6.246619290602326569e-01 3.509482137107966526e-01 2.438985722897055175e-02
5.751604011126160185e+04 1.637469029616422631e+02 4.892076071532867054e-01 4.889918227403815543e-01 2.180057010633170561e-02
5.751604215731479781e+04 1.820027072502947476e+02 5.040979252528060561e-01 4.771650012282682152e-01 1.873707351892574258e-02
5.751604420141199807e+04 2.481225259952748274e+02 9.444133826019607270e-01 2.020159177659230226e-02 3.538502562144704017e-02
5.752321306202549749e+04 nan nan nan nan
5.752321513501159643e+04 1.075754114677339857e+02 4.816146985765337729e-01 4.694298487273845244e-01 4.895545269608166106e-02
5.752321720414349693e+04 7.032344937390929829e+01 3.108132885582400307e-01 6.414748386069025754e-01 4.771187283485736619e-02
5.753021721699069894e+04 1.458831275806556675e+02 3.560063197682727387e-01 6.294480373412104646e-01 1.454564289051681059e-02
5.753021926346060354e+04 1.517911597803936843e+02 3.863579397067608001e-01 5.978181299887840305e-01 1.582393030445519017e-02
5.753022130751160148e+04 1.395081974875775757e+02 3.220704538422488605e-01 6.649119752316741128e-01 1.301757092607698507e-02
5.754706797363430087e+04 1.580995583447298429e+02 4.740533070697881546e-01 5.039872820505769679e-01 2.195941087963475258e-02
5.754707007224539848e+04 2.117821052454765436e+02 8.245010225861919562e-01 1.384793953075319772e-01 3.701958210627596946e-02
5.754707211745370296e+04 2.216377766675572616e+02 9.212250652782082438e-01 3.657890795475002982e-02 4.219602676704171940e-02
5.780936665247679775e+04 1.210307628302755063e+02 3.517201794582357488e-01 6.276530770416739458e-01 2.062674350009024993e-02
5.780936871119210264e+04 1.144615415953058175e+02 3.164898264419576668e-01 6.648365773383734245e-01 1.867359621966890176e-02
5.780937075761570304e+04 1.155376517215907910e+02 3.182944029504664596e-01 6.631686346945904198e-01 1.853696235494318306e-02
5.781718846579860110e+04 1.495960238572403398e+02 4.739830098267261427e-01 5.014974068929854978e-01 2.451958328028839423e-02
5.781719053767360310e+04 1.470061849953191029e+02 4.518080297709096138e-01 5.251210821213833091e-01 2.307088810770707016e-02
5.781719258413190255e+04 1.432668486013284905e+02 4.325961579900938214e-01 5.451347998665955208e-01 2.226904214331068901e-02
5.785705548473379895e+04 4.900952771809777886e+01 1.100224314139185561e-01 8.776683898273182072e-01 1.230917875876319859e-02
5.785705753340280353e+04 nan nan nan nan
5.785705957910879806e+04 nan nan nan nan
5.786411054701390094e+04 1.722244022078477315e+02 6.513043043534222365e-01 3.137650863007011570e-01 3.493060934587677302e-02
5.786411259569440153e+04 1.918416454701816178e+02 7.979511995043345740e-01 1.597922035363768534e-01 4.225659695928852405e-02
5.786411466642360028e+04 1.788631311460436564e+02 7.044417917315076716e-01 2.576724307371935918e-01 3.788577753129875048e-02
5.787822169053240214e+04 2.397666612040088410e+02 7.126998494082984470e-01 2.657195573201892036e-01 2.158059327151230430e-02
5.787822373693290137e+04 2.420543824472696031e+02 7.389417774349575918e-01 2.382956062145187848e-01 2.276261635052357138e-02
5.787822578078699735e+04 2.524449174615078562e+02 8.020996363861803147e-01 1.732427516845707061e-01 2.465761192924896886e-02
5.788727339337959711e+04 1.451201901201457929e+02 4.241943245128282913e-01 5.549366741523996671e-01 2.086900133477199298e-02
5.788727544106479763e+04 1.387343322925980260e+02 3.765407382454459828e-01 6.054670862045132829e-01 1.799217555004065106e-02
5.788727751406250172e+04 1.252080888958585518e+02 4.676386160720971130e-01 4.982904846493388940e-01 3.407089927856386119e-02
5.789498600013890245e+04 1.833449610777574321e+02 4.589238046523745340e-01 5.257733971703815179e-01 1.530279817724387696e-02
5.789498804668980301e+04 2.090542571506488514e+02 5.975639552557967527e-01 3.824798197549972301e-01 1.995622498920603810e-02
5.789499009097219823e+04 1.869917028675345136e+02 4.723456509016863980e-01 5.120694926721719442e-01 1.558485642614166819e-02
5.790323556789349823e+04 1.514764719817626144e+02 3.719018055423645719e-01 6.133752780029223528e-01 1.472291645471317939e-02
5.790323764157410187e+04 1.348709235112410170e+02 3.019167306446838839e-01 6.858437226345092119e-01 1.223954672080695277e-02
5.790323971211809840e+04 1.273120471432892913e+02 2.500727822238570930e-01 7.405035170436470304e-01 9.423700732495845361e-03
5.791098384990740306e+04 1.950441323003835237e+02 5.375720136398772775e-01 4.438740885689106963e-01 1.855389779121212335e-02
5.791098589741899923e+04 1.770559360251308760e+02 4.563272289667373305e-01 5.274487156039265878e-01 1.622405542933597067e-02
5.791098794153940253e+04 1.712972655098951975e+02 4.137239283725175354e-01 5.720282635615835387e-01 1.424780806589888774e-02
5.791804778619210265e+04 1.542570543962365548e+02 7.625088108540009069e-01 1.778113970441606295e-01 5.967979210183849137e-02
5.791804983322919725e+04 1.479666369964796218e+02 5.539697563712979722e-01 4.117951010236906018e-01 3.423514260501134276e-02
5.791805190278939699e+04 2.026206381670495489e+02 8.074635926804822894e-01 1.537476220872001087e-01 3.878878523231762965e-02
5.792505632480319764e+04 2.237724050453016105e+02 6.961003389685727072e-01 2.802645161774852678e-01 2.363514485394199380e-02
5.772634417016200314e+04 1.964636852409338701e+02 6.858747647681582293e-01 2.843570257598200257e-01 2.976820947202175535e-02
5.772634621746530320e+04 1.937146205450099217e+02 6.663994738627750936e-01 3.046955824472937779e-01 2.890494368993112503e-02
5.773335479246530303e+04 1.412718036571790776e+02 3.779435763669031778e-01 6.045752497065508546e-01 1.748117392654591554e-02
5.773335686430559872e+04 2.077386604871363147e+02 8.148065902408601069e-01 1.476181450258446937e-01 3.757526473329519251e-02
5.773335891081020236e+04 1.909187252614055126e+02 6.921043556945638553e-01 2.757979564035064612e-01 3.209768790192971122e-02
5.774122674336809723e+04 1.279975457460739534e+02 3.028217011014174287e-01 6.835073600201755362e-01 1.367093887840702474e-02
5.774122955451389862e+04 1.469611466478820603e+02 3.952997728429779589e-01 5.870286340651280632e-01 1.767159309189384950e-02
5.774123162674769992e+04 1.351731002145845082e+02 3.307407064717019507e-01 6.546367680270847034e-01 1.462252550121328869e-02
5.774928157427079714e+04 1.638388360969715052e+02 4.959373443655353264e-01 4.816833012730812880e-01 2.237935436138337522e-02
5.774928362151620240e+04 2.212399262006104550e+02 8.850022916541890883e-01 7.591457110380811502e-02 3.908313724200283140e-02
5.774928569214120216e+04 1.979560338228199612e+02 7.168100135831022568e-01 2.511643125603271187e-01 3.202567385657064530e-02
5.775723207074069796e+04 1.858595500665018676e+02 6.135558722629234074e-01 3.598266985006987606e-01 2.661742923637778341e-02
5.775723414351850079e+04 1.763246903578842648e+02 5.560770619223667222e-01 4.196304868735694638e-01 2.429245120406378980e-02
5.775723621420140262e+04 1.833019425972321699e+02 5.928944667101517796e-01 3.815521566413713206e-01 2.555337664847691717e-02
5.776435706200230197e+04 1.207855571083255342e+02 2.655992343227447372e-01 7.225907286059983781e-01 1.181003707125683616e-02
5.776435913623840315e+04 1.700213915184372411e+02 5.312351743908683144e-01 4.449200000035775093e-01 2.384482560555419711e-02
5.776436118144680222e+04 1.335118195073902427e+02 3.300315980362955592e-01 6.550439204459896914e-01 1.492448151771475114e-02
5.777233828069439915e+04 1.341691950363404260e+02 3.802628407967156288e-01 6.001175756273952056e-01 1.961958357588927324e-02
5.777234032824070164e+04 1.192368200229932143e+02 3.090883748673726727e-01 6.744992207496871561e-01 1.641240438294018153e-02
5.777234237812500214e+04 1.204958516005824123e+02 3.096183746445619334e-01 6.742552449881044074e-01 1.612638036733360022e-02
5.777934543577550357e+04 1.941061558633676043e+02 8.792313468350326788e-01 7.065508269951185916e-02 5.011357046545552446e-02
5.777934750718750001e+04 1.967902579452762950e+02 8.999569064024962595e-01 4.896156612527000074e-02 5.108152747223373286e-02
5.777934957790510089e+04 1.860927749137538285e+02 8.014619314803411720e-01 1.532342915500845837e-01 4.530377696957415407e-02
5.778635136835650337e+04 1.384458467148496368e+02 3.983141740911886886e-01 5.814687055852731934e-01 2.021712032353816316e-02
5.778635344240740233e+04 1.393884759168891776e+02 4.139904490029636119e-01 5.644641519776563143e-01 2.154539901938013619e-02
5.778635548760420352e+04 1.421619579658465398e+02 4.308968314018996049e-01 5.466639646697615262e-01 2.243920392833888972e-02
5.779424990355320188e+04 1.438640879419422447e+02 4.308847294586207188e-01 5.472051357448826092e-01 2.191013479649655052e-02
5.779425195087960310e+04 2.057156964574844551e+02 8.947839011219728134e-01 5.900682973414594218e-02 4.620926914388117507e-02
5.779425399725689931e+04 2.038046544049635713e+02 8.622379176327559236e-01 9.404474775145484078e-02 4.371733461578919400e-02
5.780125410884260054e+04 1.448869172980896849e+02 4.565614099175684393e-01 5.191854657045162913e-01 2.425312437791515494e-02
5.780125618298610061e+04 1.550400258536232343e+02 5.190612447430674736e-01 4.535623021355184581e-01 2.737645312141403359e-02
5.792506044400460087e+04 1.736904736395764530e+02 4.115324292294068043e-01 5.747561087294825732e-01 1.371146204111057393e-02
5.793308914398150227e+04 1.918294636349133384e+02 5.663245928412588004e-01 4.123877506049641872e-01 2.128765655377700197e-02
5.793309119048609864e+04 2.410159043067223763e+02 8.858209598497983617e-01 8.118555924705560256e-02 3.299348090314596638e-02
5.793309323693290207e+04 2.469865961177249858e+02 9.275517384427409695e-01 3.800080550900329646e-02 3.444745604825569241e-02
5.794201711207180051e+04 8.997036748709955134e+01 1.844180925751689182e-01 8.053198202426761210e-01 1.026208718215503718e-02
5.794201918894679693e+04 nan nan nan nan
5.794202124114579783e+04 1.518510896772977219e+02 5.515148568144281338e-01 4.162665744498638687e-01 3.221856873570800445e-02
5.794902135501160228e+04 2.088496333213361140e+02 9.300072842638283932e-01 2.156066003132970157e-02 4.843205570484190869e-02
5.794902342686340126e+04 1.793960401447551192e+02 6.542686668006781892e-01 3.132439914900982947e-01 3.248734170922348147e-02
5.794902547202550340e+04 1.482203583451172335e+02 4.539794801103093080e-01 5.231073927170872828e-01 2.291312717260333628e-02
5.795602554311339918e+04 1.630429941142500354e+02 4.024094890303542837e-01 5.827119893998301547e-01 1.487852156981560488e-02
5.795602759527780290e+04 1.647302379632335771e+02 4.195600858263384136e-01 5.645957506292947903e-01 1.584416354436676139e-02
5.795602964086810243e+04 1.544522437879580252e+02 3.689033909355232121e-01 6.171629722016087616e-01 1.393363686286802627e-02
5.796499293421299808e+04 6.618893944153511200e+01 2.047515955568144086e-01 7.718755700570196776e-01 2.337283438616581666e-02
5.796499498196759669e+04 7.877881225194727222e+01 2.022841260017091969e-01 7.816119250009684327e-01 1.610394899732238080e-02
5.755421627608800191e+04 nan nan nan nan
5.759899642730320193e+04 2.047746588933293879e+02 7.651153781146989852e-01 2.007866085248289911e-01 3.409801336047203063e-02
5.772634212504629977e+04 1.854030755015517684e+02 6.097513672533010354e-01 3.638306693222474464e-01 2.641796342445150783e-02
5.780125822796300054e+04 2.089300584932596507e+02 9.220360718419041701e-01 3.039519243351930175e-02 4.756873572457658017e-02
5.792505839787040168e+04 1.756331423151537763e+02 4.261244622607661126e-01 5.594978970380860561e-01 1.437764070114768040e-02
5.796499702621530014e+04 nan nan nan nan
5.759899847901619796e+04 1.784871986296392095e+02 5.855826277490480125e-01 3.881274162802560435e-01 2.628995597069603771e-02
5.769131419668979652e+04 nan nan nan nan
5.769131626776619669e+04 nan nan nan nan
5.769131833840280160e+04 nan nan nan nan
5.769338602006940346e+04 nan nan nan nan
5.769338806991899764e+04 nan nan nan nan
5.769339011508099793e+04 nan nan nan nan
5.770134931630789652e+04 1.340560212778443656e+02 3.277002622337400473e-01 6.577045877359916082e-01 1.459515003026823354e-02
5.770135136431710271e+04 1.384288535504630602e+02 3.436181062541755482e-01 6.413322412223899649e-01 1.504965252343445740e-02
5.770135341181710100e+04 1.336701376976650977e+02 3.239828445123775769e-01 6.616687753407193284e-01 1.434838014690309818e-02
5.771135891380789690e+04 nan nan nan nan
5.771136096131939848e+04 6.124338200436266533e+01 2.071805909778120236e-01 7.648677595638797566e-01 2.795164945830824754e-02
5.771136301688660024e+04 1.382413802103577041e+02 5.344327510469359943e-01 4.290634852931077270e-01 3.650376365995642441e-02
5.771924791943289893e+04 1.504656084049199478e+02 4.316671867922737271e-01 5.482302600173349916e-01 2.010255319039128477e-02
5.771924999274309812e+04 1.451295742860330336e+02 3.871349061974244110e-01 5.954854665702328242e-01 1.737962723234286189e-02
5.771925203789350053e+04 1.917707214033411276e+02 6.851358494884560724e-01 2.836884358510305404e-01 3.117571466051333867e-02
5.755421834906250297e+04 1.104042006175947250e+02 4.634609364820910793e-01 4.934980279885721743e-01 4.304103552933672555e-02
5.755422042105319997e+04 1.101669738654460389e+02 5.410246250006629509e-01 4.000694660040443051e-01 5.890590899529279945e-02
5.756209248620369908e+04 7.269589573760445944e+01 9.855936923364214119e-02 8.969510717641604458e-01 4.489559002197636775e-03
5.756209453456020128e+04 7.105649452820831868e+01 9.212548078050816769e-02 9.037688910456135316e-01 4.105628173878490654e-03
5.756209657984950172e+04 7.007305153725373259e+01 8.920021086844223679e-02 9.068419572913931637e-01 3.957831840164793835e-03
5.756911800738429883e+04 1.167853159516022572e+02 2.781620292816688322e-01 7.079816843938135928e-01 1.385628632451763390e-02
5.756912005475690239e+04 1.309588684905628782e+02 3.458136179075576022e-01 6.371553098190354536e-01 1.703107227340703786e-02
5.756912210134259658e+04 1.111460434643680628e+02 2.920831350862231335e-01 6.910492924314941554e-01 1.686757248228269029e-02
5.758399242811340082e+04 7.541449737294426825e+01 1.148879030227761278e-01 8.794436177370746899e-01 5.668479240149146801e-03
5.758399447690969828e+04 1.259409550524348020e+02 3.175158678522835842e-01 6.669593848293294824e-01 1.552474731838697324e-02
5.758399652326390060e+04 1.342230693368455547e+02 3.506033220480602175e-01 6.327316763766308583e-01 1.666500157530900403e-02
5.759101543976849644e+04 1.337155697455602308e+02 3.575335738848736122e-01 6.250042912163623621e-01 1.746213489876392508e-02
5.759101748648149805e+04 1.014417422458147797e+02 2.689858366109902366e-01 7.138408907882891619e-01 1.717327260072053913e-02
5.759101953285880154e+04 1.514956047627168516e+02 5.165649392350669666e-01 4.550377363611571302e-01 2.839732440377581296e-02
5.759899435380790237e+04 1.715716114811438615e+02 5.413406814464586381e-01 4.343441039568042839e-01 2.431521459673718563e-02
5.805532454843750020e+04 2.152740134222185588e+02 8.929507139961848639e-01 6.502509133672787489e-02 4.202419466708728901e-02
5.805532662721059751e+04 1.518260358599002871e+02 4.468421011145050081e-01 5.320014242422784756e-01 2.115647464321646770e-02
5.805532867262729997e+04 2.004222879527324608e+02 7.686426063831116595e-01 1.954334079943605418e-01 3.592398562252775013e-02
5.806233003357639973e+04 1.358956450964213047e+02 3.571459914284096926e-01 6.259842791117923300e-01 1.686972945979805724e-02
5.806233210521990259e+04 1.604210048162883879e+02 4.954052123776448435e-01 4.813017399344440839e-01 2.329304768791115240e-02
5.806233414921299845e+04 1.925496740866145160e+02 7.217024371952301953e-01 2.439845853349724980e-01 3.431297746979723035e-02
5.807035998547449708e+04 1.772891149706216254e+02 5.837779933152992262e-01 3.897395096895153732e-01 2.648249699518529302e-02
5.807036205874999723e+04 1.937363534458245908e+02 6.916462519138684151e-01 2.772241545225849202e-01 3.112959356354666127e-02
5.807036410302080185e+04 1.052716965594258340e+02 2.026737569918576898e-01 7.882730989919004561e-01 9.053144016241831613e-03
5.807925312800930260e+04 8.323022118079256870e+01 1.349204593895617921e-01 8.586612236261889075e-01 6.418316984249322968e-03
5.807925519999999960e+04 7.839051397680665900e+01 1.216004985373071723e-01 8.725222899047285763e-01 5.877211557964215002e-03
5.807925724394679855e+04 8.602094849211903238e+01 1.444465726845056419e-01 8.486663704866725944e-01 6.887056828821693476e-03
5.808635550745369983e+04 1.657592036916549887e+02 4.791382941709949050e-01 5.004540040941533041e-01 2.040770173485186370e-02
5.808635755370370316e+04 1.601014953502586025e+02 4.458865577366831201e-01 5.351688344085497873e-01 1.894460785476701284e-02
5.808635959826390172e+04 1.496762640311040684e+02 3.936794746749990304e-01 5.894236144623158369e-01 1.689691086268530623e-02
5.809433205741900019e+04 1.619919903948980107e+02 4.599663168451494366e-01 5.203415568340710173e-01 1.969212632077958769e-02
5.809433412939820118e+04 1.302103769700817679e+02 2.979372041571403118e-01 6.892752877783249188e-01 1.278750806453473297e-02
5.809433617457179935e+04 1.444110003269594245e+02 3.643384017258209373e-01 6.201149425263741133e-01 1.554665574780498757e-02
