5.758399242811340082e+04 5.360639538631724008e+02 9.562409659405044504e-01 3.598709982749430381e-02 7.771934232001258790e-03
5.777234032824070164e+04 5.248102360571419922e+02 9.642527613605160752e-01 2.750196970796391430e-02 8.245268931519913330e-03
5.777934543577550357e+04 5.111657871998164069e+02 9.832493872006887736e-01 7.713463668788407730e-03 9.037149130522689408e-03
5.785705753340280353e+04 nan nan nan nan
5.755422042105319997e+04 3.297066877202167916e+02 9.361742982336603847e-01 4.413389561633538488e-02 1.969180615000426862e-02
5.792505632480319764e+04 6.489978227168392095e+02 9.681975469261729916e-01 2.636658243119646000e-02 5.435870642630619490e-03
5.794201711207180051e+04 5.409139053489494700e+02 9.235304981301429850e-01 6.934960293978670309e-02 7.119898930070252090e-03
5.774122955451389862e+04 5.673911320150760957e+02 9.557235217086609280e-01 3.734657619632459485e-02 6.929902095014419013e-03
5.789498600013890245e+04 6.647479375418058680e+02 9.657588538481528539e-01 2.908588065314901550e-02 5.155265498698058564e-03
5.751604215731479781e+04 6.304809595729427656e+02 9.816064419634454863e-01 1.247305666910740983e-02 5.920501367447137710e-03
5.778635548760420352e+04 5.416878168912079445e+02 9.827589831122356401e-01 9.201618589203234763e-03 8.039398298561057504e-03
5.759101953285880154e+04 5.051174906281881363e+02 9.736383392081936483e-01 1.728683792484393689e-02 9.074822866962407864e-03
5.750803268356480112e+04 6.297907880074083096e+02 9.849801511182127989e-01 9.045508162673642633e-03 5.974340719113549816e-03
5.777233828069439915e+04 5.141716522497765709e+02 9.247912810715862575e-01 6.730741382698515740e-02 7.901305101428602456e-03
5.791098384990740306e+04 6.532520885063978540e+02 9.789171838296811812e-01 1.559805239563796103e-02 5.484763774680869938e-03
5.790323764157410187e+04 nan nan nan nan
5.795602964086810243e+04 6.184526907395381841e+02 9.729548526768584393e-01 2.100009523725354654e-02 6.045052085888001983e-03
5.771924999274309812e+04 5.347975961400536562e+02 9.887899050899737752e-01 2.860665605887440996e-03 8.349429304138766481e-03
5.771136301688660024e+04 4.116699674104481232e+02 7.680959922720904665e-01 2.234012409873022131e-01 8.502766740607209384e-03
5.751604420141199807e+04 6.303545404734761632e+02 9.810950888203091580e-01 1.298820409267036416e-02 5.916707087020472641e-03
5.787822578078699735e+04 6.664795974230040656e+02 9.024546833107199850e-01 9.306710391088784950e-02 4.478212778392250473e-03
5.752321720414349693e+04 2.852457513891590111e+02 8.803271923378924724e-01 9.640917659459503908e-02 2.326363106751242610e-02
5.759101748648149805e+04 4.501661274283793546e+02 9.062276619133270428e-01 8.387412864715158844e-02 9.898209439521434699e-03
5.781718846579860110e+04 5.400960676952628319e+02 9.719036583017591768e-01 2.018715112489988250e-02 7.909190573340919850e-03
5.759899642730320193e+04 5.739970848640781469e+02 9.795565003724101549e-01 1.333026317550294743e-02 7.113236452086926266e-03
5.776436118144680222e+04 5.660914711312896088e+02 8.974622939499422580e-01 9.639885867807748698e-02 6.138847371980296619e-03
5.795602759527780290e+04 6.029432156574645205e+02 9.278002312922060124e-01 6.641636160204707207e-02 5.783407105746938941e-03
5.794201918894679693e+04 5.193644780201477715e+02 8.508411939594400231e-01 1.426036932571170257e-01 6.555112783442845412e-03
5.756209453456020128e+04 5.646937627554292476e+02 9.828713494205795209e-01 9.729276112943316401e-03 7.399374466477221662e-03
5.756209657984950172e+04 5.693094504756153356e+02 9.925704207758365705e-01 5.313484156075720244e-06 7.424265740007364618e-03
5.753021721699069894e+04 5.933011489091401245e+02 9.653750615605056762e-01 2.815843654108099101e-02 6.466501898413336280e-03
5.794902135501160228e+04 4.701910719377701184e+02 8.218506916671659557e-01 1.706871453531512428e-01 7.462162979682719979e-03
5.753022130751160148e+04 5.896380375430326239e+02 9.552474695588398790e-01 3.834208151093924238e-02 6.410448930220863893e-03
5.750802856400459859e+04 6.276503365022829257e+02 9.827234646577448496e-01 1.128890808419260976e-02 5.987627258062542396e-03
5.755421627608800191e+04 nan nan nan nan
5.771136096131939848e+04 2.904634687337479590e+02 6.928715341146136630e-01 2.932305385554114241e-01 1.389792732997486950e-02
5.796499293421299808e+04 3.123151889082357116e+02 7.752086006840199772e-01 2.097434059860964761e-01 1.504799332988368890e-02
5.759899847901619796e+04 5.426911508796325734e+02 8.817273425854819102e-01 1.118251659763492417e-01 6.447491438168823780e-03
5.759101543976849644e+04 5.381325595679692242e+02 9.816396838919396739e-01 1.023288472848778163e-02 8.127431379572530590e-03
5.774123162674769992e+04 5.591585187315798748e+02 9.185799421693151556e-01 7.482844543639137480e-02 6.591612394293398444e-03
5.754707211745370296e+04 5.656675416788621078e+02 9.724253417577252145e-01 2.035664533066266699e-02 7.218012911612150563e-03
5.786411259569440153e+04 4.009000162695206768e+02 5.571107447605686547e-01 4.381725519368315225e-01 4.716703302599923459e-03
5.773335686430559872e+04 5.789124030390537428e+02 9.554908732812654737e-01 3.785555236380707539e-02 6.653574354927418825e-03
5.787822373693290137e+04 6.905840770215613702e+02 9.660283566469151095e-01 2.919223359807397028e-02 4.779409755010898507e-03
5.752321513501159643e+04 3.542537396766800271e+02 9.169741892166944908e-01 6.666092522057455450e-02 1.636488556273098249e-02
5.791804778619210265e+04 4.262480527108332353e+02 9.602948549562327907e-01 2.730827566802393469e-02 1.239686937574332494e-02
5.789499009097219823e+04 6.694152392432009719e+02 9.700433473253740058e-01 2.482781764094795646e-02 5.128835033677997014e-03
5.789498804668980301e+04 6.720360129797223863e+02 9.859415235014949985e-01 8.801393194340234247e-03 5.257083304164877381e-03
5.786411054701390094e+04 4.839552693414637474e+02 8.114505423929383454e-01 1.816828646921914148e-01 6.866592914870291858e-03
5.770135341181710100e+04 5.724436277905010684e+02 9.823517171893106914e-01 1.045551230841464639e-02 7.192770502274614501e-03
5.777934750718750001e+04 5.096776372763902714e+02 9.720440736352129463e-01 1.907192957426918911e-02 8.883996790517925332e-03
5.774122674336809723e+04 5.558942788371878123e+02 9.364604068902312450e-01 5.660817544366741200e-02 6.931417666101296129e-03
5.787822169053240214e+04 6.850900817570718573e+02 9.571907221872015814e-01 3.804135476370579944e-02 4.767923049092594005e-03
5.780125618298610061e+04 5.213621074233881245e+02 9.457656791669633023e-01 4.619691662711847974e-02 8.037404205918231848e-03
5.792505839787040168e+04 6.557945613971255625e+02 9.792927702209155427e-01 1.526073474260825590e-02 5.446495036476215260e-03
5.771924791943289893e+04 5.275027418459106912e+02 9.911225502088270023e-01 2.549556268678145618e-04 8.622494164305216646e-03
5.796499702621530014e+04 nan nan nan nan
5.796499498196759669e+04 3.776853493759277853e+02 8.149741140069372003e-01 1.736534110480958404e-01 1.137247494496698708e-02
5.778635344240740233e+04 5.270972679986218736e+02 9.384294943209539053e-01 5.382857275176293477e-02 7.741932927283202460e-03
5.790323971211809840e+04 5.627371964563745905e+02 9.061069756854900348e-01 8.756052225832743063e-02 6.332502056182546732e-03
5.775723414351850079e+04 5.819797452133178695e+02 9.874138385236631565e-01 5.555271272314073715e-03 7.030890204022706425e-03
5.774928569214120216e+04 5.684084653803291758e+02 9.528452170523384890e-01 4.029119379812513835e-02 6.863589149536398690e-03
5.786411466642360028e+04 4.028551425564801889e+02 5.629003125900128301e-01 4.323310665651756701e-01 4.768620844811535288e-03
5.772634212504629977e+04 5.628334669009263962e+02 8.908912623544303910e-01 1.029892197468774973e-01 6.119517898692079620e-03
5.793309119048609864e+04 6.101966966869429143e+02 9.599868216394261689e-01 3.396786976872197966e-02 6.045308591851837610e-03
5.794902342686340126e+04 4.728288037723150410e+02 8.066796767493326081e-01 1.862111022005215888e-01 7.109221050145877671e-03
5.753021926346060354e+04 5.676649769929932745e+02 8.767371882370263991e-01 1.174366533030325455e-01 5.826158459941005972e-03
5.750803061267360317e+04 6.246011857383832648e+02 9.734055645898052056e-01 2.066231882796841501e-02 5.932116582226363774e-03
5.770134931630789652e+04 5.606801513612058443e+02 9.515156982038125433e-01 4.144986732077443614e-02 7.034434475412929509e-03
5.788727544106479763e+04 nan nan nan nan
5.759899435380790237e+04 5.653694703715370906e+02 9.663034181845544524e-01 2.656164777902961585e-02 7.134934036415914449e-03
5.794202124114579783e+04 5.599702377595236840e+02 9.876827877552665225e-01 4.718627386977563253e-03 7.598584857755994945e-03
5.792506044400460087e+04 6.450944933055072852e+02 9.503900368810468402e-01 4.430863460624189648e-02 5.301328512711265054e-03
5.771925203789350053e+04 5.277376786379044233e+02 9.558627651091957667e-01 3.612446776889018801e-02 8.012767121914133803e-03
5.770135136431710271e+04 5.642598610857965014e+02 9.613737205507023598e-01 3.153615571268658657e-02 7.090123736611090091e-03
5.776435706200230197e+04 5.741220129455538199e+02 9.249945859831281147e-01 6.866529192956398464e-02 6.340122087307920561e-03
5.778635136835650337e+04 5.277796324437915700e+02 9.389088297874976785e-01 5.336135288062391485e-02 7.729817331878379751e-03
5.785705548473379895e+04 2.984489104916478937e+02 6.334509287774763298e-01 3.555460083165716823e-01 1.100306290595200708e-02
5.755421834906250297e+04 3.169791901960614382e+02 7.466229063877332095e-01 2.398261744728564793e-01 1.355091913941032164e-02
5.751604011126160185e+04 5.636413924367175241e+02 9.295240643012437909e-01 6.383325841398621026e-02 6.642677284769965898e-03
5.795602554311339918e+04 6.027923653559605555e+02 9.218626986998426087e-01 7.242482204817314584e-02 5.712479251984310495e-03
5.756911800738429883e+04 5.034900322781596742e+02 8.719011668359283318e-01 1.207742923985414829e-01 7.324540765530220855e-03
5.791804983322919725e+04 4.855392806507255159e+02 9.473140822857852861e-01 4.338840282347122129e-02 9.297514890743608859e-03
5.794902547202550340e+04 4.762564886363159644e+02 8.160906735716121352e-01 1.767376174979108372e-01 7.171708930477095276e-03
5.756209248620369908e+04 5.338282529584902250e+02 8.922234582045920348e-01 1.009535978772413273e-01 6.822943918166565931e-03
5.780936871119210264e+04 5.084525765344553747e+02 9.831365820012827328e-01 7.731658927647665040e-03 9.131759071069518036e-03
5.758399652326390060e+04 5.219670119836295044e+02 8.937015396132931278e-01 9.913823759281899239e-02 7.160222793887863375e-03
5.777234237812500214e+04 5.250575800854336421e+02 9.728033401172208050e-01 1.881241647836692094e-02 8.384243404412223752e-03
5.777934957790510089e+04 5.039543357707509017e+02 9.566664464647511856e-01 3.453185784716899381e-02 8.801695688079735555e-03
5.793309323693290207e+04 5.902663984750183772e+02 8.941883784156098303e-01 1.002064416745114400e-01 5.605179909878735788e-03
5.771135891380789690e+04 nan nan nan nan
5.772634621746530320e+04 5.835889643835162133e+02 9.676982573963364143e-01 2.558600972863699780e-02 6.715732875026518556e-03
5.756912005475690239e+04 4.954837312056108658e+02 8.554433958247191772e-01 1.372762686661888332e-01 7.280335509091973197e-03
5.773335891081020236e+04 5.547500185392245839e+02 8.776679120074182272e-01 1.162185385706180629e-01 6.113549421963746303e-03
5.752321306202549749e+04 2.266847363731673397e+02 7.019402295147884052e-01 2.746399615748166267e-01 2.341980891039500967e-02
5.790323556789349823e+04 5.667985581071446859e+02 9.608451852772522672e-01 3.213578631680545639e-02 7.019028405942313691e-03
5.773335479246530303e+04 5.880678503384252735e+02 9.893513202887648239e-01 3.735563811248821930e-03 6.913115899986308627e-03
5.772634417016200314e+04 5.916051666687528723e+02 9.921581153045041512e-01 9.723788297328907725e-04 6.869505865762964500e-03
5.791805190278939699e+04 5.494594664067356007e+02 9.517837339292180010e-01 4.088746601123340041e-02 7.328800059548537006e-03
5.791098794153940253e+04 6.569643725291050487e+02 9.686433311568757309e-01 2.604694680906331772e-02 5.309722034061006846e-03
5.756912210134259658e+04 4.392785711839404144e+02 7.870733164907912638e-01 2.050855656992252585e-01 7.841117809983467329e-03
5.758399447690969828e+04 5.264658302941065813e+02 9.164793600636953474e-01 7.611892020453145391e-02 7.401719731773229866e-03
5.779425195087960310e+04 5.432234616794631847e+02 9.743091136576781386e-01 1.783375289422714158e-02 7.857133448094766673e-03
5.774928362151620240e+04 5.726770523134933910e+02 9.699821218422369773e-01 2.301082302583558337e-02 7.007055131927424595e-03
