5.792505632480319764e+04 2.418645031702315009e+02 8.137689189811302404e-01 1.585816903569947367e-01 2.764939066187492578e-02
5.771924999274309812e+04 2.183627832038455949e+02 8.762921162429407884e-01 8.437387557522683934e-02 3.933400818183235143e-02
5.753022130751160148e+04 2.097360481794123359e+02 7.320641869218066367e-01 2.381794534986584611e-01 2.975635957953497168e-02
5.789498804668980301e+04 2.633248965445087038e+02 9.481759256054700380e-01 2.015600112244111952e-02 3.166807327208886330e-02
5.787822578078699735e+04 2.563077909297228985e+02 8.270144199015488917e-01 1.475565271575705606e-01 2.542905294088057891e-02
5.779425399725689931e+04 2.069018379540696060e+02 8.930259869558604402e-01 6.147236427602947861e-02 4.550164876811013670e-02
5.774122955451389862e+04 2.228907718357291117e+02 9.096582900270525629e-01 4.965992272531121604e-02 4.068178724763618637e-02
5.758399652326390060e+04 2.058988613031331454e+02 8.265112569858659164e-01 1.341321683448641611e-01 3.935657466926979070e-02
5.773335891081020236e+04 2.052410299645351586e+02 7.997275325818739011e-01 1.631887415487295323e-01 3.708372586939655269e-02
5.777234237812500214e+04 2.037757033506781852e+02 8.852330246242189338e-01 6.867364904493795941e-02 4.609332633084309294e-02
5.776435706200230197e+04 2.234963092982750652e+02 9.158025518581901503e-01 4.318736742677870694e-02 4.101008071503108726e-02
5.794902547202550340e+04 1.971429677855833233e+02 8.039354265040746794e-01 1.554476158151831822e-01 4.061695768074211760e-02
5.754707007224539848e+04 2.151018729774686733e+02 8.501716603984436071e-01 1.116732479358176072e-01 3.815509166573878563e-02
5.759101543976849644e+04 2.044345053142814095e+02 8.355174193248795511e-01 1.236853903011161382e-01 4.079719037400433151e-02
5.778635548760420352e+04 1.983718091653491911e+02 8.387984705525671769e-01 1.175315498981290563e-01 4.366997954930374598e-02
5.787822373693290137e+04 2.485063745713060257e+02 7.789679473362234319e-01 1.970331300314415446e-01 2.399892263233512069e-02
5.788727751406250172e+04 nan nan nan nan
5.780125822796300054e+04 1.881531038533702542e+02 7.504948059116223202e-01 2.106454223948418802e-01 3.885977169353586891e-02
5.786411054701390094e+04 1.731054002613630871e+02 6.580592821360511380e-01 3.066438277638867116e-01 3.529689010006206024e-02
5.755422042105319997e+04 nan nan nan nan
5.785705753340280353e+04 nan nan nan nan
5.793309119048609864e+04 2.400449176713607073e+02 8.786966744146592623e-01 8.857524229092125778e-02 3.272808329441956321e-02
5.777934957790510089e+04 1.795335226443754095e+02 7.457584842370714728e-01 2.120977889423329987e-01 4.214372682059558395e-02
5.759899435380790237e+04 2.239197784892264167e+02 9.224546237868280762e-01 3.609459218369472089e-02 4.145078402947720980e-02
5.759101953285880154e+04 1.705977693175789796e+02 6.548123293819334556e-01 3.092032398663521198e-01 3.598443075171436911e-02
5.770135341181710100e+04 2.181776387548756588e+02 8.631727401971386326e-01 9.859740967888697138e-02 3.822985012397444454e-02
5.776436118144680222e+04 1.836451537614860001e+02 6.291048313369532741e-01 3.422326247206893268e-01 2.866254394235741298e-02
5.794201711207180051e+04 nan nan nan nan
5.793308914398150227e+04 2.424805324395891830e+02 9.048271549703204020e-01 6.116296228144380009e-02 3.400988274823579099e-02
5.781718846579860110e+04 2.031632204371600494e+02 8.745114029626198660e-01 8.023340484724632293e-02 4.525519219013374866e-02
5.759101748648149805e+04 1.827236388919188244e+02 8.726600063487890413e-01 7.163061536929926643e-02 5.570937828191170615e-02
5.756209657984950172e+04 2.201969571291847103e+02 8.804369168946807322e-01 8.051483993586663890e-02 3.904824316945266355e-02
5.772634621746530320e+04 2.302197367334933347e+02 9.413967611957932968e-01 1.776303217291859762e-02 4.084020663128807432e-02
5.777934750718750001e+04 2.014430142303528442e+02 9.429734576015879055e-01 3.505797205757356198e-03 5.352074519265477559e-02
5.796499498196759669e+04 1.365041213892631902e+02 6.072725611164589976e-01 3.443877972953670596e-01 4.833964158817395662e-02
5.750803061267360317e+04 1.943027206015761692e+02 6.242245005213921116e-01 3.505667388225609526e-01 2.520876065604681082e-02
5.794902342686340126e+04 2.102141324397511539e+02 8.989567596815840611e-01 5.637679182539787059e-02 4.466644849301810993e-02
5.770134931630789652e+04 1.880411560649570504e+02 6.449369850071001720e-01 3.263316421513162702e-01 2.873137284158345031e-02
5.791098589741899923e+04 2.438039478634631507e+02 8.656374759571578981e-01 1.035719156999232449e-01 3.079060834291889870e-02
5.790323971211809840e+04 1.842078227371954142e+02 5.277964085692650187e-01 4.521522071787317798e-01 2.005138425200320845e-02
5.774122674336809723e+04 2.051857697748834823e+02 7.781074548352266973e-01 1.867678702412891023e-01 3.512467492348410325e-02
5.770135136431710271e+04 2.020897279344169135e+02 7.319762847026820562e-01 2.359807145645620163e-01 3.204300073275585803e-02
5.771136096131939848e+04 nan nan nan nan
5.756209453456020128e+04 1.954187413423179294e+02 7.010700502667487344e-01 2.674946183897922714e-01 3.143533134345888325e-02
5.750803268356480112e+04 2.185962504750465598e+02 7.641803686692836273e-01 2.059703435024264062e-01 2.984928782829005325e-02
5.794902135501160228e+04 1.902715111355442730e+02 7.726237431543259149e-01 1.871030509403534547e-01 4.027320590532063038e-02
5.772634212504629977e+04 2.201205391866849084e+02 8.594416583507435980e-01 1.033243752451798170e-01 3.723396640407659886e-02
5.775723414351850079e+04 2.142411619713954849e+02 8.209633984567380471e-01 1.431717203141188444e-01 3.586488122914311544e-02
5.751604420141199807e+04 2.413854235948537905e+02 8.942042730713970489e-01 7.227765438146947774e-02 3.351807254713359829e-02
5.778635136835650337e+04 2.040166344320830660e+02 8.716684448250974215e-01 8.374549190482659389e-02 4.458606327007594988e-02
5.781719258413190255e+04 2.036443714526384667e+02 8.745173620036638118e-01 8.044042842318539777e-02 4.504220957315068635e-02
5.793309323693290207e+04 2.241505300885669385e+02 7.639385640310303316e-01 2.076910682759990634e-01 2.837036769297064664e-02
5.787822169053240214e+04 2.772151412104458359e+02 9.530402000764116588e-01 1.809183411321673221e-02 2.886796581037161247e-02
5.780936871119210264e+04 1.673943685034376472e+02 6.765369393251907670e-01 2.835670952363029684e-01 3.989596543850623678e-02
5.789498600013890245e+04 2.541890196997881048e+02 8.819807520545807078e-01 8.861349668269120905e-02 2.940575126272806580e-02
5.780125410884260054e+04 1.900761706971862566e+02 7.950913439019781093e-01 1.621714290927587232e-01 4.273722700526313978e-02
5.756912005475690239e+04 1.684698309725720264e+02 5.720729560763069266e-01 3.997635720377106239e-01 2.816347188598243567e-02
5.795602759527780290e+04 2.232017302973679023e+02 7.699127287354369242e-01 2.010259388245669299e-01 2.906133243999603488e-02
5.774928569214120216e+04 2.010633118709949372e+02 7.397281737365049015e-01 2.272115641206211012e-01 3.306026214287383774e-02
5.775723621420140262e+04 2.250473040079390046e+02 8.933484153808601835e-01 6.816390306410480271e-02 3.848768155503505539e-02
5.786411259569440153e+04 1.701119662445281335e+02 6.275426446014520376e-01 3.392186274151762770e-01 3.323872798337175472e-02
5.785705548473379895e+04 nan nan nan nan
5.771925203789350053e+04 1.828969601201472415e+02 6.234164396492143378e-01 3.482062543329664805e-01 2.837730601781922324e-02
5.751604011126160185e+04 2.110231604159726544e+02 8.120240607307093184e-01 1.518095471533462137e-01 3.616639211594456504e-02
5.756911800738429883e+04 2.121657555079019346e+02 9.179306185546334262e-01 3.635037608146930721e-02 4.571900536389722491e-02
5.751604215731479781e+04 2.434221467865276907e+02 9.025054998716302013e-01 6.392018403409516214e-02 3.357431609427461577e-02
5.758399242811340082e+04 2.045834276080036886e+02 8.470605288796025922e-01 1.110682500645649162e-01 4.187122105583249848e-02
5.773335479246530303e+04 1.933043990089717283e+02 7.073897582164607734e-01 2.599016612192573406e-01 3.270858056428176119e-02
5.774123162674769992e+04 2.279265703379982142e+02 9.404499571785924772e-01 1.796768533404668328e-02 4.158235748736079096e-02
5.780936665247679775e+04 1.876907379270688239e+02 8.464462094517998247e-01 1.038784695276762787e-01 4.967532102052386878e-02
5.779424990355320188e+04 nan nan nan nan
5.795602964086810243e+04 2.193700283093023984e+02 7.439940527799223657e-01 2.279120504463563457e-01 2.809389677372133368e-02
5.790323764157410187e+04 1.851668288545903067e+02 5.690864759385111382e-01 4.078429825202503078e-01 2.307054154123851925e-02
5.786411466642360028e+04 1.938329250414747094e+02 8.263385911330560774e-01 1.292710548418092298e-01 4.439035402513468592e-02
5.791804983322919725e+04 1.568421339497906217e+02 6.227834678699666338e-01 3.387062852480974273e-01 3.851024688193600137e-02
5.789499009097219823e+04 2.481982710571458313e+02 8.325006183477723365e-01 1.400204867701170530e-01 2.747889488211059661e-02
5.777234032824070164e+04 1.883863216478903553e+02 7.715774333853246958e-01 1.874504935360669089e-01 4.097207307860834674e-02
5.774928362151620240e+04 2.194003701385369425e+02 8.705523599284592517e-01 9.099353403871136836e-02 3.845410603282933826e-02
5.779425195087960310e+04 1.786917747479164689e+02 6.813367278289130802e-01 2.831539719761379525e-01 3.550930019494887013e-02
5.792506044400460087e+04 2.099307210598497306e+02 6.014634852133846632e-01 3.784874474222645890e-01 2.004906736435075471e-02
5.796499293421299808e+04 nan nan nan nan
5.791804778619210265e+04 1.570745641800440069e+02 7.909395714198028671e-01 1.471302234282644839e-01 6.193020515193264908e-02
5.790323556789349823e+04 2.292350122751417700e+02 8.524867658926131853e-01 1.137346821926410595e-01 3.377855191474572055e-02
5.756209248620369908e+04 1.866794428309521834e+02 6.561938350974029222e-01 3.136275754643644831e-01 3.017858943823249068e-02
5.780937075761570304e+04 1.893978331749995050e+02 8.560029363765578880e-01 9.410538298748406805e-02 4.989168063595809249e-02
5.791805190278939699e+04 2.165902989826092266e+02 9.226974165884049839e-01 3.297559311174940583e-02 4.432699029984551314e-02
5.773335686430559872e+04 2.045855422667727908e+02 7.907147544489270263e-01 1.727999857428953179e-01 3.648525980817755865e-02
5.771924791943289893e+04 1.928571436073934251e+02 7.089431090138043068e-01 2.580519509818502977e-01 3.300494000434540248e-02
5.775723207074069796e+04 2.068368012870679422e+02 7.594189200087626546e-01 2.076553936191997130e-01 3.292568637203750759e-02
5.754707211745370296e+04 2.219250985914635237e+02 9.232791862824885065e-01 3.444607962827166830e-02 4.227473408923987375e-02
5.788727544106479763e+04 2.131993814834310399e+02 8.869516774587740127e-01 7.077604230619144454e-02 4.227228023503443177e-02
5.755421834906250297e+04 nan nan nan nan
5.756912210134259658e+04 1.805197288577731172e+02 7.702326461948981740e-01 1.853019606834958588e-01 4.446539312160591867e-02
5.758399447690969828e+04 2.094288627824923310e+02 8.785931069079826461e-01 7.842058457570900976e-02 4.298630851630834415e-02
5.750802856400459859e+04 2.226145020611824350e+02 8.010166261978860502e-01 1.673603210394924434e-01 3.162305276262150633e-02
5.753021926346060354e+04 2.102614729562625939e+02 7.420166626005384458e-01 2.275649947509243154e-01 3.041834264853725267e-02
5.772634417016200314e+04 2.051984665609170122e+02 7.486953734105629144e-01 2.187891807086100038e-01 3.251544588082706105e-02
5.771136301688660024e+04 nan nan nan nan
5.794202124114579783e+04 1.994535182715747226e+02 9.044853078803575253e-01 4.528653229204980535e-02 5.022815982759267633e-02
5.752321513501159643e+04 nan nan nan nan
5.777934543577550357e+04 1.861983927739458125e+02 8.089771787031196926e-01 1.449177899349983756e-01 4.610503136188186940e-02
5.778635344240740233e+04 1.718248355006493000e+02 6.316376663549216897e-01 3.353564165817475295e-01 3.300591706333072528e-02
5.753021721699069894e+04 2.114014001956711297e+02 7.515333092078307908e-01 2.175986982937851699e-01 3.086799249838401496e-02
5.759899642730320193e+04 2.140100266525741972e+02 8.387027641276203482e-01 1.237847760338724457e-01 3.751245983850717142e-02
5.781719053767360310e+04 1.932853451420022282e+02 7.814789135766565531e-01 1.785943042128295410e-01 3.992678221051385035e-02
5.759899847901619796e+04 2.205691866839546265e+02 8.998729305915952326e-01 5.947334590520353403e-02 4.065372350320121952e-02
5.795602554311339918e+04 nan nan nan nan
5.785705957910879806e+04 nan nan nan nan
5.791098794153940253e+04 2.485439338669391702e+02 8.705723054568521579e-01 9.946154132186595109e-02 2.996615322128184586e-02
5.754706797363430087e+04 2.069871026755914727e+02 8.131377845983122077e-01 1.491684650079163343e-01 3.769375039377138165e-02
5.792505839787040168e+04 2.457976710519764367e+02 8.351771114269362917e-01 1.366241762364919232e-01 2.819871233657185450e-02
5.777233828069439915e+04 1.948521874804638117e+02 8.023094027552963858e-01 1.562810168701298241e-01 4.140958037457365820e-02
5.774928157427079714e+04 2.126177763359063420e+02 8.351475328354708294e-01 1.271686490969298200e-01 3.768381806759930203e-02
5.780125618298610061e+04 1.873647390050493016e+02 7.624216642627806850e-01 1.971354283665044393e-01 4.044290737071493808e-02
