5.778635604199999943e+04 9.614654813339108159e+02 5.200328597275098996e-01 8.049386497287286391e-02 3.994732752996171254e-01
5.809433671799999865e+04 1.061798140264685117e+03 5.396670952429827306e-01 1.075873838704139995e-01 3.527455208866033254e-01
5.793309379199999967e+04 1.146991204310830426e+03 5.934766736181720237e-01 4.094479546291792532e-02 3.655785309189101273e-01
5.792506100400000287e+04 1.172686633550959868e+03 5.823175895490145804e-01 8.097752496046914383e-02 3.367048854905162480e-01
5.791805243000000337e+04 9.156049492960394218e+02 5.007990181393900953e-01 9.068954007615007140e-02 4.085114417844598611e-01
5.791098849599999812e+04 1.188279903092871109e+03 5.951372618507588808e-01 6.233927101790345815e-02 3.425234671313376333e-01
5.790324025799999799e+04 1.090771605976600767e+03 5.855855159752653138e-01 2.085846880656309910e-02 3.935560152181716287e-01
5.789499064199999702e+04 1.243589914934895205e+03 6.291638457760024838e-01 2.132045750015442581e-02 3.495156967238431389e-01
5.788727804399999877e+04 5.314866495838761011e+02 3.400085203556270641e-01 1.011502606398234499e-01 5.588412190045495276e-01
5.787822632400000293e+04 1.238388703100789144e+03 6.014338032378123700e-01 7.649250240890467789e-02 3.220736943532828689e-01
5.786411510249999992e+04 nan nan nan nan
5.781719312199999695e+04 9.183086872166529702e+02 4.972766657143668501e-01 1.023065009239181727e-01 4.004168333617149633e-01
5.808636015600000246e+04 1.113474961247443844e+03 5.903882247374887537e-01 2.572070191432825753e-02 3.838910733481830095e-01
5.780937131200000294e+04 nan nan nan nan
5.780125876599999901e+04 9.327702202261137927e+02 5.203092897272634243e-01 5.480965600104784063e-02 4.248810542716887073e-01
5.779425455399999919e+04 9.572730163365341696e+02 5.186997225182148341e-01 8.038376146197244443e-02 4.009165160198126521e-01
5.777234281500000361e+04 9.382105929756519345e+02 5.345555439966055422e-01 2.216402171444734059e-02 4.432804342889469784e-01
5.776436173199999757e+04 9.741566041907700537e+02 5.028365071816539578e-01 1.333409587397905716e-01 3.638225340785554707e-01
5.775723675499999808e+04 nan nan nan nan
5.774928621600000042e+04 1.026575056560171788e+03 5.579335151990211239e-01 3.872115195337041960e-02 4.033453328476085398e-01
5.774123215599999821e+04 9.242876105788475343e+02 4.735215571196892959e-01 1.680860379243469538e-01 3.583924049559636948e-01
5.773335945999999967e+04 1.032694190526919783e+03 5.649592274862743624e-01 2.635991529087392676e-02 4.086808572228516345e-01
5.807925779399999738e+04 1.050939131161132309e+03 5.805692516062780362e-01 2.708693357733917007e-03 4.167220550359880260e-01
5.772634675399999833e+04 1.050271153533837833e+03 5.530395686389156795e-01 6.834083681548136502e-02 3.786195945456030665e-01
5.771925258400000166e+04 9.697794433921820882e+02 5.189835616272178154e-01 8.994616327295930358e-02 3.910702750998229504e-01
5.771136364332999801e+04 6.593256326025806402e+02 3.319538824927055765e-01 3.219082327884890682e-01 3.461378847188054664e-01
5.770135396400000172e+04 1.026629017988070700e+03 5.242612780685445006e-01 1.196468641983301356e-01 3.560918577331254053e-01
5.769339066399999865e+04 1.069752486998095037e+03 5.671127228587847791e-01 4.912196052666272655e-02 3.837653166145525430e-01
5.759899903600000107e+04 1.163870042739750033e+03 5.966467973078209974e-01 4.449804015465318868e-02 3.588551625375258070e-01
5.758399705600000016e+04 1.187132276458799424e+03 6.222303058284631705e-01 2.626005818471458409e-03 3.751436883530654409e-01
5.756912264600000344e+04 8.998466407550944268e+02 5.086723503762493603e-01 5.497982580159196941e-02 4.363478238221586425e-01
5.756209713000000193e+04 1.089815804771273179e+03 5.501184066088669056e-01 1.019453262672869037e-01 3.479362671238461213e-01
5.755422095200000331e+04 4.799776064904484087e+02 3.066989184090769260e-01 1.357610079351747046e-01 5.575400736557483139e-01
5.807036465799999860e+04 1.067357434374961031e+03 5.394996135619344324e-01 1.116364573183189490e-01 3.488639291197467296e-01
5.754707267400000273e+04 1.145860138769150808e+03 5.869266039127118972e-01 5.481372905581530230e-02 3.582596670314726617e-01
5.753022185000000172e+04 1.149243303072579465e+03 5.943811197555317616e-01 4.036099618821588353e-02 3.652578840562523688e-01
5.752321772999999666e+04 3.422832333475952851e+02 2.158183706585509731e-01 2.413075349548453596e-01 5.428740943866036117e-01
5.751604474399999890e+04 1.197189103376170806e+03 6.082370941348261839e-01 3.929965272511640184e-02 3.524632531400574420e-01
5.806233470400000078e+04 1.039516786512182762e+03 5.544412319367049147e-01 5.710299817376143783e-02 3.884557698895335642e-01
5.805532922400000098e+04 1.047317702730918654e+03 5.526572761877541762e-01 6.711091436707299074e-02 3.802318094451727637e-01
5.795603018600000360e+04 1.130769482336173041e+03 5.757383610866856349e-01 7.026778082961442073e-02 3.539938580836998194e-01
5.794902591750000283e+04 9.067098904500403478e+02 5.135489680050723260e-01 4.840417742948177615e-02 4.380468545654459533e-01
5.794202174499999819e+04 nan nan nan nan
