5.792505632480319764e+04 4.451123414061280670e+01 4.474080625182248749e-02 9.546422636113296445e-01 6.169301368479152871e-04
5.816835790402779821e+04 2.628277568265895070e+01 2.671461190942537797e-02 9.726545427094372975e-01 6.308453811372143408e-04
5.819022696206020191e+04 2.324334648793247027e+01 2.363387614556731672e-02 9.757348173795161728e-01 6.313064749164548932e-04
5.771924999274309812e+04 3.019808032127843234e+01 2.825642283217335085e-02 9.712089594651283075e-01 5.346177026984763733e-04
5.753022130751160148e+04 3.265689700852736621e+01 3.023895540471789600e-02 9.692375027715173230e-01 5.235418237649237675e-04
5.789498804668980301e+04 4.326133141944907123e+01 4.249205965379609234e-02 9.569188479077612719e-01 5.890924384426390100e-04
5.813236809641199943e+04 2.742141392496769825e+01 2.786661029770648446e-02 9.715027863934988517e-01 6.306033087947031119e-04
5.787822578078699735e+04 4.744754218103430077e+01 4.545481499964824923e-02 9.539847825912235457e-01 5.604024091283441511e-04
5.831410207297449961e+04 2.177342679029291261e+01 2.076533342702009677e-02 9.786792844546579051e-01 5.553821183221280180e-04
5.779425399725689931e+04 2.361108507529933931e+01 2.292046908123475737e-02 9.765041138285563971e-01 5.754170902088829491e-04
5.832900795686340280e+04 2.199138554253211808e+01 2.077645566680631425e-02 9.786785331873298910e-01 5.450111458637468386e-04
5.774122955451389862e+04 2.954865959463140257e+01 2.728988687827467799e-02 9.721892836554956174e-01 5.208294662298945318e-04
5.824427891273149726e+04 1.742555652745912553e+01 1.116782036054323780e-02 9.885813775385139390e-01 2.508021009428194263e-04
5.809433617457179935e+04 3.375480687971148086e+01 3.214782263269289064e-02 9.672983179843069879e-01 5.538593830001192200e-04
5.822235129023149784e+04 2.566430478116707548e+01 2.464384506393287391e-02 9.747931326617831349e-01 5.630222742841159726e-04
5.758399652326390060e+04 2.353865635234436482e+01 2.293120423114458975e-02 9.764892896403981615e-01 5.795061284572436801e-04
5.830710000846059847e+04 2.143458345752971894e+01 2.091825169383457889e-02 9.785001966220379099e-01 5.815516841276198185e-04
5.773335891081020236e+04 2.638121479482988008e+01 2.425610356329756592e-02 9.752276938907296078e-01 5.162025459729531560e-04
5.777234237812500214e+04 2.612629601223479270e+01 2.526056255968039260e-02 9.741686189983880251e-01 5.708184419316924760e-04
5.830709796201389690e+04 2.137738831488797331e+01 2.078265594586731560e-02 9.786402315962910992e-01 5.771124578416638460e-04
5.776435706200230197e+04 3.106476168963390450e+01 2.970968888374313915e-02 9.697318051704464370e-01 5.585059458106239865e-04
5.812536396336810139e+04 2.939269842499198404e+01 2.798247718233134312e-02 9.714640949236102996e-01 5.534278940584906516e-04
5.830709591488430306e+04 2.218472745862089823e+01 2.187456281568387131e-02 9.775317766014172127e-01 5.936605828988333455e-04
5.822235540826390206e+04 2.533099080428098304e+01 2.423578366141044063e-02 9.752052605920007444e-01 5.589557465889616371e-04
5.817536914803239779e+04 2.534628146379579405e+01 2.573252027738534911e-02 9.736381129850417704e-01 6.293667375729274484e-04
5.832110642223380273e+04 nan nan nan nan
5.794902547202550340e+04 2.761507545902799166e+01 2.709099919066555381e-02 9.723213420367260440e-01 5.876587726083778995e-04
5.754707007224539848e+04 2.649874854995498197e+01 2.669743576664108595e-02 9.726827578880605785e-01 6.198063452982542718e-04
5.759101543976849644e+04 2.576479977122613008e+01 2.500055201209133021e-02 9.744245202021772911e-01 5.749277857315954893e-04
5.778635548760420352e+04 2.484564961180346288e+01 2.448067064504934678e-02 9.749265220381542196e-01 5.928073167964635105e-04
5.787822373693290137e+04 4.777466118675094009e+01 4.583358772489076055e-02 9.536044073493576967e-01 5.620049257515859122e-04
5.807035998547449708e+04 2.893769845155534171e+01 2.649388572927356689e-02 9.729942780808022995e-01 5.118361899243082649e-04
5.788727751406250172e+04 1.400508344964838514e+01 1.160442958186426628e-02 9.879763486370259917e-01 4.192217811097327250e-04
5.752321306202549749e+04 nan nan nan nan
5.817536505616900104e+04 2.520989488880387697e+01 2.561117716793296500e-02 9.737586137512890261e-01 6.302090807780243078e-04
5.813237014164349966e+04 2.529266447102689952e+01 2.398704415532986953e-02 9.754637540480378677e-01 5.492017966322676687e-04
5.780125822796300054e+04 2.242198581080305075e+01 2.035861648837526683e-02 9.791379802542010680e-01 5.034032574237074908e-04
5.815434747914350010e+04 7.877311067473565132e+00 5.956895724014337444e-03 9.936939224353672495e-01 3.491818406183939071e-04
5.786411054701390094e+04 2.930906285601146877e+01 2.948648325190589281e-02 9.698954864890738659e-01 6.180302590202255055e-04
5.832110846770829812e+04 nan nan nan nan
5.816835585621529754e+04 2.605616001086195155e+01 2.678810957262592329e-02 9.725664874658409564e-01 6.454029615331240621e-04
5.755422042105319997e+04 9.696321304986469158e+00 7.487301733327691132e-03 9.921486119814231230e-01 3.640862852492445911e-04
5.785705753340280353e+04 nan nan nan nan
5.824427684101850173e+04 1.650290376348658938e+01 1.040608352072593633e-02 9.893511316610366091e-01 2.427848182374482407e-04
5.793309119048609864e+04 3.841665685898654203e+01 3.911135291289669774e-02 9.602557484116268638e-01 6.328986754763522718e-04
5.777934957790510089e+04 2.660275094121388051e+01 2.798890094581844845e-02 9.713351931519332849e-01 6.759059022482612113e-04
5.812536191586810310e+04 2.882102533872796002e+01 2.680266259765131873e-02 9.726692513832456699e-01 5.280860191031885257e-04
5.776435913623840315e+04 3.088390114966706790e+01 3.003586580571556558e-02 9.693865920927258184e-01 5.775421015586718531e-04
5.827812482775459648e+04 1.843470725319305004e+01 1.823672387371871526e-02 9.811657061076738406e-01 5.975700186074887725e-04
5.819815355579859897e+04 2.428091587847613653e+01 2.520880567463176097e-02 9.741330183011914778e-01 6.581760241766751018e-04
5.759899435380790237e+04 2.641798121296268675e+01 2.485528228349332888e-02 9.746042051551070395e-01 5.405125613998004990e-04
5.759101953285880154e+04 2.230424817227012824e+01 2.089099183307914845e-02 9.785733218086103413e-01 5.356863583105633559e-04
5.791098384990740306e+04 3.540213691340014179e+01 3.407006518012904023e-02 9.653644061588732006e-01 5.655286609979802382e-04
5.770135341181710100e+04 3.050684603388648952e+01 2.914120039288149028e-02 9.703016293818249594e-01 5.571702252936893644e-04
5.808635755370370316e+04 3.099399364978384952e+01 2.844352267785548588e-02 9.710422213663252311e-01 5.142559558194441296e-04
5.811735835869210132e+04 2.998641614254678700e+01 2.996284083457454936e-02 9.694275036701049952e-01 6.096554953204851111e-04
5.776436118144680222e+04 3.167333766744229706e+01 3.128967955522692773e-02 9.681144083294873637e-01 5.959121152857959746e-04
5.755421627608800191e+04 nan nan nan nan
5.794201711207180051e+04 1.488498266299211714e+01 1.373070940579129012e-02 9.857497052037570429e-01 5.195853904517693661e-04
5.793308914398150227e+04 3.682061980474655627e+01 3.700405896720311560e-02 9.623792264968298316e-01 6.167145359671139838e-04
5.828621623447920138e+04 2.240061695046101775e+01 2.221914603232710839e-02 9.771800920251291211e-01 6.007619425438358437e-04
5.781718846579860110e+04 3.013056527474004298e+01 3.150233421952370466e-02 9.678301853209452243e-01 6.674804595309972652e-04
5.759101748648149805e+04 1.940362724766862357e+01 1.833784677415115083e-02 9.811167741411537246e-01 5.453790846951155286e-04
5.756209657984950172e+04 2.845351677460872253e+01 2.609525306585806087e-02 9.733911543216453577e-01 5.135926124967643515e-04
5.827812689575229888e+04 1.819348698345624271e+01 1.803709989015405205e-02 9.813627371650648357e-01 6.001629447811236738e-04
5.788727339337959711e+04 1.996510399023926752e+01 1.672064843616510518e-02 9.828510686747069514e-01 4.282828891279037795e-04
5.772634621746530320e+04 3.147551455688877908e+01 3.128877364035848041e-02 9.681078350497074325e-01 6.033913099340282001e-04
5.777934750718750001e+04 2.699997245481399943e+01 2.871300534640853011e-02 9.705964396011733664e-01 6.905550524180930098e-04
5.796499498196759669e+04 1.664994736447295054e+01 1.496003924502352887e-02 9.845470056352032540e-01 4.929551197733376229e-04
5.829517626560189819e+04 1.622494658182974803e+01 1.392698007749564038e-02 9.856231209481518540e-01 4.498989743525026058e-04
5.750803061267360317e+04 3.100117861758398519e+01 3.084892864069432514e-02 9.685464389716992306e-01 6.046323876064155179e-04
5.794902342686340126e+04 2.774793871174482973e+01 2.672875919342953405e-02 9.727046574809847801e-01 5.665833255857886420e-04
5.827022672664350102e+04 nan nan nan nan
5.770134931630789652e+04 2.934037529664238875e+01 2.771113916279277847e-02 9.717441762641914060e-01 5.446845730160233346e-04
5.806233414921299845e+04 2.835356782078646631e+01 2.565032554609155552e-02 9.738499415129618919e-01 4.997329409466696667e-04
5.813236604783560324e+04 2.744150799058411749e+01 2.822164127331141387e-02 9.711325316736052482e-01 6.458270530834320407e-04
5.791098589741899923e+04 3.304279202429474793e+01 3.199132301558613861e-02 9.674363047294464169e-01 5.723722549674610180e-04
5.790323971211809840e+04 3.033437444220228230e+01 2.936478363847995834e-02 9.700630119923722150e-01 5.722043691478455232e-04
5.774122674336809723e+04 2.615460584900213092e+01 2.366208033073535083e-02 9.758381416685872889e-01 4.997780006775308240e-04
5.823726035914350359e+04 nan nan nan nan
5.770135136431710271e+04 3.004997337200464358e+01 2.815678918313237883e-02 9.713071109232702671e-01 5.360998935974331959e-04
5.832900588675930339e+04 2.180223572604857196e+01 2.014377455389650476e-02 9.793349739814785071e-01 5.212514646250576396e-04
5.826023629657409765e+04 nan nan nan nan
5.815435159636569733e+04 1.242739214003638359e+01 1.007079519089364508e-02 9.895282133076460651e-01 4.009915014604437090e-04
5.771136096131939848e+04 8.711886454175427730e+00 6.469149327441139734e-03 9.931941549609381026e-01 3.366957116208356372e-04
5.805532454843750020e+04 2.914278123148899269e+01 2.720946982187899196e-02 9.722582432357202986e-01 5.322869424008688007e-04
5.771135891380789690e+04 nan nan nan nan
5.756209453456020128e+04 2.713450467203266925e+01 2.418927391561309648e-02 9.753254716483563680e-01 4.852544360305450707e-04
5.809433205741900019e+04 3.283446296126256669e+01 3.120289858380379672e-02 9.682456621469174296e-01 5.514392692787455997e-04
5.750803268356480112e+04 3.397076778457812196e+01 3.431861120854955149e-02 9.650582047407473274e-01 6.231840507031516808e-04
5.808635959826390172e+04 3.024804155398680905e+01 2.767213553497178957e-02 9.718168202505774733e-01 5.110442144508723110e-04
5.811735631356480008e+04 3.027878412250761642e+01 3.037654285520190178e-02 9.690088926399292868e-01 6.145645048688829805e-04
5.794902135501160228e+04 2.690566141479479612e+01 2.624649731694272264e-02 9.731724399701163764e-01 5.810627129410248209e-04
5.772634212504629977e+04 3.396783472498789536e+01 3.426638052999382567e-02 9.651122235675787531e-01 6.213959024273781138e-04
5.814031412269680004e+04 2.733046079816708485e+01 2.580459804156791381e-02 9.736510648594176587e-01 5.443370990144723916e-04
5.775723414351850079e+04 3.459226383304366692e+01 3.360564361776688380e-02 9.658180756340574158e-01 5.762807481757812895e-04
5.822936277232639986e+04 2.305385234882869483e+01 2.189723726540833415e-02 9.775518798502212947e-01 5.508828843704286025e-04
5.827022877195599722e+04 nan nan nan nan
5.831410002775459725e+04 2.236079345699346277e+01 2.183246218443447156e-02 9.775854363956932858e-01 5.821014198721710100e-04
5.751604420141199807e+04 3.708183087976288306e+01 3.653719042496108432e-02 9.628699994601421785e-01 5.928101148967157693e-04
5.816835994937500072e+04 2.575250247970496176e+01 2.611071939144580384e-02 9.732615599158671582e-01 6.277206926870819697e-04
5.778635136835650337e+04 2.451545607576220576e+01 2.375882787846330529e-02 9.756676664540274713e-01 5.735056675092613850e-04
5.807925724394679855e+04 2.912293611690875395e+01 2.752854568288295306e-02 9.719258675006596793e-01 5.455868164575140410e-04
5.809433412939820118e+04 3.216384472117768212e+01 3.018668847107656289e-02 9.692754596653271326e-01 5.378518635963849392e-04
5.781719258413190255e+04 2.970283115567604071e+01 3.035909873842207451e-02 9.690030055214585714e-01 6.378957401192917849e-04
5.827022465368059784e+04 nan nan nan nan
5.794201918894679693e+04 nan nan nan nan
5.820532913385419670e+04 2.622027938041102857e+01 2.611654082488425177e-02 9.732776660744207886e-01 6.057931006948736414e-04
5.827812278018520010e+04 1.683346625324130841e+01 1.687657260928455277e-02 9.825096808676698767e-01 6.137465230456337975e-04
5.793309323693290207e+04 3.846096803107259632e+01 3.815748971898132863e-02 9.612414931989401445e-01 6.010170820785666222e-04
5.832110434920139960e+04 nan nan nan nan
5.787822169053240214e+04 4.831336868288865105e+01 4.651482955332549019e-02 9.529191711736195725e-01 5.659992730550493555e-04
5.780936871119210264e+04 2.431675381924023682e+01 2.437209329273964595e-02 9.750145090494918287e-01 6.133976577684915931e-04
5.789498600013890245e+04 4.413969634809252796e+01 4.366781198649951484e-02 9.557345587887143834e-01 5.976292247860506878e-04
5.780125410884260054e+04 1.971792581679549627e+01 1.788026000722254052e-02 9.816176369553594183e-01 5.021030374181218239e-04
5.769339011508099793e+04 nan nan nan nan
5.756912005475690239e+04 2.596343916682143060e+01 2.517673094627797051e-02 9.742490972196504728e-01 5.741718340715343347e-04
5.795602759527780290e+04 3.559581784456990761e+01 3.421241458181364242e-02 9.652235100357091646e-01 5.640753824773631856e-04
5.774928569214120216e+04 3.344608153169622966e+01 3.384380705263244360e-02 9.655309690370643683e-01 6.252239103031640658e-04
5.819815560798609658e+04 2.515522538305529210e+01 2.564137807248027465e-02 9.737241769780745626e-01 6.344449494451561344e-04
5.775723621420140262e+04 3.502587137070068479e+01 3.406200751469568022e-02 9.653605214183447192e-01 5.774710669597505437e-04
5.786411259569440153e+04 2.961779609132972269e+01 2.970328824661555914e-02 9.696825663191753764e-01 6.141454342089670360e-04
5.807925519999999960e+04 2.862187584624120262e+01 2.666581743153947914e-02 9.728041759885056594e-01 5.300065799549944770e-04
5.785705548473379895e+04 1.125156181450520343e+01 9.002902406694955617e-03 9.906061602931425236e-01 3.909373001624597758e-04
5.771925203789350053e+04 3.106955751668839483e+01 2.980866057625770199e-02 9.696292797422063625e-01 5.620596815360301467e-04
5.820533327646990074e+04 2.643434607103474931e+01 2.663838499516924321e-02 9.727415370583633036e-01 6.200779464674617157e-04
5.751604011126160185e+04 3.054257140517641744e+01 3.067868672736858565e-02 9.687052433885630087e-01 6.160698840682895085e-04
5.814732800942129688e+04 2.715844257930890748e+01 2.753881906102824753e-02 9.718333415653332974e-01 6.278393736384749136e-04
5.756911800738429883e+04 2.669999508652485432e+01 2.572152227205785555e-02 9.737117967713502242e-01 5.666809565920344956e-04
5.815434955232639913e+04 9.417448974882651314e+00 7.455728020535648710e-03 9.921615519355240220e-01 3.827200439403832008e-04
5.751604215731479781e+04 3.645746678390437978e+01 3.687088915043466864e-02 9.625045685042624699e-01 6.245423453028490970e-04
5.807925312800930260e+04 2.799970867914226602e+01 2.582525380648229008e-02 9.736552889377219078e-01 5.194572557958917081e-04
5.808635550745369983e+04 3.161414087479278834e+01 2.965575786644484776e-02 9.698069345979707379e-01 5.373075355843750242e-04
5.758399242811340082e+04 2.107017554767976719e+01 2.049741573733721012e-02 9.789247150497502048e-01 5.778692129127052136e-04
5.814732594024309947e+04 2.766232665223195752e+01 2.815778114899373033e-02 9.712095344992736079e-01 6.326843517326778167e-04
5.773335479246530303e+04 2.797641922770512934e+01 2.670686844354082032e-02 9.727366774837722385e-01 5.564540726869795454e-04
5.774123162674769992e+04 3.032805777025360783e+01 2.760689561130267450e-02 9.718871474054345816e-01 5.059569832628939626e-04
5.780936665247679775e+04 2.504322914075094175e+01 2.557541215017939545e-02 9.737877450053444850e-01 6.368428444761084928e-04
5.779424990355320188e+04 2.287717247843934842e+01 2.209563823080647194e-02 9.773347538036006865e-01 5.696079655928310307e-04
5.795602964086810243e+04 3.587851825117959947e+01 3.429041668964812745e-02 9.651518274099767369e-01 5.577559003753326155e-04
5.822235336199070298e+04 2.640519209191345240e+01 2.597247355984434736e-02 9.734367602821039078e-01 5.907661580517460089e-04
5.818237350934030110e+04 2.108202004719810319e+01 1.687389854095917158e-02 9.827349237772353696e-01 3.911776818054570753e-04
5.825323209668979689e+04 2.421691486035704344e+01 2.410858647834131924e-02 9.752862489271810764e-01 6.051645944775674822e-04
5.824427479357639822e+04 1.648619553891413503e+01 1.034029459187035815e-02 9.894194945823759912e-01 2.402108257537329211e-04
5.826023422604169900e+04 nan nan nan nan
5.831410411701389967e+04 2.140826092333274033e+01 2.033768678060827312e-02 9.791112416875490387e-01 5.510715318428212849e-04
5.790323764157410187e+04 2.469907253142843828e+01 2.382494634552819249e-02 9.756068942271136635e-01 5.681594273581919586e-04
5.805532662721059751e+04 2.909994662135468246e+01 2.745055806276400570e-02 9.720060844986965209e-01 5.433574385396440064e-04
5.822936072609949770e+04 2.297703759273710844e+01 2.164338417488611763e-02 9.778148271625686228e-01 5.417886625452707867e-04
5.786411466642360028e+04 2.962552135884124738e+01 3.008704222754724975e-02 9.692831694075518811e-01 6.297883649009472897e-04
5.825322797965280188e+04 2.423328874506685437e+01 2.385174097340653568e-02 9.755567204115398461e-01 5.915386150537094200e-04
5.791804983322919725e+04 2.497939727617434258e+01 2.527979413330727620e-02 9.740948160558076108e-01 6.253898108852003071e-04
5.789499009097219823e+04 4.633851265291200860e+01 4.515712255761965971e-02 9.542630003040970532e-01 5.798771382834582702e-04
5.822935865428239777e+04 2.327763472850138982e+01 2.226815233353117082e-02 9.771730451992897137e-01 5.588024671792837100e-04
5.777234032824070164e+04 2.589999112436106543e+01 2.487151163256764996e-02 9.745654048976430950e-01 5.630834697893540410e-04
5.774928362151620240e+04 3.458009738289328538e+01 3.568843523822718550e-02 9.636611801830929913e-01 6.503845786797637744e-04
5.769338806991899764e+04 nan nan nan nan
5.779425195087960310e+04 2.296099026179014757e+01 2.251543746506660601e-02 9.768974150620909347e-01 5.871474728424356648e-04
5.792506044400460087e+04 4.578618584644898704e+01 4.548513425729971277e-02 9.539122538836722898e-01 6.026118590280568794e-04
5.796499702621530014e+04 nan nan nan nan
5.819815770527780114e+04 2.653582568877655845e+01 2.744066810745463339e-02 9.719063640456947484e-01 6.529678468506458803e-04
5.816135163695600204e+04 2.656861607533866732e+01 2.748129291581076841e-02 9.718654199554225270e-01 6.532871287667155061e-04
5.796499293421299808e+04 1.188849434848228626e+01 1.026419318408167830e-02 9.892806473605517681e-01 4.551594553666228377e-04
5.791804778619210265e+04 1.983452512928490918e+01 2.018660083178077519e-02 9.791809138889130404e-01 6.324852793062357053e-04
5.826023217620370269e+04 8.695007305660748642e+00 8.473213271131834270e-03 9.909469255706065960e-01 5.798611582617114448e-04
5.790323556789349823e+04 2.731774708961178888e+01 2.645190549005308617e-02 9.729755729968074807e-01 5.725215131395756333e-04
5.819023105809029948e+04 2.568652837044777115e+01 2.619780481360774876e-02 9.731670300874665225e-01 6.351650989257781946e-04
5.814031619839119958e+04 2.913569011314465840e+01 2.963592382214696661e-02 9.697323134989496163e-01 6.317626789033790576e-04
5.818237133792819805e+04 2.134514243535102906e+01 1.693326654350279376e-02 9.826824505909917962e-01 3.842828655054281823e-04
5.756209248620369908e+04 2.794112341542317424e+01 2.663323391463752465e-02 9.728119772338646998e-01 5.547888514978528739e-04
5.780937075761570304e+04 2.596672934069191996e+01 2.691701803684355687e-02 9.724268562854349041e-01 6.561256777215799434e-04
5.791805190278939699e+04 3.182516123753560677e+01 3.203772276263400220e-02 9.673434781019235595e-01 6.187991354423790554e-04
5.773335686430559872e+04 2.734222106690922871e+01 2.576928310274059775e-02 9.736883355588537015e-01 5.423813384058203844e-04
5.806233210521990259e+04 2.805100271360516473e+01 2.487233659351193935e-02 9.746475939917593756e-01 4.800694147288656305e-04
5.816135583026619861e+04 2.724989955633328265e+01 2.788521359110133352e-02 9.714753670439294497e-01 6.394193649691078986e-04
5.771924791943289893e+04 2.838194325396988305e+01 2.679703568265181732e-02 9.726586410485563716e-01 5.443232687918548619e-04
5.775723207074069796e+04 3.272582915185893171e+01 3.084216216187917955e-02 9.686154924385224074e-01 5.423453995985200301e-04
5.817536710152780142e+04 2.429939187984532722e+01 2.399667257975183349e-02 9.754078313671508127e-01 5.954960530973138098e-04
5.754707211745370296e+04 2.558612334164809710e+01 2.599532817122216996e-02 9.733743689708966862e-01 6.303028578811925272e-04
5.811735423478009761e+04 3.057901296497097476e+01 3.098687436165147024e-02 9.683861130471669298e-01 6.270125911816186665e-04
5.788727544106479763e+04 2.271163438113626043e+01 1.922855656984924499e-02 9.803337558352205328e-01 4.376875949303998380e-04
5.755421834906250297e+04 1.155853010541034820e+01 9.051194828723085201e-03 9.905743720525943541e-01 3.744331186826147049e-04
5.756912210134259658e+04 2.224133200931050069e+01 2.119622441662149040e-02 9.782491970212375820e-01 5.545785621410990931e-04
5.758399447690969828e+04 2.284204268662639237e+01 2.254773682055602815e-02 9.768572813781414288e-01 5.949818013025945504e-04
5.750802856400459859e+04 3.115833985210002055e+01 3.064852024517008069e-02 9.687606830726368523e-01 5.907966821930702491e-04
5.769131419668979652e+04 nan nan nan nan
5.753021926346060354e+04 3.139451041695566857e+01 2.853038613612448107e-02 9.709653294852638172e-01 5.042843786118644334e-04
5.806233003357639973e+04 2.686853203347819985e+01 2.340893614841148621e-02 9.761275709139609624e-01 4.634929376276809821e-04
5.820533120576389774e+04 2.650976262269788108e+01 2.682094566567869154e-02 9.725540196173436680e-01 6.250347169777273034e-04
5.769131833840280160e+04 nan nan nan nan
5.823726240335650073e+04 nan nan nan nan
5.772634417016200314e+04 3.141078831324390919e+01 3.138884197085587552e-02 9.680013957414107528e-01 6.097622877333364185e-04
5.825323005146990181e+04 2.473671850202110889e+01 2.444759622330957421e-02 9.749559788304238417e-01 5.964249462665724985e-04
5.829518035386569682e+04 1.728277373167492215e+01 1.484514520939276411e-02 9.847043393735965822e-01 4.505154170108069270e-04
5.771136301688660024e+04 1.639324529145824272e+01 1.231996002366990937e-02 9.873351692208756081e-01 3.448707554545611545e-04
5.794202124114579783e+04 1.476818354948341394e+01 1.385622797679518688e-02 9.856062410137643726e-01 5.375310094405797746e-04
5.805532867262729997e+04 2.993110376139105000e+01 2.826376707980482808e-02 9.711917524941706681e-01 5.444804260245557663e-04
5.752321513501159643e+04 1.266557378050451277e+01 1.194861731470244631e-02 9.875079406710413066e-01 5.434420142562867897e-04
5.769131626776619669e+04 nan nan nan nan
5.807036205874999723e+04 2.779536375117535485e+01 2.417186906906295535e-02 9.753663421388043542e-01 4.617887921327719510e-04
5.829517830981480074e+04 1.754770690231528363e+01 1.512412375892148789e-02 9.844222821932400169e-01 4.535940478386527247e-04
5.814732389353009785e+04 2.780412696442846254e+01 2.793726844521780134e-02 9.714462543798779715e-01 6.164771749041846006e-04
5.777934543577550357e+04 2.603138375286078343e+01 2.686428053289482976e-02 9.724854047769679877e-01 6.503146901371640318e-04
5.823725831040510093e+04 nan nan nan nan
5.832900381342590117e+04 2.237275618294362545e+01 2.119060995778908330e-02 9.782615981730904409e-01 5.477918691205121591e-04
5.778635344240740233e+04 2.526058314702685337e+01 2.549617319608478427e-02 9.738817687709967474e-01 6.220580329184203627e-04
5.753021721699069894e+04 3.263325534823528784e+01 3.065637066163793764e-02 9.688047539807805864e-01 5.388753575814648382e-04
5.759899642730320193e+04 2.740688494309311807e+01 2.582067374080866673e-02 9.736373460442978578e-01 5.419802148935354323e-04
5.816135376030090265e+04 2.729092636929671656e+01 2.822280190218708767e-02 9.711241707863158545e-01 6.530273114970743713e-04
5.781719053767360310e+04 3.002008164747637409e+01 3.111631370256568926e-02 9.682276615994924729e-01 6.560246979419051766e-04
5.759899847901619796e+04 2.776806061357712352e+01 2.662023388746473374e-02 9.728185885709856873e-01 5.611775415497510583e-04
5.795602554311339918e+04 3.684035186351921709e+01 3.579182073196721103e-02 9.636318274204012102e-01 5.763518476316013134e-04
5.785705957910879806e+04 nan nan nan nan
5.818236926697919989e+04 2.171366145840061890e+01 1.755757037449545699e-02 9.820431930179557289e-01 3.992366075488065899e-04
5.791098794153940253e+04 3.744259462471027433e+01 3.531827285287737761e-02 9.641384334228125796e-01 5.432937243102168700e-04
5.812536600854169956e+04 2.869699952901002504e+01 2.680748998339507055e-02 9.726596575637951325e-01 5.328524528099462228e-04
5.769338602006940346e+04 nan nan nan nan
5.754706797363430087e+04 2.453658599490666248e+01 2.501321416581009718e-02 9.743522175260528329e-01 6.345683081369623028e-04
5.752321720414349693e+04 8.338087649718660899e+00 7.848472237722753375e-03 9.916105181439883731e-01 5.410096182890334260e-04
5.792505839787040168e+04 4.620665731421662059e+01 4.679963806628999190e-02 9.525739737872839230e-01 6.263881464261243388e-04
5.777233828069439915e+04 2.564582122000756570e+01 2.375012398691611973e-02 9.757261957728400326e-01 5.236802402438380617e-04
5.814031824292820238e+04 2.818975056083599640e+01 2.805245309831335895e-02 9.713428651402095104e-01 6.046817614771202165e-04
5.774928157427079714e+04 3.194262741102986070e+01 3.217052932084458333e-02 9.672101112018181013e-01 6.193594773372803697e-04
5.780125618298610061e+04 2.130639551864422643e+01 1.930279229018927803e-02 9.801960343807814002e-01 5.011733290294363404e-04
5.819022900959489925e+04 2.601976677890093725e+01 2.697213075433147617e-02 9.723717370339078903e-01 6.561322117606342274e-04
5.807036410302080185e+04 2.558533352446944775e+01 2.069874805523825093e-02 9.789016076320553594e-01 3.996443127063793429e-04
