5.786411109399999987e+04 2.899404300849320748e+02 2.597904227357049067e-01 3.858912488107698463e-02 7.016204523832180184e-01
5.806233058400000300e+04 3.389930340316141155e+02 2.934391602086444673e-01 5.173151653708720626e-02 6.548293232542684583e-01
5.790323610400000325e+04 3.500093031870543996e+02 3.016328235824622950e-01 4.932704963543945581e-02 6.490401267820982145e-01
5.781718901400000323e+04 3.157049927299070191e+02 2.833506179666617775e-01 1.267160007524566548e-02 7.039777819580925744e-01
5.758399295800000255e+04 3.275608908160363626e+02 2.886747246284195323e-01 3.257978360480521390e-02 6.787454917667752330e-01
5.775723262200000318e+04 3.518139003846357014e+02 3.035486403031497082e-01 4.586625021824189408e-02 6.505851094786084809e-01
5.752321354799999972e+04 8.914308640630002856e+01 8.960583759735701870e-02 2.737363630890584862e-02 8.830205260937371570e-01
5.769338653799999884e+04 3.221052296847461776e+02 2.810577858180351440e-01 5.356302474932730928e-02 6.653791894326375189e-01
5.822235176399999909e+04 2.978477074723066380e+02 2.714703625791300978e-01 2.540960369679165845e-03 7.259886770511908560e-01
5.817536559999999736e+04 2.955451536698644190e+02 2.688524594867885975e-01 7.955116662359375604e-03 7.231924238508519176e-01
5.818236980000000040e+04 3.052109236220792923e+02 2.681926732857843887e-01 5.701956579746539355e-02 6.747877609167503010e-01
5.787822224200000346e+04 4.730889417754625015e+02 3.862608407586990422e-01 3.116757951533896676e-02 5.825715797259620743e-01
5.754706852200000139e+04 3.345559927606493602e+02 2.894726508756414463e-01 5.626643832844828441e-02 6.542609107959103110e-01
5.825322852599999896e+04 2.855564437877569048e+02 2.523474502239704265e-01 6.517646600055758410e-02 6.824760837754719756e-01
5.770134986000000208e+04 3.303970433645878302e+02 2.879156375281358149e-01 4.844562764254062293e-02 6.636387348293235622e-01
5.826023271999999997e+04 8.110387538531945495e+01 8.162457238516908353e-02 3.319429256439147824e-02 8.851811350504393827e-01
5.807925367800000095e+04 3.392072248363686526e+02 2.965685177409462248e-01 3.540538324760669764e-02 6.680260990114470498e-01
5.824427531799999997e+04 2.572590248559626502e+02 2.312179443664455492e-01 6.282975477629598737e-02 7.059523008572584635e-01
5.789498652399999992e+04 4.448967880584158365e+02 3.655298825102192839e-01 4.453974325474518298e-02 5.899303742350354707e-01
5.780125464600000123e+04 2.981483968909831219e+02 2.604445704678385320e-01 7.268849577908530202e-02 6.668669337530761521e-01
5.816135214599999745e+04 3.008251305521748122e+02 2.676625140210945886e-01 4.047401315991116383e-02 6.918634728189942962e-01
5.759899491000000125e+04 3.494942341690277203e+02 3.038948879700181238e-01 3.535037825686191543e-02 6.607547337731199955e-01
5.759101594399999885e+04 5.732017590162877241e+02 4.444275075731456415e-01 3.020843339436797559e-02 5.253640590324865078e-01
5.807036049600000115e+04 3.636722281860099883e+02 3.122513393673574944e-01 4.348762022735679772e-02 6.442610404052858675e-01
5.830709644200000184e+04 2.677723755074724181e+02 2.428826162993122650e-01 3.810752263640689030e-02 7.190098610642807753e-01
5.811735473800000182e+04 3.295789703396015966e+02 2.906124756855635871e-01 2.989755849601073365e-02 6.794899658184256896e-01
5.809433256599999731e+04 3.524895682767077005e+02 3.012702460409277250e-01 6.032888236558459766e-02 6.384008715934876843e-01
5.827812330800000200e+04 1.810848081519591801e+02 1.711300203042937784e-01 4.838977282592635959e-02 7.804802068697799244e-01
5.813236658400000306e+04 3.142596330582074984e+02 2.773100376120664068e-01 4.219093942377767636e-02 6.804990229641559862e-01
5.776435761199999979e+04 3.490112203041057342e+02 3.043816836937987547e-01 3.090898395436059848e-02 6.647093323518407093e-01
5.794201764199999889e+04 2.106273345828782340e+02 1.969884799931075070e-01 3.860264803460073529e-02 7.644088719722917924e-01
5.816835636199999863e+04 3.040247669952483420e+02 2.702808746862478406e-01 3.902425989609747958e-02 6.906948654176546798e-01
5.793308969999999681e+04 4.034523018056951287e+02 3.418465943604358515e-01 3.074310474388812497e-02 6.274103008956759542e-01
5.777233883400000195e+04 2.977741242756655424e+02 2.640466189208011683e-01 4.878869286332689764e-02 6.871646882158719549e-01
5.751604065599999740e+04 3.390245618241071384e+02 2.962623718486434576e-01 3.637145636249305980e-02 6.673661717888634826e-01
5.815434798400000000e+04 1.454223586554418830e+02 1.416304159114546157e-01 2.942744590549817296e-02 8.289421381830472946e-01
5.820532968200000323e+04 2.913461375521986270e+02 2.595061243839388854e-01 4.714755013285783225e-02 6.933463254832032963e-01
5.814732443000000058e+04 3.183192987795451359e+02 2.798132850133657756e-01 4.490615709949477563e-02 6.752805578871394765e-01
5.771924844599999778e+04 3.079055861268313947e+02 2.723192889346455203e-01 4.409150386445783582e-02 6.835892072008965537e-01
5.780936719199999789e+04 2.696677749235141164e+02 2.429276939120817436e-01 4.787108258635550118e-02 7.092012235015628940e-01
5.778635191399999894e+04 3.260454760765904894e+02 2.869945532518305975e-01 3.588726370147481831e-02 6.771181830466944662e-01
5.774122727999999915e+04 3.224060105633913622e+02 2.798732793866535729e-01 6.157462128701225029e-02 6.585520993263340728e-01
5.805532506200000353e+04 3.635732653579926250e+02 3.185824643150921842e-01 1.040076002276324463e-02 6.710167756621446822e-01
5.828621672599999874e+04 2.556937690701363408e+02 2.374795355743347103e-01 8.669288522882007478e-03 7.538511759027832770e-01
5.822935917999999947e+04 2.719294028462510937e+02 2.465780060083204994e-01 3.485070739971049547e-02 7.185712865919691161e-01
5.796499347000000125e+04 1.637572675776156927e+02 1.587001355195283014e-01 2.051950888976760215e-02 8.207803555907040582e-01
5.779425045400000090e+04 3.140298358214701580e+02 2.767030062012040270e-01 4.478199023519751493e-02 6.785150035635985066e-01
5.785705604199999652e+04 1.591350761794833204e+02 1.553622232125791980e-01 1.166166555722277474e-02 8.329761112301981019e-01
5.812536244599999918e+04 3.311995247430641029e+02 2.912198487660053736e-01 3.310793842751738603e-02 6.756722128064771571e-01
5.810934280600000056e+04 3.214610713518407579e+02 2.796149316730420220e-01 5.917802993599149963e-02 6.612070383909663951e-01
5.831410053799999878e+04 2.671278131863529666e+02 2.435281140616695761e-01 3.014266276182497178e-02 7.263292231765053897e-01
5.788727394199999981e+04 2.447940865510248329e+02 2.218597230845721913e-01 6.029869304510696026e-02 7.178415838703209317e-01
5.753021771799999988e+04 3.528252868361087735e+02 3.020743807969794581e-01 5.733303618051429490e-02 6.405925830225062123e-01
5.792505683999999746e+04 4.446691177963360246e+02 3.685950897423995731e-01 3.092472931837035588e-02 6.004801809392301681e-01
5.772634267800000089e+04 3.437555132420660016e+02 3.016199967821414085e-01 2.556689799834165056e-02 6.728131052195169826e-01
5.808635601399999723e+04 3.506531246752815036e+02 2.999213077772585057e-01 6.073742078644787934e-02 6.393412714362934901e-01
5.795602603000000090e+04 4.076472030452139848e+02 3.409542485609928231e-01 4.768605622657009352e-02 6.113596952124370487e-01
5.791098435800000152e+04 4.247986934474968166e+02 3.602329634523728230e-01 1.131218728669675100e-02 6.284548492609304260e-01
5.794902188600000227e+04 3.123373020458308815e+02 2.773152717320687688e-01 3.375743725941718343e-02 6.889272910085140200e-01
5.756911854999999923e+04 2.979090175517746957e+02 2.670194322586247337e-01 3.089190132243343698e-02 7.020886664189418536e-01
5.819815408200000093e+04 2.960029468097060885e+02 2.653575453947520923e-01 3.230741196160745454e-02 7.023350426436404392e-01
5.773335532799999783e+04 3.322271669794149034e+02 2.974344898482590982e-01 2.101392353395037729e-03 7.004641177983458311e-01
5.774928212199999689e+04 3.318557012205458818e+02 2.901548648960516896e-01 4.175559618258519595e-02 6.680895389213631352e-01
5.814031465800000296e+04 3.338282821356043542e+02 2.911878999422115588e-01 4.388517692665482028e-02 6.649269231311337736e-01
5.819022746599999664e+04 2.831072575339151740e+02 2.551827731710895053e-01 3.479127179658399183e-02 7.100259550323264612e-01
5.791804831600000034e+04 2.108985484332916087e+02 1.994259220993183923e-01 1.914501211182693952e-02 7.814290657888547376e-01
5.756209302400000161e+04 3.294060602222238003e+02 2.880924174765108758e-01 4.344975855777163248e-02 6.684578239657175125e-01
5.829517675400000007e+04 2.591681811749996882e+02 2.393487699801160051e-01 1.528010800137934687e-02 7.453711220185047504e-01
