5.755422095200000331e+04 2.754453487965365639e+02 1.931613084220432652e-01 1.353125229737480451e-01 6.715261686042087730e-01
5.756209713000000193e+04 7.113337511958345658e+02 4.286173146264888323e-01 7.560595186070322160e-02 4.957767335128080433e-01
5.770135396400000172e+04 6.590339207099606256e+02 3.907697327001218301e-01 1.291433742345683422e-01 4.800868930653097721e-01
5.772634675399999833e+04 7.025061733459594961e+02 4.211504343450238608e-01 8.809113779997305993e-02 4.907584278550031209e-01
5.756912264600000344e+04 5.573637195646667806e+02 3.567300098749171533e-01 8.390478132066295225e-02 5.593652088044197557e-01
5.788727804399999877e+04 4.164530189624412628e+02 2.765435578618390955e-01 1.213287333257090372e-01 6.021277088124517007e-01
5.754707267400000273e+04 7.343057292237798492e+02 4.453173178884842209e-01 5.248016322376947845e-02 5.022025188877462520e-01
5.774123215599999821e+04 6.384646316289205288e+02 3.625246135607115283e-01 1.972299538154704546e-01 4.402454326238180449e-01
5.792506100400000287e+04 9.834432644874233347e+02 5.091629658715742801e-01 1.248138916016354322e-01 3.660231425267902461e-01
5.751604474399999890e+04 7.627079066472047089e+02 4.605468989540424385e-01 4.157298932841482081e-02 4.978801117175427615e-01
5.781719312199999695e+04 6.753940156497540102e+02 3.914137237446254081e-01 1.499681328828240123e-01 4.586181433725505241e-01
5.794902591750000283e+04 7.709456505811629086e+02 4.596794936587562108e-01 5.485733802027002032e-02 4.854631683209737480e-01
5.791805243000000337e+04 7.715132879939953909e+02 4.453520738660958767e-01 9.964552569591875186e-02 4.550024004379852327e-01
5.771136364332999801e+04 4.043209756797405703e+02 2.178272781687200232e-01 3.858348845719539733e-01 3.963378372593260868e-01
5.780125876599999901e+04 7.053807469747831647e+02 4.397738458227490876e-01 2.945765187762901596e-02 5.307685022996220248e-01
5.776436173199999757e+04 6.988659406051751830e+02 3.920236194378231009e-01 1.783110939457974720e-01 4.296652866163793716e-01
5.752321772999999666e+04 2.026976347310232143e+02 1.380433691958442843e-01 2.286306713595152307e-01 6.333259594446404295e-01
5.786411510249999992e+04 6.494238608425417851e+02 3.732496988516318948e-01 1.756885514913921753e-01 4.510617496569760410e-01
5.773335945999999967e+04 7.108509505592346613e+02 4.379354430883448668e-01 4.379387280685557993e-02 5.182706841047995949e-01
5.790324025799999799e+04 9.081069980719828436e+02 5.240722349676281144e-01 2.114729199618279112e-02 4.547804730361890702e-01
5.771925258400000166e+04 6.317373930967816023e+02 3.799288096257995018e-01 1.261873270733638031e-01 4.938838633008367784e-01
5.753022185000000172e+04 7.500964304848763504e+02 4.598502009548963154e-01 2.694333914476764597e-02 5.132064599003360872e-01
5.774928621600000042e+04 7.176105393448697214e+02 4.374690952066342398e-01 5.506053511058202343e-02 5.074703696827836952e-01
5.780937131200000294e+04 5.963273079397514493e+02 3.454877847002623126e-01 1.961703278349353763e-01 4.583418874648022556e-01
5.759899903600000107e+04 7.366385186784921189e+02 4.437581223735654334e-01 6.070345657838596698e-02 4.955384210480486828e-01
5.787822632400000293e+04 1.014804253911176147e+03 5.353783392858488810e-01 8.456304254306636070e-02 3.800586181710847722e-01
5.793309379199999967e+04 9.874862827767849467e+02 5.482931133510876576e-01 3.073122341600242197e-02 4.209756632329100245e-01
5.779425455399999919e+04 7.233903313558322452e+02 4.393599031927876708e-01 5.692033327871967585e-02 5.037197635284926811e-01
5.769339066399999865e+04 6.800245514592437530e+02 4.250095956518202267e-01 4.160412944263267021e-02 5.333862749055471308e-01
5.778635604199999943e+04 7.114047380247344563e+02 4.227651462356687428e-01 9.500022238226671356e-02 4.822346313820645158e-01
5.758399705600000016e+04 7.391705579837594087e+02 4.589947434703205986e-01 1.447945942050236912e-02 5.265257971091770184e-01
5.789499064199999702e+04 1.030092605372054777e+03 5.663628090217919242e-01 2.084595730071346978e-02 4.127912336774945956e-01
5.775723675499999808e+04 5.919943439790924913e+02 2.915821325348052495e-01 3.771492831934178946e-01 3.312685842717768558e-01
5.777234281500000361e+04 6.749432047100513046e+02 4.224703776598312532e-01 4.253228807414859841e-02 5.349973342660201414e-01
