5.830710000846059847e+04 1.147949442116927798e+02 5.116510279925786664e-01 4.864081316790467846e-01 1.940840328374521468e-03
5.796499702621530014e+04 3.877304971089657215e+01 1.424106406973995043e-01 8.562713678766729064e-01 1.317991425927533388e-03
5.818236926697919989e+04 7.821545558893920713e+01 2.080245771432634727e-01 7.912843373813644998e-01 6.910854753718894501e-04
5.775723621420140262e+04 1.704391097111487738e+02 6.464409102388023465e-01 3.521536676543781108e-01 1.405422106819305492e-03
5.791098794153940253e+04 1.429938418066734584e+02 4.544358998752955903e-01 5.445773703689803513e-01 9.867297557240382443e-04
5.794201711207180051e+04 2.669712336833731925e+01 1.061404318168882172e-01 8.923153082914015988e-01 1.544259891710186025e-03
5.756209248620369908e+04 1.497914148138100359e+02 4.455610135377843783e-01 5.535745598092129960e-01 8.644266530025109582e-04
5.781719258413190255e+04 1.361479485950477226e+02 5.814929973579635591e-01 4.167248110004821426e-01 1.782191641554332472e-03
5.828621623447920138e+04 6.973101997574059396e+01 3.656649575826612653e-01 6.316484469435711402e-01 2.686595473767552488e-03
5.790323764157410187e+04 7.225390167855719881e+01 3.611193292407657296e-01 6.364402399961359702e-01 2.440430763098230815e-03
5.814031412269680004e+04 1.828598305833975530e+02 6.703488445814986818e-01 3.283381916780823140e-01 1.312963740418871938e-03
5.827022877195599722e+04 nan nan nan nan
5.819815560798609658e+04 1.302464709711015303e+02 5.782401387582597474e-01 4.198342342330835253e-01 1.925627008656838335e-03
5.773335479246530303e+04 1.711343283127467316e+02 5.743815750291042521e-01 4.245178633612343155e-01 1.100561609661374453e-03
5.777934957790510089e+04 1.122974841998001949e+02 5.048405443159013073e-01 4.931849607345387687e-01 1.974494949559986445e-03
5.772634212504629977e+04 1.763317306786175038e+02 6.580458977656975517e-01 3.405934753108373347e-01 1.360626923465073270e-03
5.750803061267360317e+04 1.865922986937154917e+02 6.634030544178473043e-01 3.353619792102655039e-01 1.234966371887229663e-03
5.792505839787040168e+04 2.293574291058615415e+02 7.515134646568282228e-01 2.474376318378927186e-01 1.048903505278904556e-03
5.829517626560189819e+04 3.461325474912474931e+01 1.007635333863028532e-01 8.984085062872820826e-01 8.279603264150301855e-04
5.805532662721059751e+04 1.451054249622642942e+02 5.809001137070225473e-01 4.175341332931282734e-01 1.565752999849231086e-03
5.751604420141199807e+04 2.167031244308109308e+02 7.163491057668932571e-01 2.825832987480975667e-01 1.067595485009137412e-03
5.778635344240740233e+04 1.503560004408157624e+02 5.724292853348696974e-01 4.261546281505178557e-01 1.416086514612403466e-03
5.808635959826390172e+04 9.102820181323109239e+01 2.607708990330083743e-01 7.384273233103142431e-01 8.017776566774188676e-04
5.814031619839119958e+04 1.788040623925056423e+02 6.524490897408369294e-01 3.462500635454716646e-01 1.300846713691243290e-03
5.750802856400459859e+04 1.967458650185768079e+02 7.013173098226084257e-01 2.974413079666895499e-01 1.241382210701868138e-03
5.759101953285880154e+04 1.126145754052293455e+02 4.438386911002306645e-01 5.546437388805380841e-01 1.517570019231306204e-03
5.777934750718750001e+04 1.134143503861021856e+02 4.982261790193349693e-01 4.998884157990797772e-01 1.885405181585279736e-03
5.825323209668979689e+04 1.406606739265005217e+02 5.902104782095841662e-01 4.080694123814390672e-01 1.720109408976715605e-03
5.778635136835650337e+04 1.485861309574228244e+02 6.241789056319398954e-01 3.740970467583974446e-01 1.724047609662619253e-03
5.775723414351850079e+04 1.659507032075216557e+02 6.510506047255204543e-01 3.474457031418397013e-01 1.503692132639934459e-03
5.832110434920139960e+04 nan nan nan nan
5.812536396336810139e+04 1.610032896697784111e+02 4.941374314346435592e-01 5.049423020172643106e-01 9.202665480919452979e-04
5.770135136431710271e+04 2.050115372296967848e+02 6.807804453152815904e-01 3.181422335760369924e-01 1.077321108681396139e-03
5.781719053767360310e+04 1.230475655801786274e+02 5.106201147731779244e-01 4.876974536363390400e-01 1.682431590483111482e-03
5.813236809641199943e+04 1.275532155447410361e+02 5.415584135794893061e-01 4.566804401791039192e-01 1.761146241406752119e-03
5.752321720414349693e+04 5.921434068917059079e+01 2.655817803362068297e-01 7.324529127229372216e-01 1.965306940855900564e-03
5.823726035914350359e+04 nan nan nan nan
5.825323005146990181e+04 1.548326618938396564e+02 6.374945104537760310e-01 3.608492796836685890e-01 1.656209862555369427e-03
5.807036205874999723e+04 9.810752749985677212e+01 3.161899261694208763e-01 6.827952771800912535e-01 1.014796650487842294e-03
5.791804983322919725e+04 1.326104633590124990e+02 5.555391106050564520e-01 4.427462953081220953e-01 1.714594086821471077e-03
5.755422042105319997e+04 3.537743231315526060e+01 1.079491734579853535e-01 8.911411779457145688e-01 9.096485963000664962e-04
5.780937075761570304e+04 1.364789247891257560e+02 5.848338753644390930e-01 4.133721285781866150e-01 1.793996057374256563e-03
5.808635550745369983e+04 1.135750885555877403e+02 3.900889281743724069e-01 6.087585511953259587e-01 1.152520630301547477e-03
5.780125822796300054e+04 9.775893279301403993e+01 3.659225011737182731e-01 6.327086579796910026e-01 1.368840846590677627e-03
5.787822373693290137e+04 2.485333377038400045e+02 7.134538217831878359e-01 2.857410777819873182e-01 8.051004348247172478e-04
5.754706797363430087e+04 1.209437234406294976e+02 5.514789759463711860e-01 4.464897015516247070e-01 2.031322502004134344e-03
5.822235540826390206e+04 9.973090274433417335e+01 4.707594607276490706e-01 5.270637006149061499e-01 2.176838657444799506e-03
5.792505632480319764e+04 2.069284547462343653e+02 6.980635449692464967e-01 3.008246282881298361e-01 1.111826742623586326e-03
5.772634417016200314e+04 1.524094296639587185e+02 6.051481058895126219e-01 3.933116579716504635e-01 1.540236138836960323e-03
5.817536914803239779e+04 1.382759815718084440e+02 5.879370251215942922e-01 4.102967103409049243e-01 1.766264537500706515e-03
5.790323971211809840e+04 9.152985852739425354e+01 4.319921767487077680e-01 5.658315480664214414e-01 2.176275184870851351e-03
5.827022465368059784e+04 nan nan nan nan
5.807925519999999960e+04 1.010799136578306729e+02 4.442265711649768245e-01 5.538864502653942923e-01 1.886978569628909022e-03
5.806233003357639973e+04 8.140480742075438059e+01 2.086570919940547997e-01 7.907010280373039102e-01 6.418799686412268377e-04
5.831410411701389967e+04 7.732545074975163857e+01 3.935311248189894417e-01 6.039384069952762335e-01 2.530468185734397607e-03
5.774928569214120216e+04 1.457362516399930144e+02 5.813472045939247490e-01 4.170981776814206565e-01 1.554617724654660171e-03
5.779425195087960310e+04 9.579365441115561453e+01 3.116276366379158169e-01 6.873384454063955484e-01 1.033917955688568513e-03
5.795602964086810243e+04 2.120244584080934658e+02 7.233914145930849804e-01 2.754713184956942285e-01 1.137266911220756026e-03
5.769131419668979652e+04 nan nan nan nan
5.785705753340280353e+04 nan nan nan nan
5.807036410302080185e+04 8.408187034329503717e+01 2.344472303592130824e-01 7.647931903527078745e-01 7.595792880789807274e-04
5.820533327646990074e+04 1.309907750167193115e+02 5.509176342067440002e-01 4.473542232862840473e-01 1.728142506972005612e-03
5.786411054701390094e+04 1.469524111028675577e+02 5.737056993280565953e-01 4.248052395501000222e-01 1.489061121843435155e-03
5.774123162674769992e+04 1.497559000516502579e+02 4.595038460003962877e-01 5.395763441696991292e-01 9.198098299045714445e-04
5.771136301688660024e+04 6.048149415004242968e+01 1.612633669917030443e-01 8.380420661585563646e-01 6.945668497405462416e-04
5.807925724394679855e+04 1.013540461993730162e+02 4.633185224250104817e-01 5.346399052421302311e-01 2.041572332859350070e-03
5.759101543976849644e+04 1.165521092167619912e+02 4.733469285218100397e-01 5.250416598969663839e-01 1.611411581223638756e-03
5.819815355579859897e+04 1.102949595381219723e+02 5.098189290688658337e-01 4.880936587685022476e-01 2.087412162631926017e-03
5.774122955451389862e+04 1.450680340091917344e+02 4.542991225902524577e-01 5.447427396109875142e-01 9.581377987598799261e-04
5.812536600854169956e+04 1.504494389379833308e+02 4.714702826641661293e-01 5.275702832777848794e-01 9.594340580489576793e-04
5.780936665247679775e+04 1.273491727187965381e+02 5.602942318929851062e-01 4.378146107121936859e-01 1.891157394821229394e-03
5.774928362151620240e+04 1.424981810169537368e+02 5.522991624596028659e-01 4.462332035673194919e-01 1.467633973077508416e-03
5.770135341181710100e+04 2.107557570574570605e+02 6.815601272783217146e-01 3.174181405097370456e-01 1.021732211941213950e-03
5.795602554311339918e+04 2.065392337381813661e+02 7.264819776753694835e-01 2.723092842697286686e-01 1.208738054901798385e-03
5.780936871119210264e+04 1.236519264334651353e+02 5.388488680221262817e-01 4.592958077991517452e-01 1.855324178721887325e-03
5.771136096131939848e+04 3.907878146548320331e+01 1.129415181200310592e-01 8.862424392556088604e-01 8.160426243600437052e-04
5.805532867262729997e+04 1.520986442461465344e+02 5.963232720379374463e-01 4.021749682153612504e-01 1.501759746701284218e-03
5.809433617457179935e+04 1.751258887717916366e+02 5.722120274138284834e-01 4.267449327686018146e-01 1.043039817569606361e-03
5.786411259569440153e+04 1.475622627251162555e+02 5.758078077605759404e-01 4.227045718743810965e-01 1.487620365042790745e-03
5.819023105809029948e+04 1.414684386256185746e+02 5.745500499718345644e-01 4.238384725461790126e-01 1.611477481986504576e-03
5.788727751406250172e+04 4.028803348275226881e+01 1.198530597016508881e-01 8.792823034486992873e-01 8.646368496496946833e-04
5.826023217620370269e+04 6.640955360992995793e+01 3.527091061143598494e-01 6.445350167552993392e-01 2.755877130340964910e-03
5.781718846579860110e+04 1.257976440988782798e+02 5.400020835940536612e-01 4.581976636529443425e-01 1.800252753001964183e-03
5.769338602006940346e+04 nan nan nan nan
5.776435706200230197e+04 1.824848717092260983e+02 5.791919562386168563e-01 4.198238537823263394e-01 9.841899790567385734e-04
5.820532913385419670e+04 1.314907833186114203e+02 5.638162657163987568e-01 4.343874618509930841e-01 1.796272432608252189e-03
5.758399447690969828e+04 9.453868083808596623e+01 3.808011179435853433e-01 6.176137517050803716e-01 1.585130351334331769e-03
5.780125410884260054e+04 7.796717712115578536e+01 3.114145592745203861e-01 6.870268150248015626e-01 1.558625700678044996e-03
5.811735631356480008e+04 2.004332012378054344e+02 6.620743759689993180e-01 3.368596125987261547e-01 1.066011432274449697e-03
5.785705548473379895e+04 5.731080520501944164e+01 2.092836116162827831e-01 7.894135664830421728e-01 1.302821900674947615e-03
5.758399242811340082e+04 8.003339911086722225e+01 3.184995760150844402e-01 6.799531656856533379e-01 1.547258299262218228e-03
5.753021721699069894e+04 1.404753197948255377e+02 3.631597330968345250e-01 6.361873123631069937e-01 6.529545400584346824e-04
5.787822578078699735e+04 2.390206107329753991e+02 6.852728198581562458e-01 3.139241276425055460e-01 8.030524993381426202e-04
5.756911800738429883e+04 1.246014809839769413e+02 5.370159692695644083e-01 4.611692856789397221e-01 1.814745051496022060e-03
5.794902135501160228e+04 1.003437540790116032e+02 4.436457671205766840e-01 5.544444692288222898e-01 1.909763650601063343e-03
5.793309323693290207e+04 1.301309127275997071e+02 5.589055087468784988e-01 4.392922892964252202e-01 1.802201956696233972e-03
5.759101748648149805e+04 8.824321300695496006e+01 3.320834168549156584e-01 6.665329550221524846e-01 1.383628122931685259e-03
5.771924791943289893e+04 1.032345708644109692e+02 4.806684750245281412e-01 5.172135121099055155e-01 2.118012865566347609e-03
5.778635548760420352e+04 1.545796159585035241e+02 6.258747150839570894e-01 3.725236704095051810e-01 1.601614506537681710e-03
5.816135163695600204e+04 1.315226404627694023e+02 5.458737743956393329e-01 4.524432762392166518e-01 1.682949365144036959e-03
5.819022900959489925e+04 1.357437391479008397e+02 5.584546729835322409e-01 4.398917521175665368e-01 1.653574898901192299e-03
5.776435913623840315e+04 1.716705981421143576e+02 5.604447050997630742e-01 4.385140297615558458e-01 1.041265138680992674e-03
5.816835585621529754e+04 1.197352123808081785e+02 5.498154788707730889e-01 4.481244710636110851e-01 2.060050065615919284e-03
5.769338806991899764e+04 nan nan nan nan
5.772634621746530320e+04 1.405473474894132835e+02 5.840264815358131578e-01 4.142865483046914710e-01 1.686970159495275370e-03
5.811735835869210132e+04 2.045401814491664254e+02 6.866163189207639128e-01 3.122827538915092238e-01 1.100927187726856221e-03
5.785705957910879806e+04 nan nan nan nan
5.819022696206020191e+04 1.088126453739689055e+02 4.858860112351571225e-01 5.121659496064038253e-01 1.948039158439082751e-03
5.822935865428239777e+04 7.684593360138222806e+01 3.800864990209030791e-01 6.175234303627274990e-01 2.390070616369501660e-03
5.793309119048609864e+04 1.196515551317617678e+02 5.056227090583376160e-01 4.926326579714068177e-01 1.744632970255506664e-03
5.826023422604169900e+04 1.108665601175217574e+01 6.587970600451439895e-02 9.306705268038732992e-01 3.449767191612380761e-03
5.752321306202549749e+04 4.815062959399834597e+01 2.166719590052389732e-01 7.813497548562465811e-01 1.978286138514502492e-03
5.750803268356480112e+04 2.142591387999891026e+02 7.437015472199427490e-01 2.551213719457210427e-01 1.177080834336033475e-03
5.751604011126160185e+04 1.754991610109580904e+02 6.540003222347093859e-01 3.446429476544811132e-01 1.356730110809339571e-03
5.829517830981480074e+04 4.568087109560551085e+01 1.342894126736310645e-01 8.648662763734420444e-01 8.443109529268766475e-04
5.814031824292820238e+04 1.773497432567960175e+02 6.396033859267725719e-01 3.591258995065651494e-01 1.270714566662230639e-03
5.754707211745370296e+04 1.229728794418960689e+02 5.330084460449464601e-01 4.651561269149081523e-01 1.835427040145535919e-03
5.775723207074069796e+04 1.503086315167123530e+02 5.887680549958894671e-01 4.097329221183119707e-01 1.499022885798702428e-03
5.832900381342590117e+04 1.027509519859337388e+02 4.321878932226514425e-01 5.660836396929422865e-01 1.728467084406224655e-03
5.787822169053240214e+04 2.524001378207634332e+02 7.282647949338029170e-01 2.709218370601971793e-01 8.133680059998505416e-04
5.827812689575229888e+04 1.034963232290242132e+02 4.771625878987119651e-01 5.207607274359516980e-01 2.076684665336357271e-03
5.817536505616900104e+04 1.235933653322121302e+02 5.487611174928325175e-01 4.493128483878083834e-01 1.926034119359254547e-03
5.812536191586810310e+04 1.735009705371170980e+02 5.512640034172056058e-01 4.477497101007383851e-01 9.862864820559071911e-04
5.796499498196759669e+04 1.293013124646548420e+02 4.600582434088272832e-01 5.387049340385332563e-01 1.236822552639489778e-03
5.806233210521990259e+04 8.236078366968774844e+01 1.976607153494898406e-01 8.017765710483292230e-01 5.627136021810094342e-04
5.753022130751160148e+04 1.274874717833398705e+02 3.124245965474418685e-01 6.869886670330128675e-01 5.867364195452765864e-04
5.822936072609949770e+04 7.671360093998151797e+01 3.877470501575197015e-01 6.097569767720066869e-01 2.495973070473648039e-03
5.791098384990740306e+04 1.198606960526969942e+02 3.949522744219876591e-01 6.039869505780812720e-01 1.060774999931148955e-03
5.826023629657409765e+04 1.053655372352462116e+01 6.700932016999384955e-02 9.290391898919025948e-01 3.951489938103556511e-03
5.759899642730320193e+04 1.805161166647099549e+02 6.809860625668930911e-01 3.176235619188705894e-01 1.390375514236301445e-03
5.830709591488430306e+04 1.187158095377468072e+02 5.213796068005684958e-01 4.767359693502528084e-01 1.884423849178727423e-03
5.769131626776619669e+04 nan nan nan nan
5.794902342686340126e+04 1.085115642434402616e+02 5.004743265054176771e-01 4.974474168017342102e-01 2.078256692848177382e-03
5.756209657984950172e+04 1.648822323823883949e+02 4.992847693534206988e-01 4.998193780703776290e-01 8.958525762015530922e-04
5.776436118144680222e+04 1.737728514111502705e+02 5.779516717008644777e-01 4.209676241423299103e-01 1.080704156805550355e-03
5.770134931630789652e+04 2.009291443423590806e+02 6.736102595623922884e-01 3.252916979499453354e-01 1.098042487662342611e-03
5.811735423478009761e+04 1.992673074809275988e+02 6.796350417443202119e-01 3.192284645133457444e-01 1.136493742333905205e-03
5.815435159636569733e+04 5.556951322208928445e+01 1.718236965224266277e-01 8.272422310353704233e-01 9.340724422028691409e-04
5.788727544106479763e+04 7.567846641431027876e+01 2.372875923848075663e-01 7.617519171841227177e-01 9.604904310696441060e-04
5.756912210134259658e+04 1.018332857686285280e+02 4.592077679235813115e-01 5.388055582681647859e-01 1.986673808253885259e-03
5.779424990355320188e+04 9.039678998535532628e+01 2.863419109384746086e-01 7.126778061126203268e-01 9.802829489050780658e-04
5.774122674336809723e+04 1.164857957650374374e+02 4.104771076866254309e-01 5.883097281590748961e-01 1.213164154299518124e-03
5.769131833840280160e+04 nan nan nan nan
5.753021926346060354e+04 1.312141440932730632e+02 3.317046217282863529e-01 6.676710264690814967e-01 6.243518026321358706e-04
5.786411466642360028e+04 1.558856177881625058e+02 6.325221843951083223e-01 3.658692934182397050e-01 1.608522186652052571e-03
5.827812482775459648e+04 1.051022772876376052e+02 4.809332588142147258e-01 5.170210833238648718e-01 2.045657861920333487e-03
5.829518035386569682e+04 4.511692066067417528e+01 1.313040981819380837e-01 8.678684069860876926e-01 8.274948319742101354e-04
5.807925312800930260e+04 1.045703666851909475e+02 4.989644950801650491e-01 4.988111214778778169e-01 2.224383441957063310e-03
5.755421627608800191e+04 nan nan nan nan
5.818237350934030110e+04 8.716203465515364712e+01 2.675721057291667870e-01 7.315072018202855020e-01 9.206924505476278249e-04
5.823725831040510093e+04 nan nan nan nan
5.813236604783560324e+04 1.334299157886170235e+02 5.731744140572813118e-01 4.250227558618217549e-01 1.802830080896918995e-03
5.774928157427079714e+04 1.362150051635403258e+02 5.941949512383721821e-01 4.039459791982721870e-01 1.859069563355684671e-03
5.809433205741900019e+04 1.577683611003343742e+02 5.080113796409652105e-01 4.909756547951425465e-01 1.012965563892169072e-03
5.813237014164349966e+04 1.143541458593438733e+02 4.379188743736092682e-01 5.606483732842646450e-01 1.432752342125991844e-03
5.816835994937500072e+04 1.212434004689886251e+02 5.412149960857003395e-01 4.568382500080154229e-01 1.946753906284156514e-03
5.815434747914350010e+04 3.428061293588228864e+01 1.039528926149367455e-01 8.951487200340847439e-01 8.983873509783524497e-04
5.832110846770829812e+04 nan nan nan nan
5.823726240335650073e+04 nan nan nan nan
5.830709796201389690e+04 1.151368235574554149e+02 5.118934044755282242e-01 4.861754357414657668e-01 1.931159783006018097e-03
5.791098589741899923e+04 1.179983307066074474e+02 3.912566130264795716e-01 6.076692509459666880e-01 1.074136027553755776e-03
5.824427891273149726e+04 4.057887469853088191e+01 5.219674813584063849e-02 9.476416023051704718e-01 1.616495589888107347e-04
5.777234032824070164e+04 9.964287298255634084e+01 3.713078790095313275e-01 6.273354845570768834e-01 1.356636433391799051e-03
5.822936277232639986e+04 8.009493174235450397e+01 3.815876465074314883e-01 6.161948405157702258e-01 2.217512976798355784e-03
5.832900588675930339e+04 1.041454845671940745e+02 4.270183021654949118e-01 5.713392192442585671e-01 1.642478590246484668e-03
5.779425399725689931e+04 9.874515630009196343e+01 3.296056705124894015e-01 6.693057870260794573e-01 1.088542461431058579e-03
5.805532454843750020e+04 1.458142113182134665e+02 5.820663653923680014e-01 4.163768342211883744e-01 1.556800386443697466e-03
5.777934543577550357e+04 1.092611471517428754e+02 4.866887579248909690e-01 5.113727735866906432e-01 1.938468488418286549e-03
5.791805190278939699e+04 1.620008858497859876e+02 6.252230332304025140e-01 3.733217664288496773e-01 1.455200340747681616e-03
5.759899847901619796e+04 1.881198633458029121e+02 7.073887759786926521e-01 2.912297756826860429e-01 1.381448338621314980e-03
5.822235129023149784e+04 1.033246957117115130e+02 5.071879905212304251e-01 4.904579508146320044e-01 2.354058664137544457e-03
5.816135583026619861e+04 1.510001710885350974e+02 6.030907416289807976e-01 3.953507897138835436e-01 1.558468657135709699e-03
5.756912005475690239e+04 1.115918899903919055e+02 5.006446602510281618e-01 4.973888959490950779e-01 1.966443799876840121e-03
5.796499293421299808e+04 9.424884006549348214e+01 3.229469748934932771e-01 6.759059336585861999e-01 1.147091447920413256e-03
5.818237133792819805e+04 8.683948953647727365e+01 2.342498275363157634e-01 7.650392673075269157e-01 7.109051561571869647e-04
5.808635755370370316e+04 1.041531137441585457e+02 3.369677420564416992e-01 6.620096250267231142e-01 1.022632916835085814e-03
5.816835790402779821e+04 1.278542017113839648e+02 5.748848993908245442e-01 4.231398626610689551e-01 1.975237948106649960e-03
5.794201918894679693e+04 2.775675468257843548e+01 1.094288967604484381e-01 8.890526049896325667e-01 1.518498249919033455e-03
5.788727339337959711e+04 5.459636356270289781e+01 1.618488020971339536e-01 8.372926210557737337e-01 8.585768470923343205e-04
5.755421834906250297e+04 4.641910548521319413e+01 1.461270095151881998e-01 8.529048127585736605e-01 9.681777262380804935e-04
5.758399652326390060e+04 9.883145889457630062e+01 3.728046583603394915e-01 6.258051973607491325e-01 1.390144278911273909e-03
5.825322797965280188e+04 1.401693896686489040e+02 5.575178251460740642e-01 4.409365689130415600e-01 1.545605940884384752e-03
5.832110642223380273e+04 nan nan nan nan
5.831410207297449961e+04 8.648026769766651967e+01 4.503041953480233506e-01 5.470469046474071284e-01 2.648900004569583033e-03
5.794202124114579783e+04 2.494024524023688016e+01 9.302245173471367090e-02 9.056184159061297922e-01 1.359132359156535116e-03
5.777233828069439915e+04 1.084321815309030654e+02 4.279050314681860367e-01 5.705734893168199484e-01 1.521479214994153617e-03
5.792506044400460087e+04 2.294441345996948769e+02 7.711818146850520916e-01 2.277144949076047864e-01 1.103690407342986218e-03
5.790323556789349823e+04 8.973635077902495993e+01 4.634965338908192400e-01 5.338970497021249262e-01 2.606416407055937422e-03
5.814732800942129688e+04 1.639391665904907995e+02 6.499801891939107623e-01 3.484840540932733766e-01 1.535756712815840525e-03
5.820533120576389774e+04 1.286970142503213026e+02 5.456697566118633436e-01 4.525738958620336705e-01 1.756347526103139685e-03
5.769339011508099793e+04 nan nan nan nan
5.817536710152780142e+04 1.358624792165132078e+02 5.940448566158103016e-01 4.040873577202238609e-01 1.867785663965882987e-03
5.759899435380790237e+04 1.456386091125729081e+02 5.742729390387740773e-01 4.242080136973230831e-01 1.519047263902881251e-03
5.814732594024309947e+04 1.633196556513797191e+02 6.433728021929667751e-01 3.551110689547595789e-01 1.516128852273641468e-03
5.773335686430559872e+04 1.681827108410162452e+02 5.501208113276877532e-01 4.488338883572765559e-01 1.045300315035635474e-03
5.827812278018520010e+04 9.683572853052817209e+01 4.547605658411156271e-01 5.430847581493772891e-01 2.154676009507227371e-03
5.815434955232639913e+04 3.597741105860903588e+01 1.024453220776399415e-01 8.967625194413494372e-01 7.921584810106144237e-04
5.831410002775459725e+04 7.935375515550829562e+01 3.935877608303732789e-01 6.040087850730010421e-01 2.403454096625717157e-03
5.814732389353009785e+04 1.609659627706511458e+02 5.950670642658236753e-01 4.035977202733797564e-01 1.335215460796592346e-03
5.777234237812500214e+04 1.023709124724947657e+02 4.072877787068908684e-01 5.911657664718902305e-01 1.546454821218935143e-03
5.794902547202550340e+04 1.048547080928818076e+02 4.895310403785809727e-01 5.083394861842591705e-01 2.129473437159959924e-03
5.773335891081020236e+04 1.503680152181098606e+02 4.382719974071377922e-01 5.608980292576435378e-01 8.299733352186541759e-04
5.789498600013890245e+04 2.115790688277879497e+02 7.330889419699375686e-01 2.657381726776815167e-01 1.172885352380786906e-03
5.832900795686340280e+04 9.842096115698444692e+01 4.131617902750765459e-01 5.851165285706724228e-01 1.721681154251106759e-03
5.806233414921299845e+04 9.975612712324971199e+01 2.695385445505925071e-01 7.297481915784033157e-01 7.132638710040866770e-04
5.809433412939820118e+04 1.559655169825050507e+02 4.941899984177967609e-01 5.048291159941317163e-01 9.808855880714996162e-04
5.824427479357639822e+04 3.947054527663678414e+01 4.857322270179556534e-02 9.512788204015782956e-01 1.479568966261018742e-04
5.756209453456020128e+04 1.538911007957554489e+02 4.784132660203109788e-01 5.206425273543151544e-01 9.442066253738922712e-04
5.780125618298610061e+04 8.289395532796103794e+01 3.072161249569784758e-01 6.914419448739875795e-01 1.341930169033759722e-03
5.819815770527780114e+04 1.438481857666155008e+02 5.666827208467232202e-01 4.318010711265191093e-01 1.516208026757761814e-03
5.822235336199070298e+04 1.062325207136988467e+02 5.046670064035706504e-01 4.931281261742548883e-01 2.204867422174577093e-03
5.771924999274309812e+04 1.109652186831359302e+02 4.714465901550258797e-01 5.267898959759852451e-01 1.763513868988874755e-03
5.752321513501159643e+04 8.121767056524315365e+01 3.596977509610591595e-01 6.383859555908656391e-01 1.916293448075159778e-03
5.795602759527780290e+04 2.084461954823178189e+02 7.423244508194331015e-01 2.564365037971519379e-01 1.239045383415014832e-03
5.771135891380789690e+04 nan nan nan nan
5.789499009097219823e+04 2.445273462633517738e+02 7.461137499420970043e-01 2.529766659871925949e-01 9.095840707103428112e-04
5.793308914398150227e+04 1.192152219682849790e+02 5.163962946378012342e-01 4.817705872876825168e-01 1.833118074516266321e-03
5.791804778619210265e+04 1.283296294670999202e+02 5.705081554849020797e-01 4.275609548328132559e-01 1.930889682284671989e-03
5.824427684101850173e+04 3.826381037652549111e+01 5.125198994964132171e-02 9.485727299304450577e-01 1.752801199135993026e-04
5.751604215731479781e+04 1.965379345759185128e+02 7.029397841739389863e-01 2.958104429344643460e-01 1.249772891596683108e-03
5.771925203789350053e+04 1.165674062778665245e+02 5.203798234789415167e-01 4.776731392686050515e-01 1.947037252453552841e-03
5.827022672664350102e+04 nan nan nan nan
5.816135376030090265e+04 1.602935226932217176e+02 6.349120236223123603e-01 3.635551859310701683e-01 1.532790446617566301e-03
5.754707007224539848e+04 1.332761396992435721e+02 5.841684419371993009e-01 4.139545808433476304e-01 1.876977219453154593e-03
5.789498804668980301e+04 2.169349119061763247e+02 6.992379528813976730e-01 2.997470175024776751e-01 1.015029616124610724e-03
5.807035998547449708e+04 1.024634567421094573e+02 3.635034084215384986e-01 6.352669838149120896e-01 1.229607763549223163e-03
