5.758399242811340082e+04 1.046238040440817230e+02 3.951228750200576068e-01 6.034836763543806049e-01 1.393448625561710978e-03
5.777234032824070164e+04 1.304137991404767547e+02 4.569501852289891142e-01 5.418503755378842879e-01 1.199439233126602285e-03
5.816835994937500072e+04 1.594097175299515641e+02 6.222935833477557521e-01 3.762175743850373344e-01 1.488842267206762562e-03
5.791098589741899923e+04 1.564965227674637163e+02 5.212198485385953761e-01 4.776964238585438283e-01 1.083727602860801035e-03
5.830710000846059847e+04 1.908066516915687600e+02 6.748601207343929431e-01 3.239177190623254710e-01 1.222160203281552528e-03
5.814031619839119958e+04 2.196436709058417591e+02 7.050194987663558344e-01 2.939739114961067434e-01 1.006589737537396398e-03
5.777934543577550357e+04 1.513372520345736518e+02 5.952648482693697618e-01 4.032236229699598384e-01 1.511528760670434457e-03
5.785705753340280353e+04 nan nan nan nan
5.755422042105319997e+04 6.319527867724244174e+01 1.594882520496643530e-01 8.398894824001160719e-01 6.222655502196089081e-04
5.817536914803239779e+04 1.585347651000502935e+02 5.932024904494114237e-01 4.054296404703610635e-01 1.367869080227392944e-03
5.819815560798609658e+04 1.984977798565097942e+02 7.026276220423288699e-01 2.961482501630594011e-01 1.224127794611543866e-03
5.792505632480319764e+04 2.300174450711208465e+02 7.496816466951363722e-01 2.492805385626977177e-01 1.037814742165836567e-03
5.794201711207180051e+04 4.597857759022305402e+01 1.823989699192728742e-01 8.160635081194860252e-01 1.537521961241123183e-03
5.819815355579859897e+04 1.602155737843679901e+02 6.355230471363061406e-01 3.629397160408894263e-01 1.537236822804436331e-03
5.824427891273149726e+04 6.087816494924868493e+01 5.578665030748287262e-02 9.441313097981492986e-01 8.203989436799759467e-05
5.774122955451389862e+04 2.170040017489587569e+02 5.703006823647125412e-01 4.290245411724725177e-01 6.747764628149568013e-04
5.832900381342590117e+04 1.322679206179464018e+02 4.868774764961840140e-01 5.117987370145395953e-01 1.323786489276335132e-03
5.789498600013890245e+04 2.305917190384791411e+02 7.361423483289162295e-01 2.628619624194947768e-01 9.956892515889954193e-04
5.781719053767360310e+04 1.676608262771533475e+02 6.337110029292979396e-01 3.648932493752262141e-01 1.395747695475695179e-03
5.807036410302080185e+04 1.309206090681361161e+02 3.735958094730406076e-01 6.256086256770497789e-01 7.955648499095865174e-04
5.751604215731479781e+04 2.173224231603534804e+02 6.915616713890093692e-01 3.074490004275078348e-01 9.893281834827641775e-04
5.778635548760420352e+04 1.714682310386037329e+02 6.341425667033975255e-01 3.645211636434922964e-01 1.336269653110195655e-03
5.759101953285880154e+04 1.321287037256389851e+02 4.421380755823276498e-01 5.567679450960929532e-01 1.093979321579262916e-03
5.750803268356480112e+04 2.446421774446736208e+02 7.374665980687448164e-01 2.616456131133020335e-01 8.877888179531445928e-04
5.769131419668979652e+04 nan nan nan nan
5.811735631356480008e+04 2.583313904483187002e+02 7.376252990089706696e-01 2.615781659743404153e-01 7.965350166887810160e-04
5.777233828069439915e+04 1.274855663497914691e+02 4.316265479671634320e-01 5.672535452091564956e-01 1.119906823679966620e-03
5.791098384990740306e+04 1.558523870303421575e+02 4.942992010627459964e-01 5.047180546481553343e-01 9.827442890985717099e-04
5.807925312800930260e+04 1.488695611482328900e+02 5.390660038078174399e-01 4.596529650138820866e-01 1.281031178300455747e-03
5.754707007224539848e+04 1.783080495422281615e+02 6.678227841062628345e-01 3.308067501224646323e-01 1.370465771272485079e-03
5.807925724394679855e+04 1.552008551411852579e+02 6.010249116777599543e-01 3.975099306782221009e-01 1.465157644017837024e-03
5.809433617457179935e+04 2.560437249941921323e+02 6.513423497077180935e-01 3.480254160879415193e-01 6.322342043402544255e-04
5.832900588675930339e+04 1.327126962493481415e+02 4.860000084374007656e-01 5.126897986772868121e-01 1.310192885312349642e-03
5.816835790402779821e+04 1.564724882766028600e+02 6.040083015968963354e-01 3.945359126467086197e-01 1.455785756395016305e-03
5.824427479357639822e+04 5.883826483408988395e+01 5.221975277535634979e-02 9.477032921014575395e-01 7.695512318621262513e-05
5.830709796201389690e+04 1.903390837867579819e+02 6.740780806141202230e-01 3.246965921419596723e-01 1.225327243919993158e-03
5.790323764157410187e+04 1.115130625226553605e+02 4.494129920458970751e-01 5.490001889665817592e-01 1.586818987521164924e-03
5.795602964086810243e+04 2.658049619493770592e+02 7.683980292765956177e-01 2.307855125422406950e-01 8.164581811635873276e-04
5.771924999274309812e+04 1.549760739890779178e+02 5.754794609373340419e-01 4.231733827976678075e-01 1.347156264998077913e-03
5.811735423478009761e+04 2.570482992071007402e+02 7.892561799020360036e-01 2.098227469080899965e-01 9.210731898740131141e-04
5.808635959826390172e+04 1.377952757421853960e+02 4.287714256424312587e-01 5.702826189975833682e-01 9.459553599853425931e-04
5.771136301688660024e+04 7.970493269116370527e+01 2.212342449038323389e-01 7.780130550643939991e-01 7.527000317736362665e-04
5.805532867262729997e+04 2.383040626280295839e+02 7.141006580201215703e-01 2.850220511248429123e-01 8.772908550354263299e-04
5.822936072609949770e+04 1.071903944277018041e+02 4.644568765412982470e-01 5.337088390069214539e-01 1.834284451780407400e-03
5.751604420141199807e+04 2.416272230769758096e+02 7.575267447390809927e-01 2.415129886166059725e-01 9.602666443130318400e-04
5.787822578078699735e+04 2.945151987092528429e+02 7.137613219990985858e-01 2.856648546394838784e-01 5.738233614174734210e-04
5.825323209668979689e+04 2.219775333303476259e+02 7.042995972287935391e-01 2.947168798941700030e-01 9.835228770364112891e-04
5.752321720414349693e+04 8.068641638011635564e+01 3.225850110504100421e-01 6.758533697417772323e-01 1.561619207812755920e-03
5.759101748648149805e+04 1.321087389750820762e+02 4.710915992373653771e-01 5.276660756803734920e-01 1.242325082261081697e-03
5.829518035386569682e+04 9.183059092363642151e+01 2.501039501368655937e-01 7.491713570199293182e-01 7.246928432050047135e-04
5.831410207297449961e+04 1.030477973801583289e+02 4.362860286189542691e-01 5.619627025710943746e-01 1.751268809951471613e-03
5.827812689575229888e+04 1.272877439114985236e+02 5.387323181499626967e-01 4.595175913432288928e-01 1.750090506808423072e-03
5.781718846579860110e+04 1.672719818003018304e+02 6.320286780012136507e-01 3.665765128321475941e-01 1.394809166638667384e-03
5.820533120576389774e+04 1.846325048063245049e+02 6.443283034745145299e-01 3.544818643106188993e-01 1.189832214866572710e-03
5.808635755370370316e+04 1.464283825679055724e+02 4.659579893682017637e-01 5.330527046772830513e-01 9.893059545151665617e-04
5.812536191586810310e+04 2.340807844906439357e+02 5.837836184155015262e-01 4.156087226218201924e-01 6.076589626781125344e-04
5.759899642730320193e+04 2.409425744223613037e+02 7.510018822389767923e-01 2.480489508572326640e-01 9.491669037904312605e-04
5.776436118144680222e+04 2.219505304097588692e+02 6.621221191006170237e-01 3.370084172162857716e-01 8.694636830971827750e-04
5.795602759527780290e+04 2.619114684731457601e+02 7.766647534435082711e-01 2.224761424594656201e-01 8.591040970259686054e-04
5.813236604783560324e+04 1.675138414178336745e+02 6.287724215276967454e-01 3.698510880234014975e-01 1.376490448901650622e-03
5.794201918894679693e+04 4.384323955076643387e+01 1.702451657571674437e-01 8.282817352494369345e-01 1.473098993395494279e-03
5.806233414921299845e+04 1.457352105906450959e+02 3.902741709659315328e-01 6.090251836546226594e-01 7.006453794458646599e-04
5.756209453456020128e+04 2.388479045415547546e+02 6.627801955670569178e-01 3.364675170067107923e-01 7.522874262322948227e-04
5.818236926697919989e+04 1.007896913751645798e+02 2.417567227878907044e-01 7.576811785944899125e-01 5.620986176193736375e-04
5.756209657984950172e+04 2.569060633273587655e+02 6.864239356969373818e-01 3.128785971528705301e-01 6.974671501921651372e-04
5.780125822796300054e+04 1.230710934935543293e+02 4.117733557047124626e-01 5.871329599572198132e-01 1.093684338067675782e-03
5.753021721699069894e+04 2.344563319891136928e+02 5.303244341924120420e-01 4.691757074356421864e-01 4.998583719456914203e-04
5.826023629657409765e+04 1.683089322989377834e+01 9.336196478614443295e-02 9.036318671000431735e-01 3.006168113812366250e-03
5.831410411701389967e+04 1.101759575120666881e+02 4.679471763823595531e-01 5.302904108783843551e-01 1.762412739256077887e-03
5.817536710152780142e+04 1.569686115432284339e+02 5.905957076250600846e-01 4.080212274509555370e-01 1.383064923984240070e-03
5.794902135501160228e+04 1.411614660667856356e+02 5.926431601431235707e-01 4.056348053060488956e-01 1.722034550827566393e-03
5.814031824292820238e+04 2.237601236896970818e+02 7.131767190132748402e-01 2.858308128864249786e-01 9.924681003000866350e-04
5.753022130751160148e+04 2.280787214654925776e+02 5.128605108042396665e-01 4.866455009560309852e-01 4.939882397292911067e-04
5.769131833840280160e+04 nan nan nan nan
5.827022465368059784e+04 nan nan nan nan
5.775723621420140262e+04 1.959088425891156362e+02 6.873232497622571158e-01 3.114742044531524923e-01 1.202545784590340790e-03
5.823726240335650073e+04 nan nan nan nan
5.750802856400459859e+04 2.227703931048841355e+02 7.293263679519228493e-01 2.696264636764910683e-01 1.047168371585912010e-03
5.819022900959489925e+04 1.762914504893243191e+02 6.262105998041473942e-01 3.725566759005933259e-01 1.232724295259316274e-03
5.755421627608800191e+04 3.725280454236834515e+01 8.550060570471061661e-02 9.139847489329476771e-01 5.146453623416342256e-04
5.771136096131939848e+04 4.954669438707819040e+01 1.396955974403120138e-01 8.595277555091743737e-01 7.766470505136218155e-04
5.796499293421299808e+04 1.320081564119006146e+02 3.834062074311155865e-01 6.157696461488899597e-01 8.241464199943836656e-04
5.832110642223380273e+04 nan nan nan nan
5.822935865428239777e+04 1.069939006103476657e+02 4.638352339341696995e-01 5.343286629900542151e-01 1.836103075776106697e-03
5.811735835869210132e+04 2.667556366778734400e+02 7.899608752735679529e-01 2.091823402623717854e-01 8.567844640600788585e-04
5.826023217620370269e+04 9.522183428472763467e+01 4.204513678884607142e-01 5.776438465890789686e-01 1.904785522460324121e-03
5.825323005146990181e+04 2.375997992083744350e+02 7.574958314786492952e-01 2.415111531201965533e-01 9.930154011541074150e-04
5.759899847901619796e+04 2.407003098536454218e+02 7.179188410184791369e-01 2.812120283992429748e-01 8.691305822778800684e-04
5.827022877195599722e+04 nan nan nan nan
5.759101543976849644e+04 1.536486743159498758e+02 5.513876323890676279e-01 4.473541839685207244e-01 1.258183642411464260e-03
5.788727751406250172e+04 7.135148871996227626e+01 1.971384316839248640e-01 8.021157652834752794e-01 7.458030325997693074e-04
5.807036205874999723e+04 1.356192017349879677e+02 4.234569263353517576e-01 5.755905763882028792e-01 9.524972764452978172e-04
5.781719258413190255e+04 1.726886921556111645e+02 6.561619126125197710e-01 3.424275588952854776e-01 1.410528492194778726e-03
5.819023105809029948e+04 1.811981051551449582e+02 6.535379516222418195e-01 3.451911174453456410e-01 1.270930932412408761e-03
5.774123162674769992e+04 2.306702721776827048e+02 5.947464212288365859e-01 4.046040953838052068e-01 6.494833873580702771e-04
5.813236809641199943e+04 1.673387698351770325e+02 6.132079546339523901e-01 3.854801172359587635e-01 1.311928130088767415e-03
5.806233003357639973e+04 1.316644951593315227e+02 3.458596251736802962e-01 6.534662349690613103e-01 6.741398572583164484e-04
5.754707211745370296e+04 1.658115204544188828e+02 6.071422725950104127e-01 3.915478243086323307e-01 1.309903096357146069e-03
5.786411259569440153e+04 1.986755363540339374e+02 6.663892644517218633e-01 3.325115909650196433e-01 1.099144583258512267e-03
5.780936665247679775e+04 1.530453519230793233e+02 5.618549715715037696e-01 4.368283012625885919e-01 1.316727165907624186e-03
5.793308914398150227e+04 1.605903307254948800e+02 6.286670294593216246e-01 3.698357347094377023e-01 1.497235831240726614e-03
5.812536396336810139e+04 2.312387495006935012e+02 5.907190124896773975e-01 4.086434168814720991e-01 6.375706288504363059e-04
5.818237350934030110e+04 9.688128717165250237e+01 2.345732415107932289e-01 7.648540089262765296e-01 5.727495629301494360e-04
5.773335686430559872e+04 2.231292243553169499e+02 6.611114531939761285e-01 3.380308691840495650e-01 8.576776219743143317e-04
5.787822373693290137e+04 2.989322942578755260e+02 7.269148641701785873e-01 2.725074269316465903e-01 5.777088981748161167e-04
5.752321513501159643e+04 1.043562985357229849e+02 3.937868030442398526e-01 6.048220512789768133e-01 1.391145676783198592e-03
5.823725831040510093e+04 nan nan nan nan
5.791804778619210265e+04 1.747126549355488123e+02 6.158223956878658978e-01 3.829637966923157832e-01 1.213807619818343259e-03
5.789499009097219823e+04 2.522522521043660788e+02 7.460324750943181371e-01 2.531129837385086012e-01 8.545411671731908748e-04
5.789498804668980301e+04 2.452773750786715539e+02 7.689015959619442953e-01 2.301383091143709148e-01 9.600949236847983398e-04
5.786411054701390094e+04 1.928094675811762215e+02 6.436392708600282564e-01 3.552720096793169358e-01 1.088719460654686416e-03
5.775723207074069796e+04 1.815720863490317925e+02 6.584187476212362000e-01 3.402965757087225152e-01 1.284676670041318440e-03
5.770135341181710100e+04 2.779267056333237633e+02 7.392661026142366421e-01 2.600426577141026208e-01 6.912396716606167323e-04
5.777934750718750001e+04 1.512795831375373723e+02 6.220116325739013519e-01 3.763366946763810894e-01 1.651672749717537480e-03
5.769131626776619669e+04 nan nan nan nan
5.805532662721059751e+04 2.178638129229919684e+02 6.648069157438145638e-01 3.342833627006567832e-01 9.097215555285982202e-04
5.814031412269680004e+04 2.229623867761814608e+02 7.192405807275815688e-01 2.797427661828271739e-01 1.016653089591215047e-03
5.774122674336809723e+04 1.642868178497708982e+02 4.659809734336086140e-01 5.332330337774850992e-01 7.859927889062507701e-04
5.817536505616900104e+04 1.594808161820611190e+02 6.067494681986898009e-01 3.918364011431123561e-01 1.414130658197830211e-03
5.828621623447920138e+04 1.256613266387128931e+02 5.346486951043020186e-01 4.635827384950715890e-01 1.768566400626450262e-03
5.787822169053240214e+04 3.022522540576428582e+02 7.238124691632880081e-01 2.756272565999974278e-01 5.602742367145100095e-04
5.780125618298610061e+04 1.130782611353333493e+02 3.977328385963037061e-01 6.010584787626889192e-01 1.208682641007393418e-03
5.792505839787040168e+04 2.437041712543559981e+02 7.652048069646494310e-01 2.338319916863576542e-01 9.632013489928282438e-04
5.805532454843750020e+04 2.254547394818503108e+02 6.951043542528403396e-01 3.039669597280748592e-01 9.286860190847187960e-04
5.827812278018520010e+04 1.146640944547308720e+02 4.934217668328729212e-01 5.047691049590878887e-01 1.809128208039209249e-03
5.822936277232639986e+04 1.066003635901863760e+02 4.590788121566821145e-01 5.391092439114992807e-01 1.811943931818732088e-03
5.771924791943289893e+04 1.438035703878989864e+02 5.499994243556401985e-01 4.485714422733660389e-01 1.429133370993653299e-03
5.813237014164349966e+04 1.612636618729744384e+02 5.783908642485919849e-01 4.203523610119289100e-01 1.256774739479043319e-03
5.796499702621530014e+04 5.079208104944633106e+01 1.495126040400838185e-01 8.496408486667896831e-01 8.465472931264754692e-04
5.796499498196759669e+04 1.729322695086398767e+02 4.976898318505914576e-01 5.015009733517692414e-01 8.091947976393088285e-04
5.824427684101850173e+04 5.198922846215309335e+01 4.575257229735432002e-02 9.541717632463960763e-01 7.566445624966525836e-05
5.827022672664350102e+04 nan nan nan nan
5.831410002775459725e+04 1.091824322129875924e+02 4.656713029067192644e-01 5.325514776761840485e-01 1.777219417096692058e-03
5.832110434920139960e+04 nan nan nan nan
5.778635344240740233e+04 1.800655203075773159e+02 6.476833423717673899e-01 3.510526433983575667e-01 1.264014229874953861e-03
5.790323971211809840e+04 1.422871371559709814e+02 5.514614950486343981e-01 4.470709758120893218e-01 1.467529139276188858e-03
5.822235129023149784e+04 1.277008087660183122e+02 5.180964976413675593e-01 4.802953705376359905e-01 1.608131820996549013e-03
5.775723414351850079e+04 1.967041404079908489e+02 6.889908224285224980e-01 3.098105410684897643e-01 1.198636502987565546e-03
5.774928569214120216e+04 1.750864671358282010e+02 6.493404338438082402e-01 3.493157886637068832e-01 1.343777492484815074e-03
5.786411466642360028e+04 2.006372739246943411e+02 7.141241796050862289e-01 2.846381304354295705e-01 1.237689959484098877e-03
5.818237133792819805e+04 1.156361956071872328e+02 2.891865099185206844e-01 7.102024691357343711e-01 6.110209457449387307e-04
5.807035998547449708e+04 1.309783891226029482e+02 4.462085097905654774e-01 5.526576181964174550e-01 1.133872013016965939e-03
5.772634212504629977e+04 2.287765570926025305e+02 7.302585781003102516e-01 2.687459754021784275e-01 9.954464975112701196e-04
5.780125410884260054e+04 9.642402295901027287e+01 3.474185981205293872e-01 6.513130981735358871e-01 1.268303705934619059e-03
5.793309119048609864e+04 1.590635071020667226e+02 5.990794808573399743e-01 3.995346717458027053e-01 1.385847396857229318e-03
5.829517830981480074e+04 9.428879381712751240e+01 2.658967245689465297e-01 7.333263247651979899e-01 7.769506658554523656e-04
5.794902342686340126e+04 1.376945990471020593e+02 5.662133908096338430e-01 4.321345937996840525e-01 1.652015390682197915e-03
5.753021926346060354e+04 2.248156635039057676e+02 5.002269689484223347e-01 4.992893392790854756e-01 4.836917724920576406e-04
5.750803061267360317e+04 2.198272082765444111e+02 7.256294073404917500e-01 2.733060710325780907e-01 1.064521626930122530e-03
5.832110846770829812e+04 nan nan nan nan
5.788727339337959711e+04 9.140826743836709056e+01 2.475024943195839877e-01 7.517812372107857133e-01 7.162684696301126240e-04
5.814732594024309947e+04 1.866281549846689529e+02 6.474862919813842987e-01 3.513377428462788887e-01 1.175965172336718633e-03
5.769338602006940346e+04 3.772074105953652179e+01 2.122568594971703526e-02 9.787433790115430687e-01 3.093503873988188866e-05
5.770134931630789652e+04 2.654893035490160287e+02 7.392587135880384075e-01 2.599837797156677732e-01 7.575066962938520245e-04
5.776435913623840315e+04 2.317836034304610280e+02 6.829716869339816920e-01 3.161800557622047037e-01 8.482573038135458746e-04
5.815434747914350010e+04 4.237324752996496358e+01 9.717049458054588529e-02 9.023157304351634433e-01 5.137749842906327684e-04
5.780937075761570304e+04 1.648424593146835946e+02 5.810912686713917141e-01 4.176946768995546400e-01 1.214054429053535540e-03
5.788727544106479763e+04 1.213482121297893030e+02 3.367943963259009132e-01 6.624530273036699501e-01 7.525763704291342244e-04
5.825322797965280188e+04 2.255941039804835100e+02 7.200074890212421197e-01 2.789973206066800882e-01 9.951903720777297013e-04
5.829517626560189819e+04 7.104651623079172396e+01 1.965765245127227001e-01 8.026755379001946356e-01 7.479375870825942952e-04
5.774928157427079714e+04 1.630021267141855503e+02 6.257941651227106883e-01 3.727658295266758626e-01 1.440005350613351130e-03
5.759899435380790237e+04 2.018415309805521929e+02 6.956631643070049220e-01 3.031762837561212676e-01 1.160551936873621334e-03
5.820533327646990074e+04 1.876012610700144023e+02 6.504667707656675013e-01 3.483586931809002363e-01 1.174536053432106292e-03
5.794202124114579783e+04 4.668038526886738282e+01 1.862645234867281452e-01 8.121799441318596768e-01 1.555532381412102517e-03
5.792506044400460087e+04 2.380080318547386469e+02 7.462444051237447917e-01 2.527951629719059068e-01 9.604319043491736521e-04
5.771925203789350053e+04 1.584344433676415633e+02 5.852975094420769242e-01 4.133691478938817943e-01 1.333342664041272220e-03
5.832900795686340280e+04 1.279208836812853747e+02 4.782447789253750359e-01 5.203896786368388261e-01 1.365542437786184662e-03
5.816135163695600204e+04 1.754673042303428758e+02 6.576876979280562585e-01 3.409397315819765462e-01 1.372570489967201400e-03
5.785705957910879806e+04 nan nan nan nan
5.822235336199070298e+04 1.326905154596165914e+02 5.315013118787638158e-01 4.669311556441483324e-01 1.567532477087865478e-03
5.770135136431710271e+04 2.734515040620931359e+02 7.449680902084691025e-01 2.543068023924253684e-01 7.251073991054086693e-04
5.769339011508099793e+04 nan nan nan nan
5.769338806991899764e+04 nan nan nan nan
5.806233210521990259e+04 1.375137437976148362e+02 3.507453695235964175e-01 6.486190371784182895e-01 6.355932979851424726e-04
5.776435706200230197e+04 2.461758488120348147e+02 6.944949782827697371e-01 3.047274598394896783e-01 7.775618777406333951e-04
5.779424990355320188e+04 1.230624500110483694e+02 3.769155890973328038e-01 6.221679272678976025e-01 9.164836347693989908e-04
5.778635136835650337e+04 1.788663146200073584e+02 6.694066283700261799e-01 3.292249796272127549e-01 1.368392002760890434e-03
5.820532913385419670e+04 1.829553248943765595e+02 6.498568449280696102e-01 3.489105245551400447e-01 1.232630516790227766e-03
5.785705548473379895e+04 5.377891752094550526e+01 1.426302456637538740e-01 8.566825485998672551e-01 6.872057363788350564e-04
5.755421834906250297e+04 7.684448848694360379e+01 1.948795165208199176e-01 8.044921436824596928e-01 6.283397967203999427e-04
5.751604011126160185e+04 1.982687969357657778e+02 6.839111591464551720e-01 3.149263801902468241e-01 1.162460663297940153e-03
5.827812482775459648e+04 1.336937741345969073e+02 5.716841547809350388e-01 4.265294499014838925e-01 1.786395317581189078e-03
5.779425399725689931e+04 1.272132060762619830e+02 3.896077584553565565e-01 6.094758555871411243e-01 9.163859575021984349e-04
5.814732389353009785e+04 1.861234597931889709e+02 6.371370147645435411e-01 3.617181287011958513e-01 1.144856534260584209e-03
5.809433412939820118e+04 2.432010332003925157e+02 6.459043049052273222e-01 3.534065777909434769e-01 6.891173038292350414e-04
5.795602554311339918e+04 2.674751841593454174e+02 7.943406540622133249e-01 2.047976893391748043e-01 8.616565986117369260e-04
5.816835585621529754e+04 1.536542682717505386e+02 6.116338170641766325e-01 3.868181458895263991e-01 1.548037046297018023e-03
5.815435159636569733e+04 6.753756479231206811e+01 1.731857375089273232e-01 8.261718394916982566e-01 6.424229993743526103e-04
5.756911800738429883e+04 1.804985378325168313e+02 6.340969191672610750e-01 3.646973467475733699e-01 1.205734085165446716e-03
5.816135583026619861e+04 1.933594247227999574e+02 6.876061101514795437e-01 3.111584079346621512e-01 1.235481913858217477e-03
5.791804983322919725e+04 1.969905575099791690e+02 6.600458966820434981e-01 3.388572587703064243e-01 1.096844547650048822e-03
5.794902547202550340e+04 1.342858969868176757e+02 5.448301801433027558e-01 4.535615862510967156e-01 1.608233605600544033e-03
5.819022696206020191e+04 1.407550688841673434e+02 5.671717380618670479e-01 4.312419495895067345e-01 1.586312348626250793e-03
5.830709591488430306e+04 1.903393942552072531e+02 6.511522973772300160e-01 3.477043099180216479e-01 1.143392704748284923e-03
5.816135376030090265e+04 1.899000486570314195e+02 6.720240796936013394e-01 3.267524113695949861e-01 1.223508936803679656e-03
5.812536600854169956e+04 2.140917008172160365e+02 5.585715899758725289e-01 4.407633732676509153e-01 6.650367564764125784e-04
5.756209248620369908e+04 2.400488927443822718e+02 6.539049505952929664e-01 3.453700836956950515e-01 7.249657090119028405e-04
5.823726035914350359e+04 nan nan nan nan
5.809433205741900019e+04 2.397471045356179218e+02 6.391882137247872908e-01 3.601173403992879440e-01 6.944458759247290397e-04
5.780936871119210264e+04 1.728533295829372207e+02 6.744076087845883860e-01 3.241051649317344685e-01 1.487226283677231791e-03
5.758399652326390060e+04 1.199075429570785616e+02 4.241452194415313293e-01 5.746323511949118501e-01 1.222429363556777268e-03
5.777234237812500214e+04 1.252248246546402726e+02 4.342510409499533153e-01 5.645740926051535657e-01 1.174866444893059346e-03
5.777934957790510089e+04 1.501772474341304928e+02 6.033913437793589907e-01 3.950314898818972909e-01 1.577166338743773771e-03
5.793309323693290207e+04 1.645938354755957675e+02 6.282651069900211382e-01 3.703114293720167760e-01 1.423463637961909891e-03
5.771135891380789690e+04 nan nan nan nan
5.772634621746530320e+04 1.864113302697378742e+02 6.599856955982058571e-01 3.387896541880653922e-01 1.224650213728726211e-03
5.756912005475690239e+04 1.635382432232222243e+02 6.035447319180414771e-01 3.951246056398816653e-01 1.330662442076767588e-03
5.826023422604169900e+04 1.863167489224960249e+01 1.094470410997833154e-01 8.871817017300097641e-01 3.371257170206924409e-03
5.773335891081020236e+04 2.158523962156536982e+02 6.163605158926998007e-01 3.828428782416616327e-01 7.966058656384759733e-04
5.752321306202549749e+04 6.192026507621309861e+01 2.342475399646315737e-01 7.643542510395642253e-01 1.398208995804080864e-03
5.822235540826390206e+04 1.271566851228052570e+02 5.127412174834417025e-01 4.856702149422438830e-01 1.588567574314398269e-03
5.790323556789349823e+04 1.293810278068977766e+02 5.177111700430622188e-01 4.807245246981978748e-01 1.564305258739917505e-03
5.773335479246530303e+04 2.204257407788913952e+02 6.459318060685742546e-01 3.532292434060945174e-01 8.389505253311532349e-04
5.772634417016200314e+04 1.855246543334359046e+02 6.626702452296510115e-01 3.360832920115149336e-01 1.246462758833915239e-03
5.819815770527780114e+04 2.021885918326774174e+02 7.001389937284304699e-01 2.986895047277505211e-01 1.171501543818893702e-03
5.808635550745369983e+04 1.595072745237272613e+02 5.583841028040097410e-01 4.404186254594412153e-01 1.197271736549024865e-03
5.791805190278939699e+04 2.437103543508921746e+02 7.755713695027640631e-01 2.234392047599976505e-01 9.894257372381266066e-04
5.791098794153940253e+04 1.850973915904812941e+02 5.909631003193963616e-01 4.080410179626642320e-01 9.958817179394903029e-04
5.756912210134259658e+04 1.463236724303610856e+02 5.402036999608829104e-01 4.584647007576565514e-01 1.331599281460491132e-03
5.814732800942129688e+04 1.875131991378466125e+02 6.448532953961819691e-01 3.539912688857431156e-01 1.155435718074838535e-03
5.815434955232639913e+04 5.122872075470017705e+01 1.293511318136317811e-01 8.700259929395226521e-01 6.228752468455128364e-04
5.758399447690969828e+04 1.141796510135418146e+02 4.318286300049088422e-01 5.667739303154504249e-01 1.397439679640554442e-03
5.754706797363430087e+04 1.570166525265212840e+02 6.105974896398097540e-01 3.879250826896117332e-01 1.477427670578265566e-03
5.807925519999999960e+04 1.498566807783546437e+02 5.445001058086336165e-01 4.542100675376518626e-01 1.289826653714408987e-03
5.779425195087960310e+04 1.336854423369232165e+02 4.358442417845727057e-01 5.631173167561509540e-01 1.038441459276209702e-03
5.774928362151620240e+04 1.763179805709212928e+02 6.413539692115690638e-01 3.573533538652847730e-01 1.292676923146126797e-03
