5.759899691599999642e+04 7.476168477985580694e+02 4.532317539922687821e-01 4.491579441734001865e-02 5.018524515903912686e-01
5.756209504600000218e+04 7.400751022621237780e+02 4.470165452644352944e-01 5.480016218100190739e-02 4.981832925545627844e-01
5.756912056199999643e+04 6.518864749158719860e+02 3.950288841841162468e-01 1.035445797065727008e-01 5.014265361093109830e-01
5.752321562999999878e+04 3.251422802365914890e+02 2.312001937592848000e-01 7.836441671155919275e-02 6.904353895291559517e-01
5.788727594600000157e+04 6.048534311118364712e+02 3.684385328910510515e-01 1.248936234595715428e-01 5.066678436493774473e-01
5.773335736400000314e+04 6.616613383783308109e+02 3.877025250321887717e-01 1.434632674886295867e-01 4.688342074791816971e-01
5.779425246399999742e+04 6.811417046371828974e+02 4.136919956674374177e-01 8.260696968259470530e-02 5.037010346499678493e-01
5.759101800399999775e+04 5.371630399909303151e+02 3.501517575989182562e-01 6.962659740011588327e-02 5.802216450009657356e-01
5.755421884200000204e+04 3.436456592417042089e+02 2.364154196809395148e-01 1.173005512720350779e-01 6.462840290470254212e-01
5.769338857200000348e+04 6.649675859268986642e+02 3.944262402610414497e-01 1.251503089345487874e-01 4.804234508044099017e-01
5.754707057399999758e+04 7.183262598713695297e+02 4.246044657103660303e-01 9.828480933968872235e-02 4.771107249499453307e-01
5.791805034999999771e+04 5.697611450739088923e+02 3.503227068542144607e-01 1.334458325611327656e-01 5.162314605846528570e-01
5.758399498599999788e+04 6.925123139142712034e+02 4.105773251041199279e-01 1.094367832868572143e-01 4.799858916090227745e-01
5.795602811600000132e+04 9.047263375064067077e+02 5.096687185163398803e-01 5.698503182951949325e-02 4.333462496541405917e-01
5.786411311399999977e+04 6.387083174660118630e+02 3.914457450792143134e-01 9.565559927747706304e-02 5.128986556433086097e-01
5.778635394800000358e+04 6.899353584017611638e+02 4.170979089042613497e-01 8.384208159596238941e-02 4.990600094997763025e-01
5.796499549400000251e+04 3.409184441205417784e+02 2.344450781403427664e-01 1.197894879839446758e-01 6.457654338757126133e-01
5.753021978400000080e+04 7.453479233646969533e+02 4.358782695333515145e-01 9.713354299425737415e-02 4.669881874723912363e-01
5.771136154666999937e+04 2.572570003240138021e+02 1.922676366522535207e-01 4.500114205620117658e-02 7.627312212915452472e-01
5.780125667999999860e+04 6.628466690464532576e+02 4.113298737977943986e-01 6.283705232797104356e-02 5.258330738742346133e-01
5.774928413600000204e+04 7.014581467306762761e+02 4.192583886776466984e-01 9.292841407552146493e-02 4.878131972468318645e-01
5.775723464399999648e+04 7.420239751492418918e+02 4.453653213320386550e-01 6.271922086932599227e-02 4.919154577986353249e-01
5.791098640000000159e+04 9.016469313526002907e+02 4.965710105765713811e-01 8.925458430337215865e-02 4.141744051200564880e-01
5.777234083999999712e+04 6.534984998989218639e+02 4.076915760521610532e-01 6.085178514313823589e-02 5.314566388047007317e-01
5.780936923199999728e+04 6.061511622291882304e+02 3.842023423946198668e-01 6.720286241127756965e-02 5.485947951941027023e-01
5.789498855200000253e+04 9.177012138730220840e+02 4.949516886156881679e-01 1.078416174131660854e-01 3.972066939711457745e-01
5.787822426000000269e+04 9.972801219794826011e+02 5.479644349789164481e-01 3.978242774695354284e-02 4.122531372741299882e-01
5.772634468200000265e+04 6.911706346519664521e+02 4.077157255668961700e-01 1.171264128742560001e-01 4.751578615588478161e-01
5.770135188400000334e+04 6.759211965967532478e+02 3.967754425777335614e-01 1.326905812738526924e-01 4.705339761484137462e-01
5.774123006200000236e+04 6.839129566107402525e+02 4.112390596320278924e-01 9.504107423130786492e-02 4.937198661366643537e-01
5.793309171000000060e+04 8.884749080558585774e+02 4.903283258758241447e-01 9.378291514892013458e-02 4.158887589752557346e-01
5.792505889800000296e+04 9.319601353348873545e+02 5.048771151474938934e-01 9.437591208641456231e-02 4.007469727660915026e-01
5.781719103599999653e+04 6.751721589049078602e+02 4.118585908950012642e-01 8.002788072055061486e-02 5.081135283844482320e-01
5.751604265999999916e+04 7.495462007503222139e+02 4.377112865750416582e-01 9.662518263824336484e-02 4.656635307867149076e-01
5.790323814000000129e+04 7.911620282011368772e+02 4.523955821010034462e-01 1.011271101949634821e-01 4.464773077040331550e-01
5.776435963400000037e+04 7.264927231650210615e+02 4.412811542148347699e-01 5.491465661910099882e-02 5.038041891660641758e-01
5.771925050200000260e+04 6.464967902624281351e+02 3.828229887363853723e-01 1.383740545036342973e-01 4.788029567599802472e-01
5.794902391799999896e+04 7.162869481159548286e+02 4.226359045266332437e-01 1.019716743343245663e-01 4.753924211390422316e-01
