5.786411109399999987e+04 nan nan nan nan
5.806233058400000300e+04 nan nan nan nan
5.790323610400000325e+04 1.257462637748376579e+02 4.112888403349967970e-01 4.382465208424341473e-03 5.843286944565788676e-01
5.781718901400000323e+04 nan nan nan nan
5.758399295800000255e+04 nan nan nan nan
5.775723262200000318e+04 2.335439242472571664e+02 6.169394055479154870e-01 1.905774101751663788e-03 3.811548203503327681e-01
5.752321354799999972e+04 6.387758960322569379e+01 2.379949029972054098e-01 3.791070134342261824e-03 7.582140268684524065e-01
5.769338653799999884e+04 nan nan nan nan
5.822235176399999909e+04 1.995834495008372187e+02 5.634175918225207136e-01 1.305829735326458465e-03 4.352765784421528394e-01
5.817536559999999736e+04 nan nan nan nan
5.818236980000000040e+04 1.459279330353855073e+02 4.583001358004169523e-01 2.963052464542721438e-03 5.387368117350402885e-01
5.787822224200000346e+04 3.039991508801135751e+02 7.047976647637907988e-01 1.614731818795773696e-03 2.935876034174133564e-01
5.754706852200000139e+04 1.471782666974404776e+02 4.608910645654096805e-01 3.481577824465809882e-03 5.356273576101245881e-01
5.825322852599999896e+04 nan nan nan nan
5.770134986000000208e+04 nan nan nan nan
5.826023271999999997e+04 6.196266554188841269e+01 2.320984464576254791e-01 1.532737631821107314e-03 7.663688159105535025e-01
5.807925367800000095e+04 nan nan nan nan
5.824427531799999997e+04 1.720167591526873139e+02 5.106706757145371700e-01 7.942876390270669704e-03 4.813864478951921377e-01
5.789498652399999992e+04 nan nan nan nan
5.780125464600000123e+04 1.419312874703146008e+02 4.501924258260124323e-01 2.747664038850512356e-04 5.495328077701024938e-01
5.816135214599999745e+04 1.113058219859628366e+02 3.750130087183539684e-01 4.960214216521000030e-03 6.200267770651251009e-01
5.759899491000000125e+04 2.138592138381502252e+02 5.863407179938169289e-01 3.079349493842554412e-03 4.105799325123405397e-01
5.759101594399999885e+04 2.670136592238260960e+02 6.630381579423874072e-01 1.683967226674725674e-04 3.367934453349451518e-01
5.807036049600000115e+04 1.552255791576259298e+02 4.788697992763860656e-01 1.299576560408014902e-03 5.198306241632060232e-01
5.830709644200000184e+04 1.515545401147334132e+02 4.709614599841058791e-01 1.582368514504169967e-03 5.274561715013899033e-01
5.811735473800000182e+04 1.307388508061558241e+02 4.233284239987881170e-01 4.008640548171284353e-03 5.726629354530405891e-01
5.809433256599999731e+04 nan nan nan nan
5.827812330800000200e+04 1.094537606851111917e+02 3.705478120158793298e-01 3.443050257496433481e-03 6.260091377266242541e-01
5.813236658400000306e+04 nan nan nan nan
5.776435761199999979e+04 2.139506574596177302e+02 5.876836325347450929e-01 2.060551561545501652e-04 4.121103123091003906e-01
5.794201764199999889e+04 nan nan nan nan
5.816835636199999863e+04 1.103706506776534724e+02 3.733705384777168956e-01 1.562666986339858195e-03 6.250667945359432709e-01
5.793308969999999681e+04 nan nan nan nan
5.777233883400000195e+04 nan nan nan nan
5.751604065599999740e+04 nan nan nan nan
5.815434798400000000e+04 nan nan nan nan
5.820532968200000323e+04 nan nan nan nan
5.814732443000000058e+04 1.336994963984675167e+02 4.299830258127047000e-01 5.084393228628005836e-03 5.649325809586673852e-01
5.771924844599999778e+04 nan nan nan nan
5.780936719199999789e+04 nan nan nan nan
5.778635191399999894e+04 2.010599669705614190e+02 5.661986335385216229e-01 6.497274585044609694e-04 4.331516390029739316e-01
5.774122727999999915e+04 1.752622354156298172e+02 5.174519141178226533e-01 6.427626205633345940e-03 4.761204596765440944e-01
5.805532506200000353e+04 2.032462687937517103e+02 5.699906417624994726e-01 4.295797784590414518e-04 4.295797784590414392e-01
5.828621672599999874e+04 1.546962289539085873e+02 4.779949206771788028e-01 5.214835957270939513e-04 5.214835957270940181e-01
5.822935917999999947e+04 1.951289534753427120e+02 5.539983366999639003e-01 5.723614632675686278e-03 4.402780486673605331e-01
5.796499347000000125e+04 nan nan nan nan
5.779425045400000090e+04 1.557180807342830349e+02 4.802375957654355654e-01 2.597513264540552086e-04 5.195026529081104849e-01
5.785705604199999652e+04 1.174902882852125288e+02 3.914761524515130708e-01 2.122405048749082847e-03 6.064014424997379304e-01
5.812536244599999918e+04 1.374750267441320375e+02 4.400580704290490974e-01 2.798310492608450484e-04 5.596620985216900213e-01
5.810934280600000056e+04 1.220122568606125526e+02 4.030578162174919266e-01 8.940721674226279406e-04 5.960481116150853076e-01
5.831410053799999878e+04 nan nan nan nan
5.788727394199999981e+04 1.247608497084919605e+02 4.079932693412698930e-01 7.885634794171541770e-03 5.841210958645585150e-01
5.753021771799999988e+04 2.117697315467467263e+02 5.827163598093864083e-01 3.722054273256215646e-03 4.135615859173573106e-01
5.792505683999999746e+04 2.752239923063044671e+02 6.727081186517703815e-01 9.789388275620028099e-04 3.263129425206675593e-01
5.772634267800000089e+04 1.858756531942914592e+02 5.395474399099943197e-01 2.301112244327863945e-04 4.602224488655728418e-01
5.808635601399999723e+04 1.378983987706664607e+02 4.409510139968730869e-01 5.584904955076194473e-04 5.584904955076193112e-01
5.795602603000000090e+04 nan nan nan nan
5.791098435800000152e+04 1.007756465494296663e+02 3.477299350627469088e-01 1.950957322843229922e-03 6.503191076144099192e-01
5.794902188600000227e+04 1.272985314601712190e+02 4.159535534159435888e-01 8.747575335757210285e-04 5.831716890504806683e-01
5.756911854999999923e+04 nan nan nan nan
5.819815408200000093e+04 9.385646957406244439e+01 3.289712877088867282e-01 0.000000000000000000e+00 6.710287122911132718e-01
5.773335532799999783e+04 2.063160265526965134e+02 5.746177361644138060e-01 1.694750055121857458e-03 4.236875137804643199e-01
5.774928212199999689e+04 2.123861404706834435e+02 5.834588240380965685e-01 4.328235870954959784e-03 4.122129400909484986e-01
5.814031465800000296e+04 1.442893041656099911e+02 4.547496058034859456e-01 2.712688528340865841e-03 5.425377056681732757e-01
5.819022746599999664e+04 nan nan nan nan
5.791804831600000034e+04 1.185832011643321664e+02 3.947442831423649823e-01 0.000000000000000000e+00 6.052557168576350177e-01
5.756209302400000161e+04 1.865873062230738810e+02 5.403383335034077639e-01 1.603204616580042883e-03 4.580584618800122021e-01
5.829517675400000007e+04 1.567112558654667112e+02 4.822456049922660415e-01 5.172371578498841322e-04 5.172371578498841105e-01
