5.812536600854169956e+04 8.346859534818123905e+01 5.814837134965043786e-02 9.415552843722517773e-01 2.963442780978581444e-04
5.780125822796300054e+04 7.384920841632059307e+01 5.147987214969007574e-02 9.482234050793731939e-01 2.967227709367243672e-04
5.769131626776619669e+04 nan nan nan nan
5.771924999274309812e+04 1.076792691565734970e+02 9.206852801755324722e-02 9.074850702753809450e-01 4.464017070659395139e-04
5.808635755370370316e+04 9.742212491669759800e+01 6.733815424363183422e-02 9.323701199385567850e-01 2.917258178114303952e-04
5.796499293421299808e+04 3.535692746842285317e+01 2.258863290350089301e-02 9.771621381362716185e-01 2.492289602274639954e-04
5.770135136431710271e+04 1.097909734637282355e+02 9.126310172003757049e-02 9.083149834178404491e-01 4.219148621220614160e-04
5.827812689575229888e+04 6.790736267400357917e+01 6.136202138070310369e-02 9.381394004795257091e-01 4.985781397714193286e-04
5.814732594024309947e+04 1.062629291042391060e+02 9.531141411203708502e-02 9.041973456805734166e-01 4.912402073895745817e-04
5.825323005146990181e+04 8.682663543209058332e+01 7.630018158390006189e-02 9.232282845994348452e-01 4.715338166651169877e-04
5.752321720414349693e+04 2.819468406296656582e+01 2.154992216803916852e-02 9.780933601865502425e-01 3.567176454105907960e-04
5.785705753340280353e+04 8.108615879940161975e+00 3.918565605981388922e-03 9.959388314685505561e-01 1.426029254680055355e-04
5.816135376030090265e+04 1.065271052556724811e+02 1.013315964438750577e-01 8.981158973459218986e-01 5.525062102030841313e-04
5.779425399725689931e+04 7.550511307359128921e+01 5.664120356135583095e-02 9.430151753042820273e-01 3.436211343622210109e-04
5.832900795686340280e+04 7.714856402658129753e+01 6.223047837929056997e-02 9.373722219264212230e-01 3.972996942882564358e-04
5.777934957790510089e+04 9.600483474188267508e+01 9.302754577270645753e-02 9.063991243632230077e-01 5.733298640705713047e-04
5.813236809641199943e+04 1.032119841204464166e+02 9.232609125976357078e-02 9.071853055582175251e-01 4.886031820190942388e-04
5.756912210134259658e+04 7.979703314186149044e+01 6.970550482452667063e-02 9.298285569834238151e-01 4.659381920495491119e-04
5.777934750718750001e+04 9.797361159980464151e+01 9.627075371757649880e-02 9.031396725116832558e-01 5.895737707402188546e-04
5.776436118144680222e+04 1.021107968463769140e+02 8.189028348579496797e-02 9.177169910478332193e-01 3.927254663719067151e-04
5.750803268356480112e+04 1.367788438677085026e+02 1.239427532526036352e-01 8.755558609043073703e-01 5.013858430889719248e-04
5.776435706200230197e+04 1.031617723813640168e+02 8.300187711935091972e-02 9.166028419310761066e-01 3.952809495731049580e-04
5.771136301688660024e+04 4.898726368112897944e+01 2.557441274509434856e-02 9.742591645322344895e-01 1.664227226711803575e-04
5.792505839787040168e+04 1.710573823556351556e+02 1.535356682481407997e-01 8.459724025894300725e-01 4.919291624292432318e-04
5.824427684101850173e+04 2.823003684904074717e+01 9.402807863821586315e-03 9.905294498453020013e-01 6.774229087649737070e-05
5.754706797363430087e+04 9.589307439033663627e+01 8.881854550015054472e-02 9.106576123088642172e-01 5.238421909852711668e-04
5.775723621420140262e+04 1.296616456577097267e+02 1.113712911638073816e-01 8.881782126733173133e-01 4.504961628753298593e-04
5.778635548760420352e+04 1.007006570039344950e+02 9.159245773388569045e-02 9.079023898167726259e-01 5.051524493416582060e-04
5.788727544106479763e+04 6.512898782348574400e+01 3.866149927915485396e-02 9.611233333705814230e-01 2.151673502637172224e-04
5.811735423478009761e+04 1.109085021122778585e+02 1.004659218516467112e-01 8.990330345554058411e-01 5.010435929474878290e-04
5.822235129023149784e+04 8.987804627513762057e+01 7.800083815228660289e-02 9.215392665831964036e-01 4.598952645170842216e-04
5.759899847901619796e+04 1.049834379985153134e+02 9.090889954377054383e-02 9.086332339607409159e-01 4.578664954886030791e-04
5.825323209668979689e+04 8.588890502805328708e+01 7.615129630164316210e-02 9.233686960971871915e-01 4.800076011697909911e-04
5.791098589741899923e+04 1.227847402257724099e+02 9.585645547121345034e-02 9.037713914759897271e-01 3.721530527968114235e-04
5.777234237812500214e+04 8.371605072252228297e+01 6.366049154896064044e-02 9.359864145987765172e-01 3.530938522629934297e-04
5.791098384990740306e+04 1.279128199359547438e+02 9.858993295834454773e-02 9.010473193633830036e-01 3.627476782725348866e-04
5.793309323693290207e+04 1.434171002753505775e+02 1.274045905707988369e-01 8.721135327330336029e-01 4.818766961675334027e-04
5.755421627608800191e+04 1.456793730491151351e+01 6.853916168502425382e-03 9.930109235478353780e-01 1.351602836621990632e-04
5.796499498196759669e+04 4.973288078227512443e+01 3.281213571324039652e-02 9.669220676930693203e-01 2.657965936902322848e-04
5.791804778619210265e+04 6.998035570614669609e+01 6.401476911101815215e-02 9.354742840446960139e-01 5.109468442860443669e-04
5.755421834906250297e+04 3.026836166156646613e+01 1.565732340401866651e-02 9.841792868262051464e-01 1.633897697762728388e-04
5.758399652326390060e+04 8.710417050413077789e+01 7.118170117369999883e-02 9.284105183084329083e-01 4.077805178671214210e-04
5.752321513501159643e+04 4.113094801471297046e+01 3.136559064363509536e-02 9.682793204152685407e-01 3.550889410965281661e-04
5.832900588675930339e+04 7.756230515058088315e+01 6.234615248576645674e-02 9.372593125065784569e-01 3.945350076551410097e-04
5.771135891380789690e+04 1.203101128447981516e+01 5.951166858834932780e-03 9.938994272811513264e-01 1.494058600136836099e-04
5.820532913385419670e+04 9.098859905994703468e+01 8.171647767006533225e-02 9.177910146967036553e-01 4.925076332310856153e-04
5.828621623447920138e+04 7.639451601514232948e+01 7.113162338065394386e-02 9.283389951698743925e-01 5.293814494717119035e-04
5.819023105809029948e+04 9.557222820987854561e+01 9.062772102415603270e-02 9.088232107135090221e-01 5.490682623351202021e-04
5.758399242811340082e+04 7.868061863799987066e+01 6.404716766714114995e-02 9.355482266563796001e-01 4.046056764793304447e-04
5.793308914398150227e+04 1.367906376639591883e+02 1.218198721918355154e-01 8.776958537818687622e-01 4.842740262958187994e-04
5.829517626560189819e+04 4.231050146119112298e+01 2.525232931476888501e-02 9.745301632090660471e-01 2.175074761651024950e-04
5.777234032824070164e+04 8.660568937473045992e+01 6.671088920102442865e-02 9.329268108618792299e-01 3.622999370963687731e-04
5.812536396336810139e+04 8.822006903116856336e+01 6.352854644958343122e-02 9.361548099635559339e-01 3.166435868606792717e-04
5.769131419668979652e+04 nan nan nan nan
5.806233414921299845e+04 7.406741334699661650e+01 4.647593104591399987e-02 9.532836495662972975e-01 2.404193877886928840e-04
5.826023422604169900e+04 5.354370425464695771e+00 5.022710974572391213e-03 9.944399762147562161e-01 5.373128106715625071e-04
5.819022696206020191e+04 8.837254819201606892e+01 8.362062474496842479e-02 9.158326618713016343e-01 5.467133837301412988e-04
5.756209657984950172e+04 9.472510768132231362e+01 7.315450291700216490e-02 9.264813141764819404e-01 3.641829065159126865e-04
5.781718846579860110e+04 1.140626448977046294e+02 1.079333578982898945e-01 8.915198878774902580e-01 5.467542242199695127e-04
5.818237350934030110e+04 5.767968266983745451e+01 2.986926076094817417e-02 9.699669931750785068e-01 1.637460639733507195e-04
5.751604011126160185e+04 1.216481696470102492e+02 1.120607044325000606e-01 8.874211364021892257e-01 5.181591653108138899e-04
5.792505632480319764e+04 1.703196647141515143e+02 1.559014645909444219e-01 8.435869260873046782e-01 5.116093217510606908e-04
5.778635344240740233e+04 9.959684051823873574e+01 8.914068306575319289e-02 9.103701822745037253e-01 4.891346597431266759e-04
5.774122955451389862e+04 8.875739578638030025e+01 6.246877944302275942e-02 9.372287489704753671e-01 3.024715865019621881e-04
5.823725831040510093e+04 nan nan nan nan
5.794902342686340126e+04 1.024608813182173463e+02 8.759900104056617121e-02 9.119546754342612305e-01 4.463235251726554065e-04
5.773335891081020236e+04 8.512869437788864957e+01 5.764918529851981860e-02 9.420707863209590860e-01 2.800283805210924287e-04
5.759899435380790237e+04 9.742427733413524038e+01 8.286565224482210501e-02 9.166925918477765167e-01 4.417559074014772006e-04
5.770135341181710100e+04 1.129386674456951170e+02 9.567342389573110784e-02 9.038883835839180980e-01 4.381925203508256418e-04
5.752321306202549749e+04 2.089127134954100384e+01 1.508058391472519126e-02 9.846012351011087516e-01 3.181809841660541462e-04
5.815435159636569733e+04 3.694519496475701459e+01 2.005753031278178014e-02 9.797624969861662425e-01 1.799727010519762947e-04
5.759101543976849644e+04 8.585467093923833204e+01 7.058596905838662727e-02 9.290012909485967363e-01 4.127399930167200337e-04
5.759899642730320193e+04 1.059862045186741994e+02 9.187700479767839379e-02 9.076641326427545842e-01 4.588625595670007390e-04
5.788727751406250172e+04 3.697598208238217410e+01 2.037869947826896622e-02 9.794358273323779951e-01 1.854731893531645680e-04
5.809433617457179935e+04 1.074455449015286206e+02 8.276252863421323935e-02 9.168751797175413998e-01 3.622916482453991368e-04
5.813237014164349966e+04 1.033811465945844219e+02 9.359214556991571343e-02 9.059074008926532029e-01 5.004535374311498089e-04
5.807925519999999960e+04 9.884777644473595615e+01 8.150845340689144569e-02 9.180763639951610156e-01 4.151825979476977545e-04
5.796499702621530014e+04 1.234330773312674623e+01 7.044516163687006456e-03 9.927565966185771806e-01 1.988872177358916218e-04
5.791804983322919725e+04 8.884300696335390057e+01 8.063075315788378883e-02 9.188662994271687978e-01 5.029474149475665493e-04
5.780937075761570304e+04 9.139898348851738774e+01 8.571268404238135963e-02 9.137503149454110352e-01 5.370010122078119679e-04
5.789498804668980301e+04 1.641574757311502424e+02 1.404194753248069194e-01 8.591337371825008562e-01 4.467874926923044655e-04
5.781719258413190255e+04 1.147991309004557650e+02 1.081668251187434399e-01 8.912910758758356700e-01 5.420990054209667234e-04
5.824427891273149726e+04 3.035351754384432610e+01 1.012014555485035196e-02 9.898119773716507197e-01 6.787707349887206910e-05
5.787822373693290137e+04 1.615802653591834428e+02 1.253156852957850176e-01 8.743170308151162473e-01 3.672838890987678486e-04
5.827812482775459648e+04 6.889645428640730529e+01 6.201334290399401761e-02 9.374919545011226596e-01 4.947025948833286540e-04
5.832110642223380273e+04 nan nan nan nan
5.780936665247679775e+04 8.765040986933820477e+01 8.039478035529379341e-02 9.190915126855043749e-01 5.137069592018069083e-04
5.811735631356480008e+04 1.127108179564244210e+02 1.026514977015741820e-01 8.968420167909931795e-01 5.064855074327915185e-04
5.817536505616900104e+04 9.702824493711875675e+01 9.032296743471021627e-02 9.091478961040445617e-01 5.291364612452763858e-04
5.827812278018520010e+04 6.484075234167126212e+01 5.911025329740613593e-02 9.403822921000509760e-01 5.074546025429310875e-04
5.774928362151620240e+04 1.287906761385040397e+02 1.173344151169347094e-01 8.821587696906735276e-01 5.068151923918669558e-04
5.816835994937500072e+04 1.082361562164462185e+02 1.034862298495456412e-01 8.959555724351108141e-01 5.581977153435371949e-04
5.826023629657409765e+04 4.399829424857443883e+00 4.085191923489858538e-03 9.953884019983073594e-01 5.264060782028602992e-04
5.814031619839119958e+04 1.145204731785641172e+02 1.056985508152666203e-01 8.937812862002370018e-01 5.201629844964737216e-04
5.806233003357639973e+04 7.222490215148158654e+01 4.521237455864929311e-02 9.545483443642126531e-01 2.392810771381657974e-04
5.756209248620369908e+04 9.204485355440303351e+01 7.237952542819418855e-02 9.272429023061372622e-01 3.775722656685960186e-04
5.780936871119210264e+04 8.982835830173432612e+01 8.424390502682899129e-02 9.152190412890277571e-01 5.370536841433485361e-04
5.779425195087960310e+04 7.560089112596449468e+01 5.790995420939983734e-02 9.417317676930974102e-01 3.582780975028692911e-04
5.818237133792819805e+04 5.922289453244896862e+01 3.006083763203609011e-02 9.697818399756970020e-01 1.573223922669603919e-04
5.786411054701390094e+04 1.065130486927889848e+02 9.765431874417852820e-02 9.018324123870515852e-01 5.132688687700335530e-04
5.774122674336809723e+04 7.784355750567830512e+01 5.347493708040139404e-02 9.462369101092505952e-01 2.881528103480205803e-04
5.794202124114579783e+04 3.878118508751480675e+01 2.925376096236954188e-02 9.703987917626124560e-01 3.474472750179978184e-04
5.751604215731479781e+04 1.380343235348446740e+02 1.219430951112115274e-01 8.775803555283678836e-01 4.765493604207303099e-04
5.817536710152780142e+04 9.655983690280753251e+01 8.888446016794213089e-02 9.105981400078441146e-01 5.173998242138905896e-04
5.815434955232639913e+04 2.715583405385612892e+01 1.391507057569679739e-02 9.859246003887049969e-01 1.603290355982435532e-04
5.756911800738429883e+04 9.419099174152334797e+01 8.058955494923808471e-02 9.189634461848869007e-01 4.469988658750440741e-04
5.753022130751160148e+04 9.112947220911421198e+01 6.021036413783699415e-02 9.395230774190641565e-01 2.665584430988322210e-04
5.829518035386569682e+04 4.577155076476937268e+01 2.732613769290184041e-02 9.724562252239128401e-01 2.176370831854317317e-04
5.813236604783560324e+04 1.069283801142868384e+02 9.898166072822399408e-02 9.004951110717472895e-01 5.232282000287761343e-04
5.795602759527780290e+04 1.322169469970047260e+02 1.137882375625691028e-01 8.857595024796595107e-01 4.522599577713843863e-04
5.807925724394679855e+04 9.857989931063818290e+01 8.193352866616893104e-02 9.176446639055819698e-01 4.218074282491495841e-04
5.831410002775459725e+04 7.598864390641092825e+01 6.667103116896368198e-02 9.328589182414477321e-01 4.700505895886662061e-04
5.777233828069439915e+04 8.302330720838220657e+01 6.094620522289959097e-02 9.387247455111041861e-01 3.290492659961894166e-04
5.795602964086810243e+04 1.345414119880501858e+02 1.161561528172648239e-01 8.833887123001767927e-01 4.551348825584821843e-04
5.826023217620370269e+04 3.151369115554758693e+01 2.869080571992280518e-02 9.708030730137024999e-01 5.061212663747354217e-04
5.815434747914350010e+04 2.245164268640938943e+01 1.086983379472534865e-02 9.889870406419553062e-01 1.431255633191800896e-04
5.774928157427079714e+04 1.229708513945926427e+02 1.129508827156841949e-01 8.865339567980566882e-01 5.151604862592013825e-04
5.790323764157410187e+04 8.537402374536291916e+01 7.446984261199089683e-02 9.250655597296627564e-01 4.645976583463707699e-04
5.827022672664350102e+04 nan nan nan nan
5.769338602006940346e+04 nan nan nan nan
5.830709591488430306e+04 7.638926365918818817e+01 6.932289205672036159e-02 9.301742372300910722e-01 5.028707131887055629e-04
5.822936072609949770e+04 7.941253338163734554e+01 6.734153017049687717e-02 9.322193778495660998e-01 4.390919799370513864e-04
5.773335686430559872e+04 9.399482132232469667e+01 6.985165904440483742e-02 9.298111210182687936e-01 3.372199373264071764e-04
5.754707211745370296e+04 9.884630369624501611e+01 9.199678129076097055e-02 9.074742962069166641e-01 5.289225023224839849e-04
5.772634417016200314e+04 1.110541255378563505e+02 9.983703588945296026e-02 8.996694704145291599e-01 4.934936960179378508e-04
5.788727339337959711e+04 5.621511018539634819e+01 3.341797382129880339e-02 9.663662409351829741e-01 2.157852435182270625e-04
5.816835790402779821e+04 1.070448938799481056e+02 9.990208499655926777e-02 8.995660703004079162e-01 5.318447030329993960e-04
5.769131833840280160e+04 nan nan nan nan
5.780125618298610061e+04 6.993060710562251359e+01 4.882692340878535403e-02 9.508753951436903495e-01 2.976814475242676962e-04
5.808635959826390172e+04 8.821805802892181703e+01 5.530158222938183488e-02 9.444584638925966891e-01 2.399538780214931287e-04
5.795602554311339918e+04 1.321883939924270805e+02 1.131983420138680529e-01 8.863538816638165674e-01 4.477763223154447234e-04
5.755422042105319997e+04 2.483646315065072230e+01 1.260012647791083559e-02 9.872427149932455626e-01 1.571585288436424231e-04
5.772634212504629977e+04 1.193527438893285222e+02 1.070343821111291865e-01 8.924745410599902451e-01 4.910768288806262576e-04
5.816135163695600204e+04 1.036183775574144477e+02 9.855399766511745152e-02 9.008936164651610845e-01 5.523858697214168107e-04
5.786411466642360028e+04 1.026946815489273206e+02 9.058104961109621212e-02 9.089438926053121648e-01 4.750577835916265645e-04
5.770134931630789652e+04 1.093252611975553918e+02 9.244837674772424241e-02 9.071149815831830443e-01 4.366416690926681887e-04
5.774928569214120216e+04 1.271473438193084178e+02 1.150090813848900634e-01 8.844913244804770702e-01 4.995941346330550446e-04
5.778635136835650337e+04 9.944223381797942807e+01 8.994743341743753617e-02 9.095529884113753294e-01 4.995781711872179180e-04
5.816835585621529754e+04 1.083304428778144768e+02 1.037646840997994424e-01 8.956750866953950840e-01 5.602292048056138531e-04
5.809433412939820118e+04 1.030742466671135134e+02 7.779244068342476559e-02 9.218597492867076637e-01 3.478100298676372725e-04
5.751604420141199807e+04 1.413536615457633445e+02 1.252888016959928241e-01 8.742314891219479245e-01 4.797091820593824192e-04
5.775723414351850079e+04 1.316628206451721326e+02 1.149348739684612902e-01 8.845998132482498777e-01 4.653127832890109703e-04
5.792506044400460087e+04 1.736498881285945686e+02 1.588829488652595545e-01 8.406058718883219205e-01 5.111792464185742997e-04
5.759101748648149805e+04 6.172276757823058091e+01 4.686922208332099798e-02 9.527786890000715658e-01 3.520889166073843616e-04
5.791805190278939699e+04 1.137577152036485444e+02 1.042308928282112274e-01 8.952564832841455322e-01 5.126238876432616560e-04
5.814732800942129688e+04 1.092867884990412080e+02 1.002892913468565184e-01 8.991964975584114672e-01 5.142110947320840345e-04
5.756209453456020128e+04 9.375003431578760171e+01 7.299018169098839270e-02 9.266396888398319431e-01 3.701294691797660220e-04
5.832110846770829812e+04 nan nan nan nan
5.790323971211809840e+04 1.058797881822041376e+02 9.371534573150036573e-02 9.058062853638831902e-01 4.783689046165928000e-04
5.819815355579859897e+04 8.806586096374688566e+01 8.323405256431333499e-02 9.162204979256766135e-01 5.454495100101410410e-04
5.811735835869210132e+04 1.094907230639275895e+02 9.748888906377797814e-02 9.020270241358416818e-01 4.840868003803246796e-04
5.812536191586810310e+04 8.892762024918619090e+01 6.465119827847551348e-02 9.350260656843303320e-01 3.227360371941721210e-04
5.807925312800930260e+04 9.636768943670983845e+01 7.975064700941590645e-02 9.198311634335573084e-01 4.181895570267738990e-04
5.808635550745369983e+04 1.052213985789022956e+02 7.892791840332763487e-02 9.207285071910369378e-01 3.435744056354413881e-04
5.753021926346060354e+04 9.045643963696603862e+01 6.009019345791033473e-02 9.396403455712083463e-01 2.694609708813686935e-04
5.809433205741900019e+04 1.017002058040537662e+02 7.585747721867450166e-02 9.238028030493358189e-01 3.397197319897768885e-04
5.825322797965280188e+04 8.759436323430693960e+01 7.825454123277557350e-02 9.212581161117578965e-01 4.873426554666430771e-04
5.774123162674769992e+04 8.971508610612359291e+01 6.210936953831695806e-02 9.375979788429034123e-01 2.926516187796722500e-04
5.823726240335650073e+04 nan nan nan nan
5.822936277232639986e+04 7.939241195617834990e+01 6.753147696394960764e-02 9.320267266592983102e-01 4.417963767521252620e-04
5.786411259569440153e+04 1.070987407930199424e+02 9.825524360877994912e-02 9.012308187939074289e-01 5.139375973127746633e-04
5.771925203789350053e+04 1.110785768981898798e+02 9.717143813463384461e-02 9.023612742271935883e-01 4.672876381725826907e-04
5.785705957910879806e+04 nan nan nan nan
5.827022465368059784e+04 nan nan nan nan
5.816135583026619861e+04 1.075807748804564739e+02 1.036684001178731634e-01 8.957645893812057336e-01 5.670105009211784050e-04
5.794201711207180051e+04 3.861230698848201826e+01 2.898326666662993586e-02 9.706726918510397706e-01 3.440414823304142238e-04
5.794201918894679693e+04 3.933262589538186660e+01 3.005158235870365041e-02 9.695919694198714689e-01 3.564482214249840744e-04
5.832900381342590117e+04 7.737922556063254831e+01 6.221747939526461879e-02 9.373877509941034303e-01 3.947696106320312142e-04
5.794902135501160228e+04 1.024456828274647364e+02 9.062272899562737183e-02 9.088994617079140248e-01 4.778092964585996315e-04
5.823726035914350359e+04 nan nan nan nan
5.789498600013890245e+04 1.678788934249622002e+02 1.447862438337723934e-01 8.547595740257390995e-01 4.541821404886176158e-04
5.777934543577550357e+04 9.394374545047081426e+01 9.021607579033487367e-02 9.092208057451331982e-01 5.631184645320205275e-04
5.831410411701389967e+04 7.601931325762119229e+01 6.612166117851571434e-02 9.334163757359272839e-01 4.619630855570565245e-04
5.819815770527780114e+04 9.582614918309927532e+01 9.246148794105116253e-02 9.069700240227197563e-01 5.684880362293024585e-04
5.753021721699069894e+04 9.081205219668323991e+01 6.028559917083190639e-02 9.394453044656992935e-01 2.690963634688508556e-04
5.814031824292820238e+04 1.145036248553812186e+02 1.064811732675646772e-01 8.929907769957099450e-01 5.280497367254526151e-04
5.779424990355320188e+04 7.351986620628505875e+01 5.458711406074252814e-02 9.450762670377481633e-01 3.366189015094084736e-04
5.822235540826390206e+04 9.023690143237179484e+01 7.847408254892242196e-02 9.210641197233697675e-01 4.617977277079957066e-04
5.820533327646990074e+04 9.449368769600916096e+01 8.683935565192234252e-02 9.126449466008147438e-01 5.156977472630660609e-04
5.805532454843750020e+04 9.055174679819398875e+01 7.598776028828718720e-02 9.235822468275133312e-01 4.299928841994974998e-04
5.829517830981480074e+04 4.602988218096923134e+01 2.749709719681989184e-02 9.722850006023059377e-01 2.179022008742827719e-04
5.787822169053240214e+04 1.628919487082531816e+02 1.272816742657268962e-01 8.723455049062297517e-01 3.728208280433741007e-04
5.807036205874999723e+04 7.913104841355601593e+01 4.774838205756097576e-02 9.520292914959685993e-01 2.223264464704642087e-04
5.769339011508099793e+04 nan nan nan nan
5.831410207297449961e+04 7.574172987587941464e+01 6.551390546054519648e-02 9.340292544736829017e-01 4.568400657719934527e-04
5.832110434920139960e+04 nan nan nan nan
5.820533120576389774e+04 9.055776945047009008e+01 8.144827943325337605e-02 9.180577739205768584e-01 4.939466461697713260e-04
5.814732389353009785e+04 1.027408566076592251e+02 8.723337790287841176e-02 9.123264255206772200e-01 4.401965764443688668e-04
5.750803061267360317e+04 1.247152043536364374e+02 1.093010777486175117e-01 8.902299169747287522e-01 4.690052766536998265e-04
5.776435913623840315e+04 1.037880388281318602e+02 8.482376873374747328e-02 9.147683740384072726e-01 4.078572278452980435e-04
5.750802856400459859e+04 1.279774340845689551e+02 1.137797784518171790e-01 8.857375729864001013e-01 4.826485617828589112e-04
5.819815560798609658e+04 9.183605407510277985e+01 8.729255336986696534e-02 9.121557559978654695e-01 5.516906322677570017e-04
5.769338806991899764e+04 nan nan nan nan
5.781719053767360310e+04 1.129359948699185878e+02 1.055988797856176470e-01 8.938672674400752749e-01 5.338527743072472506e-04
5.805532867262729997e+04 9.185060629081401373e+01 7.749103183480393620e-02 9.220743513965219407e-01 4.346167686741671515e-04
5.817536914803239779e+04 9.798154031404516218e+01 9.061580656478639140e-02 9.088619331019187619e-01 5.222603332949447884e-04
5.787822578078699735e+04 1.626622392688246919e+02 1.283292612590533344e-01 8.712906845370461673e-01 3.800542039004649840e-04
5.814031412269680004e+04 1.152713289824528573e+02 1.069165288212881870e-01 8.925581622942856397e-01 5.253088844264041215e-04
5.819022900959489925e+04 9.457332722281525150e+01 8.947619004357694472e-02 9.099772406047518247e-01 5.465693516713004832e-04
5.806233210521990259e+04 7.253971371135006052e+01 4.519854479624726973e-02 9.545643916031449905e-01 2.370636006078525183e-04
5.775723207074069796e+04 1.238114012281714196e+02 1.067861810372846554e-01 8.927595882676797601e-01 4.542306950356912927e-04
5.780125410884260054e+04 6.786950409502775017e+01 4.858122938020992265e-02 9.511059068346471301e-01 3.128637851429760005e-04
5.791098794153940253e+04 1.392976882550708808e+02 1.088723228648107860e-01 8.907546720045368405e-01 3.730051306524643086e-04
5.771924791943289893e+04 9.991157399566840525e+01 8.538299749720022758e-02 9.141710600291634847e-01 4.459424736363114391e-04
5.822935865428239777e+04 8.197516545767460627e+01 7.109126102138639547e-02 9.284495034523578827e-01 4.592355262557462322e-04
5.830709796201389690e+04 7.646893482955010768e+01 6.905241506952695951e-02 9.304496698168717161e-01 4.979151136014283189e-04
5.805532662721059751e+04 9.186868649794914177e+01 7.850166734124500167e-02 9.210524809928428702e-01 4.458516659122001486e-04
5.794902547202550340e+04 1.041488011390474639e+02 9.061631932162361736e-02 9.089214359880666283e-01 4.622446903098686760e-04
5.756912005475690239e+04 9.037407616363110208e+01 7.791651141281234760e-02 9.216296108270465304e-01 4.538777601412411758e-04
5.758399447690969828e+04 8.293690293559065196e+01 6.743491452216941739e-02 9.321614013807827392e-01 4.036840970479224524e-04
5.773335479246530303e+04 1.009824989231669150e+02 8.132034134937128622e-02 9.182836781463173947e-01 3.959805043113911907e-04
5.790323556789349823e+04 9.425981014161953908e+01 8.263519901873017659e-02 9.168955073298841185e-01 4.692936513858597691e-04
5.772634621746530320e+04 1.117328659742915846e+02 9.952719358991965470e-02 8.999883114263931283e-01 4.844949836873793008e-04
5.807036410302080185e+04 6.844462987454872405e+01 3.571071548974772553e-02 9.641230634721074111e-01 1.662210381449080829e-04
5.771136096131939848e+04 2.717642732975104636e+01 1.382115067140496541e-02 9.860209168967002391e-01 1.579324318947549638e-04
5.793309119048609864e+04 1.385758928194575503e+02 1.220286214435668815e-01 8.774978832426497677e-01 4.734953137834059349e-04
5.830710000846059847e+04 7.664110058043580409e+01 6.920319212054792946e-02 9.302989602593345619e-01 4.978476201176406605e-04
5.822235336199070298e+04 9.084348683585807294e+01 7.858468346779134972e-02 9.209583800105441975e-01 4.569365216644661449e-04
5.759101953285880154e+04 7.568963239415418798e+01 5.975549298144514770e-02 9.398639230231697894e-01 3.805839953851221304e-04
5.824427479357639822e+04 2.908660271447361367e+01 9.648907129186503479e-03 9.902838977250725261e-01 6.719514574102968723e-05
5.785705548473379895e+04 3.137673761503258518e+01 1.657984343978737354e-02 9.832496610588815633e-01 1.704955013310471509e-04
5.818236926697919989e+04 5.859921751090861619e+01 3.013172203070305782e-02 9.697068302490965408e-01 1.614477202004818267e-04
5.754707007224539848e+04 1.033988445493658901e+02 9.723280928212064966e-02 9.022272302789048348e-01 5.399604389746963558e-04
5.789499009097219823e+04 1.744205560612214470e+02 1.505384710913264812e-01 8.490066798355303535e-01 4.548490731432746487e-04
5.827022877195599722e+04 nan nan nan nan
5.807035998547449708e+04 8.716576364497295515e+01 5.865310436625921497e-02 9.410704194198732386e-01 2.764762138676053207e-04
