5.750802856400459859e+04 2.183771779415649519e+02 7.708131655627865619e-01 1.987561734403048286e-01 3.043066099690857479e-02
5.750803061267360317e+04 1.599311965298003031e+02 4.229114972931635186e-01 5.600095888420777435e-01 1.707891386475872061e-02
5.750803268356480112e+04 1.839566158559862572e+02 5.411795192748919403e-01 4.376817201873215435e-01 2.113876053778650926e-02
5.751604011126160185e+04 2.118696371679233721e+02 8.185515181039617616e-01 1.449913727977245048e-01 3.645710909831379604e-02
5.751604215731479781e+04 2.060288393069966446e+02 6.465255798715693336e-01 3.294228723154480898e-01 2.405154781298258007e-02
5.751604420141199807e+04 1.908180395086715748e+02 5.588138755294267401e-01 4.202390613961662913e-01 2.094706307440692347e-02
5.752321306202549749e+04 nan nan nan nan
5.752321513501159643e+04 1.315907211880390832e+02 7.145747287056132269e-01 2.134020719958030776e-01 7.202319929858355674e-02
5.752321720414349693e+04 nan nan nan nan
5.753021721699069894e+04 2.001667353888425396e+02 6.737772256138846450e-01 2.985484849154940723e-01 2.767428947062120989e-02
5.753021926346060354e+04 2.073506160776345553e+02 7.216139379949522148e-01 2.488041117170828598e-01 2.958195028796492890e-02
5.753022130751160148e+04 1.869578750130299056e+02 5.816883709643432265e-01 3.946676332251782271e-01 2.364399581047849433e-02
5.754706797363430087e+04 2.134786741974064057e+02 8.649411614328220699e-01 9.496369496189924209e-02 4.009514360527870885e-02
5.754707007224539848e+04 1.988774700278011665e+02 7.267573175462125334e-01 2.406263375891204981e-01 3.261634486466697541e-02
5.754707211745370296e+04 2.050164069395968056e+02 7.879477833936067155e-01 1.759739820766060558e-01 3.607823452978720091e-02
5.755421627608800191e+04 nan nan nan nan
5.755421834906250297e+04 nan nan nan nan
5.755422042105319997e+04 nan nan nan nan
5.756209248620369908e+04 1.612791239739347873e+02 4.897737055564550523e-01 4.877014263526461835e-01 2.252486809089883357e-02
5.756209453456020128e+04 1.930251969883187257e+02 6.840014141722234875e-01 2.853285963085877008e-01 3.066998951918872493e-02
5.756209657984950172e+04 2.275880857397643524e+02 9.405341844018683117e-01 1.775220708387178353e-02 4.171360851425984229e-02
5.756911800738429883e+04 1.053711044856398047e+02 2.264136061126114929e-01 7.623094968269826799e-01 1.127689706040578901e-02
5.756912005475690239e+04 1.076204503149149616e+02 2.334515421653141354e-01 7.550555077228559009e-01 1.149295011182992557e-02
5.756912210134259658e+04 9.653944882674836947e+01 2.202837773487889284e-01 7.669992705044280656e-01 1.271695214678311876e-02
5.758399242811340082e+04 1.360294861691535857e+02 3.744892844952413258e-01 6.069992708567539808e-01 1.851144464800477674e-02
5.758399447690969828e+04 1.435913519384002655e+02 4.130203645203617269e-01 5.667720697861520218e-01 2.020756569348623050e-02
5.758399652326390060e+04 1.438236273721012992e+02 4.032749764046189012e-01 5.775219958172493895e-01 1.920302777813170242e-02
5.759101543976849644e+04 1.338608256277089481e+02 3.582234573896940222e-01 6.242849771110499102e-01 1.749156549925597742e-02
5.759101748648149805e+04 1.000212399263128162e+02 2.614803444114807696e-01 7.218271601744464805e-01 1.669249541407261811e-02
5.759101953285880154e+04 1.263816863482782935e+02 3.593672873694102043e-01 6.208841074256208348e-01 1.974860520496899211e-02
5.759899435380790237e+04 2.270406827151568905e+02 9.483474232433700690e-01 9.038291769473426329e-03 4.261428498715652546e-02
5.780125822796300054e+04 1.627442774961703833e+02 5.614826876205828432e-01 4.094443742605380909e-01 2.907293811887908669e-02
5.780936665247679775e+04 1.404686711131969332e+02 4.741030322180792567e-01 4.980733143493807913e-01 2.782365343254002490e-02
5.780936871119210264e+04 1.841119219706811236e+02 8.184151327979356516e-01 1.333222226153178980e-01 4.826264458674645735e-02
5.780937075761570304e+04 1.651544079400555631e+02 6.508869752829387068e-01 3.111764199217760263e-01 3.793660479528519064e-02
5.781718846579860110e+04 1.785772037595961876e+02 6.756586428145090473e-01 2.893766195824039600e-01 3.496473760308706213e-02
5.781719053767360310e+04 1.908618776876870697e+02 7.620051118174099303e-01 1.990630398902861475e-01 3.893184829230390831e-02
5.781719258413190255e+04 1.851159806346330754e+02 7.226224301557359064e-01 2.401587422308705255e-01 3.721882761339361662e-02
5.785705548473379895e+04 nan nan nan nan
5.785705753340280353e+04 nan nan nan nan
5.785705957910879806e+04 nan nan nan nan
5.786411054701390094e+04 1.371801959722901358e+02 4.132630953566975296e-01 5.645703575628207016e-01 2.216654708048177574e-02
5.786411259569440153e+04 1.438292379935015504e+02 4.486086936167359429e-01 5.276300911109766956e-01 2.376121527228745867e-02
5.786411466642360028e+04 1.572717202198464292e+02 5.440054558235115634e-01 4.267710007977953968e-01 2.922354337869308843e-02
5.787822169053240214e+04 2.149096687891207580e+02 5.727822593038905952e-01 4.098679258816708693e-01 1.734981481443846965e-02
5.787822373693290137e+04 1.981644699881224767e+02 4.953316752001709622e-01 4.894078425282229472e-01 1.526048227160612530e-02
5.787822578078699735e+04 2.064552183250392545e+02 5.365882963519066351e-01 4.469126779152483575e-01 1.649902573284501781e-02
5.788727339337959711e+04 1.378465643585771261e+02 3.823917158207332800e-01 5.988128356323152435e-01 1.879544854695154588e-02
5.788727544106479763e+04 2.007230866846102799e+02 7.861813412267580903e-01 1.763491113147926115e-01 3.746954745844929824e-02
5.788727751406250172e+04 nan nan nan nan
5.789498600013890245e+04 2.149190779601018733e+02 6.305719676912221461e-01 3.484024990278466460e-01 2.102553328093123217e-02
5.789498804668980301e+04 2.119076429903017242e+02 6.140424291371074927e-01 3.654492002409427953e-01 2.050837062194964602e-02
5.789499009097219823e+04 1.962530244642232162e+02 5.204619278973351415e-01 4.623600620558181995e-01 1.717801004684657573e-02
5.790323556789349823e+04 1.628801932167332893e+02 4.301996652175369418e-01 5.527618401618102917e-01 1.703849462065280818e-02
5.790323764157410187e+04 1.640141746372149214e+02 4.464930721704074013e-01 5.354062715767570202e-01 1.810065625283552651e-02
5.790323971211809840e+04 1.579446415954105873e+02 3.880253374574408332e-01 5.972332868633206671e-01 1.474137567923844254e-02
5.791098384990740306e+04 2.184180079656243265e+02 6.742631833722176893e-01 3.024607470625118588e-01 2.327606956527055251e-02
5.791098589741899923e+04 2.211052201214409365e+02 7.119912367030213352e-01 2.626820437364849048e-01 2.532671956049378087e-02
5.791098794153940253e+04 1.995751452904295320e+02 5.613212464342794972e-01 4.193573936487065001e-01 1.932135991701398187e-02
5.791804778619210265e+04 1.348121776893728736e+02 5.826259521793281104e-01 3.717547033737435558e-01 4.561934444692836849e-02
5.791804983322919725e+04 1.612247105589445368e+02 6.580741056546559609e-01 3.012334264446684395e-01 4.069246790067558572e-02
5.791805190278939699e+04 2.030298950497819703e+02 8.107767444480533658e-01 1.502730078972260574e-01 3.895024765472050038e-02
5.772634417016200314e+04 2.292296478081082398e+02 9.343261448935165081e-01 2.509656255432639316e-02 4.057729255215710568e-02
5.772634621746530320e+04 1.870875543416236155e+02 6.216950214585934553e-01 3.513342535669965461e-01 2.697072497440996044e-02
5.773335479246530303e+04 1.602644620732387182e+02 4.862389594652457014e-01 4.912781221797292708e-01 2.248291835502494104e-02
5.773335686430559872e+04 1.938074076977426330e+02 7.095952648169412402e-01 2.576625010843134889e-01 3.274223409874527785e-02
5.773335891081020236e+04 2.210749269781485111e+02 9.278818026991486612e-01 2.909190020762976794e-02 4.302629709322154661e-02
5.774122674336809723e+04 1.403136570615263565e+02 3.638768779429198963e-01 6.196969386127539892e-01 1.642618344432610414e-02
5.774122955451389862e+04 1.447558001852375753e+02 3.836772550028789697e-01 5.991639100467794909e-01 1.715883495034161571e-02
5.774123162674769992e+04 1.487469057808586115e+02 4.005360959785102537e-01 5.817540460939748526e-01 1.770985792751481741e-02
5.774928157427079714e+04 2.151953949139167719e+02 8.555196827503069867e-01 1.058772599329156350e-01 3.860305731677731583e-02
5.774928362151620240e+04 2.076731152535094793e+02 7.799751040768166943e-01 1.855717754266725250e-01 3.445312049651075292e-02
5.774928569214120216e+04 1.891597802453903228e+02 6.547327991712480477e-01 3.160055899524175649e-01 2.926161087633431107e-02
5.775723207074069796e+04 2.059221439545630119e+02 7.527172860744724137e-01 2.146475864153868651e-01 3.263512751014070734e-02
5.775723414351850079e+04 2.131395075475969634e+02 8.125419708907974936e-01 1.519610555265442642e-01 3.549697358265817282e-02
5.775723621420140262e+04 2.181507247707558861e+02 8.394340133686836181e-01 1.244010722073901620e-01 3.616491442392625461e-02
5.776435706200230197e+04 1.652259400962413167e+02 5.005153966721068715e-01 4.770712902743455830e-01 2.241331305354759759e-02
5.776435913623840315e+04 1.392294067691472605e+02 3.587155649758124731e-01 6.250713322904967173e-01 1.621310273369069854e-02
5.776436118144680222e+04 1.410514858951746078e+02 3.711245211506823405e-01 6.119667248253765068e-01 1.690875402394111104e-02
5.777233828069439915e+04 1.475573472590053825e+02 4.601003141014198827e-01 5.161525619820024335e-01 2.374712391657761087e-02
5.777234032824070164e+04 1.403560969981998880e+02 4.282953411415948985e-01 5.489614483169981130e-01 2.274321054140705442e-02
5.777234237812500214e+04 1.329592890260795173e+02 3.768688710016016574e-01 6.035078850896865577e-01 1.962324390871182309e-02
5.777934543577550357e+04 1.739927559046518013e+02 7.063934233229048898e-01 2.533479832407010135e-01 4.025859343639408283e-02
5.777934750718750001e+04 1.858984976953053376e+02 8.030578029952933905e-01 1.513627040692397674e-01 4.557949293546677966e-02
5.777934957790510089e+04 1.480906619120826235e+02 5.074135317921502075e-01 4.639119335827758817e-01 2.867453462507385184e-02
5.778635136835650337e+04 1.502756685882952183e+02 4.729309942739902128e-01 5.028784495507733210e-01 2.419055617523647658e-02
5.778635344240740233e+04 1.715393640800891717e+02 6.295407268511741261e-01 3.375629235948812146e-01 3.289634955394459687e-02
5.778635548760420352e+04 1.930569509323644866e+02 7.944537279357110071e-01 1.641849924842656294e-01 4.136127958002324551e-02
5.779424990355320188e+04 1.808096783895805117e+02 6.878681963177271097e-01 2.767813696770084486e-01 3.535043400526442087e-02
5.779425195087960310e+04 1.675384115949751163e+02 5.989374418224506780e-01 3.698476705148243115e-01 3.121488766272494803e-02
5.779425399725689931e+04 1.476786964053432030e+02 4.549578789347848984e-01 5.218610062572907049e-01 2.318111480792441406e-02
5.780125410884260054e+04 1.828061029472548569e+02 7.354329065748754779e-01 2.250365875071707877e-01 3.953050591795372742e-02
5.792505839787040168e+04 1.904245341449706643e+02 5.012666370056448883e-01 4.818087232341630721e-01 1.692463976019202218e-02
5.792506044400460087e+04 1.958063610833754637e+02 5.232520322105045363e-01 4.593059834762925342e-01 1.744198431320279769e-02
5.793308914398150227e+04 1.853361858285348944e+02 5.286061934072575630e-01 4.515250042558542343e-01 1.986880233688814376e-02
5.793309119048609864e+04 1.826619640353867737e+02 5.088037816380641676e-01 4.722452218354185050e-01 1.895099652651735869e-02
5.793309323693290207e+04 2.144673300913694902e+02 6.993606359186418375e-01 2.746672253189068047e-01 2.597213876245121900e-02
5.794201711207180051e+04 1.311806594569337108e+02 3.795828430688560906e-01 5.999667871137112085e-01 2.045036981743271129e-02
5.794201918894679693e+04 1.109256792333340798e+02 2.791083036606171741e-01 7.054281550595566941e-01 1.546354127982613701e-02
5.794202124114579783e+04 1.027904016294451282e+02 2.402277865420412162e-01 7.464318091945225664e-01 1.334040426343613070e-02
5.794902135501160228e+04 1.649093238166588833e+02 5.803762602345582389e-01 3.893715723901968184e-01 3.025216737524506760e-02
5.794902342686340126e+04 1.611935349319614375e+02 5.285785251484116376e-01 4.451580458374141958e-01 2.626342901417421521e-02
5.794902547202550340e+04 1.607938145290405032e+02 5.348067789882836598e-01 4.381733813326513238e-01 2.701983967906507883e-02
5.795602554311339918e+04 2.133851365397524376e+02 6.895567248852240150e-01 2.849374543598256482e-01 2.550582075495039583e-02
5.795602759527780290e+04 2.186604153074108865e+02 7.389019116287179889e-01 2.332072942442470764e-01 2.789079412703498323e-02
5.795602964086810243e+04 2.007207165643660005e+02 6.228728672173571290e-01 3.536068756245264177e-01 2.352025715811645670e-02
5.796499293421299808e+04 nan nan nan nan
5.796499498196759669e+04 1.131976054512860657e+02 4.176058853347600075e-01 5.491521733776555392e-01 3.324194128758444639e-02
5.759899642730320193e+04 1.677628688535678521e+02 5.153846987158847703e-01 4.615638119617085366e-01 2.305148932240660628e-02
5.772634212504629977e+04 2.233507727877099853e+02 8.848507629277424513e-01 7.681447453019960014e-02 3.833476254205794159e-02
5.780125618298610061e+04 1.571763242209338216e+02 5.365296897999556336e-01 4.350099167415247270e-01 2.846039345851954228e-02
5.792505632480319764e+04 2.048447913901102879e+02 5.837229127262659745e-01 3.964439568592261764e-01 1.983313041450789765e-02
5.796499702621530014e+04 nan nan nan nan
5.805532454843750020e+04 1.429477064359274721e+02 3.939197387052361665e-01 5.875326177804088834e-01 1.854764351435495701e-02
5.805532662721059751e+04 1.503983000041831986e+02 4.386920073253838259e-01 5.405272422667473098e-01 2.078075040786883654e-02
5.805532867262729997e+04 1.412169103529932102e+02 3.818043125623847289e-01 6.003416728544423986e-01 1.785401458317291759e-02
5.806233003357639973e+04 1.770358824735799601e+02 6.060989439135465728e-01 3.652729847154323473e-01 2.862807137102095500e-02
5.806233210521990259e+04 1.691132378343185394e+02 5.503587372070982697e-01 4.237731849723934130e-01 2.586807782050827911e-02
5.806233414921299845e+04 1.641301080985024612e+02 5.249656755251831397e-01 4.500473920328268984e-01 2.498693244199003127e-02
5.807035998547449708e+04 1.480283053410896628e+02 4.094126506573036450e-01 5.719037468618076714e-01 1.868360248088863154e-02
5.807036205874999723e+04 1.417783705931141469e+02 3.733522581189137601e-01 6.097104005390112658e-01 1.693734134207497063e-02
5.807036410302080185e+04 1.395699334772675684e+02 3.589848996175307172e-01 6.248567784913430234e-01 1.615832189112628020e-02
5.807925312800930260e+04 1.388424030926370847e+02 3.754630012544833417e-01 6.066755086135959818e-01 1.786149013192057239e-02
5.807925519999999960e+04 1.353106065121587278e+02 3.624524684135370656e-01 6.200222066430912671e-01 1.752532494337161531e-02
5.807925724394679855e+04 1.358070306243031382e+02 3.597656115246095077e-01 6.230939302883183872e-01 1.714045818707213981e-02
5.808635550745369983e+04 2.065602685584379685e+02 7.496529885858531639e-01 2.181767484229087950e-01 3.217026299123806887e-02
5.808635755370370316e+04 1.912076338313830206e+02 6.413463516135639031e-01 3.311745524891877568e-01 2.747909589724825338e-02
5.808635959826390172e+04 2.038226787508640996e+02 7.343784194123503806e-01 2.339140486060008739e-01 3.170753198164866921e-02
5.759899847901619796e+04 1.747553970100520928e+02 5.648752384512174540e-01 4.096052993203857517e-01 2.551946222839680117e-02
5.769131419668979652e+04 nan nan nan nan
5.769131626776619669e+04 nan nan nan nan
5.769131833840280160e+04 nan nan nan nan
5.769338602006940346e+04 nan nan nan nan
5.769338806991899764e+04 nan nan nan nan
5.769339011508099793e+04 nan nan nan nan
5.770134931630789652e+04 1.667682709146708078e+02 5.073044236987174216e-01 4.700940335823065030e-01 2.260154271897611700e-02
5.770135136431710271e+04 1.452886705843679351e+02 3.783312259001377909e-01 6.051069368550808791e-01 1.656183724478131267e-02
5.770135341181710100e+04 1.483184279348689358e+02 3.989032977999548701e-01 5.834293013318980758e-01 1.766740086814703320e-02
5.771135891380789690e+04 nan nan nan nan
5.771136096131939848e+04 nan nan nan nan
5.771136301688660024e+04 1.228064277177634835e+02 4.213722559958388847e-01 5.498724829417070969e-01 2.875526106245393163e-02
5.771924791943289893e+04 1.681028567697832159e+02 5.386299856369936023e-01 4.362940003965105618e-01 2.507601396649571796e-02
5.771924999274309812e+04 1.831291813114438867e+02 6.163207222554699660e-01 3.560145710987970835e-01 2.766470664573295740e-02
5.771925203789350053e+04 1.620804798588698930e+02 4.895834221137362885e-01 4.881312198062136010e-01 2.228535808005005503e-02
