5.750802856400459859e+04 4.421844728366162371e+02 7.699545455783219916e-01 2.226400149816511742e-01 7.405439440026758725e-03
5.750803061267360317e+04 4.190449018340466409e+02 6.917555946686569923e-01 3.015884273770696455e-01 6.655977954273405509e-03
5.750803268356480112e+04 4.191849384222028903e+02 6.872231269206410254e-01 3.062122192447017666e-01 6.564653834657164719e-03
5.751604011126160185e+04 4.015022495469833075e+02 7.850741121083338880e-01 2.055874768807281205e-01 9.338411010938085094e-03
5.751604215731479781e+04 4.288655077050183877e+02 7.534464603153432360e-01 2.390149484811445457e-01 7.538591203512168791e-03
5.751604420141199807e+04 4.175528258452085879e+02 7.191891406638600825e-01 2.735649812104635759e-01 7.245878125676326852e-03
5.752321306202549749e+04 1.390500951240508130e+02 4.788496509104511190e-01 4.921846905512354819e-01 2.896565853831338522e-02
5.752321513501159643e+04 2.179203402157227458e+02 6.163836028260932798e-01 3.640759609613414827e-01 1.954043621256526184e-02
5.752321720414349693e+04 1.930990674573675960e+02 7.057652316734039921e-01 2.616069674131398237e-01 3.262780091345607314e-02
5.753021721699069894e+04 2.062085419310811005e+02 2.174495893365763211e-01 7.798343997056280674e-01 2.716010957795716042e-03
5.753021926346060354e+04 2.190312056333143289e+02 2.450783185349616200e-01 7.518637662936473731e-01 3.057915171391085811e-03
5.753022130751160148e+04 2.047702859894239111e+02 2.141950714404177447e-01 7.831324593479550566e-01 2.672469211627247643e-03
5.754706797363430087e+04 3.647761654058811587e+02 7.035601140837112188e-01 2.873537934740816313e-01 9.086092442207090863e-03
5.754707007224539848e+04 3.250120055031158017e+02 5.550658395872211104e-01 4.378102601476705491e-01 7.123900265108200000e-03
5.754707211745370296e+04 3.248892183673830800e+02 5.555000263736280530e-01 4.373595298112593621e-01 7.140443815112606542e-03
5.780936871119210264e+04 3.072050830322775141e+02 6.129896240926516748e-01 3.772856562762655352e-01 9.724719631082706650e-03
5.780937075761570304e+04 3.227016977976581416e+02 6.697648972967357173e-01 3.197137906696135290e-01 1.052131203365077802e-02
5.781718846579860110e+04 3.917154310835755382e+02 8.364326622526269128e-01 1.524308500079691042e-01 1.113648773940398469e-02
5.781719053767360310e+04 3.586591446966044145e+02 7.012599050813870249e-01 2.894027836386941499e-01 9.337311279918792187e-03
5.781719258413190255e+04 3.670761512729437186e+02 7.337492265165880267e-01 2.564916545492371691e-01 9.759118934174717402e-03
5.785705548473379895e+04 1.031337218636682280e+02 1.293709590196118753e-01 8.667857802302534331e-01 3.843260750134826036e-03
5.785705753340280353e+04 nan nan nan nan
5.785705957910879806e+04 nan nan nan nan
5.786411054701390094e+04 3.150450127294932372e+02 5.627245722061831046e-01 4.294829750289539394e-01 7.792452764863030609e-03
5.786411259569440153e+04 3.148001485031678612e+02 5.567454628365868796e-01 4.356149277917761298e-01 7.639609371636951578e-03
5.786411466642360028e+04 2.765195103176551470e+02 4.290339969628551575e-01 5.650862444716419075e-01 5.879758565502976597e-03
5.787822169053240214e+04 4.566212294391310706e+02 7.075821434396477594e-01 2.865528410098277523e-01 5.865015550524585453e-03
5.787822373693290137e+04 4.612519227131011803e+02 7.195396378329959042e-01 2.745166098378858388e-01 5.943752329118178086e-03
5.787822578078699735e+04 4.766683520428565544e+02 7.677313990623274575e-01 2.259326237297171747e-01 6.335977207955330488e-03
5.788727339337959711e+04 1.609169241454536632e+02 1.751282742483618593e-01 8.219788037273003667e-01 2.892922024337751894e-03
5.788727544106479763e+04 1.676057367761471824e+02 1.815254656781378761e-01 8.156095318756584334e-01 2.865002446203744699e-03
5.788727751406250172e+04 1.006522089205021047e+02 1.057119881906589259e-01 8.915938138793548795e-01 2.694197929986299946e-03
5.789498600013890245e+04 4.992897627273887906e+02 9.089278103915405804e-01 8.297785604717262953e-02 8.094333561286842088e-03
5.789499009097219823e+04 4.786841016429481783e+02 8.221373243500028627e-01 1.706579348652299821e-01 7.204740784767114416e-03
5.790323556789349823e+04 3.358199032068500856e+02 6.426867489419145762e-01 3.483675688901747836e-01 8.945682167910667948e-03
5.790323764157410187e+04 3.275797835869586834e+02 6.447775040070294894e-01 3.457598366191799721e-01 9.462659373790538453e-03
5.790323971211809840e+04 3.187396846251695024e+02 5.626713729302531553e-01 4.297172191117072382e-01 7.611407958039640397e-03
5.791098384990740306e+04 2.819950734415134548e+02 3.065259160955418061e-01 6.905881990901016065e-01 2.885884814356644203e-03
5.791098589741899923e+04 2.469412274293200369e+02 2.350755835231871094e-01 7.627110390439088006e-01 2.213377432904031078e-03
5.791098794153940253e+04 2.385872456210273356e+02 2.170580860570963666e-01 7.809203609587410666e-01 2.021552984162473549e-03
5.791804778619210265e+04 2.854579332524366464e+02 7.285163707563686586e-01 2.555753929359910193e-01 1.590823630764015909e-02
5.791804983322919725e+04 3.673557068608274108e+02 9.098720137651592488e-01 7.514443804126295923e-02 1.498354819357771567e-02
5.791805190278939699e+04 3.667487155616951213e+02 7.180821851059021599e-01 2.725543035955834137e-01 9.363511298514346631e-03
5.792505632480319764e+04 3.998634734012690615e+02 6.106701845961989283e-01 3.836331907946250452e-01 5.696624609176024687e-03
5.792505839787040168e+04 4.252619250292770516e+02 6.883261107829221626e-01 3.052750216198932831e-01 6.398867597184574284e-03
5.772634621746530320e+04 3.894789746908982693e+02 7.177170269808789138e-01 2.739889335094620737e-01 8.294039509658972589e-03
5.773335479246530303e+04 4.157591367352980569e+02 7.958367373966576119e-01 1.952139021770438465e-01 8.949360426298557172e-03
5.773335686430559872e+04 4.339211804886576829e+02 8.615475148763793722e-01 1.288238571627267348e-01 9.628627960893922436e-03
5.773335891081020236e+04 3.322449611156478682e+02 5.027891952297525169e-01 4.916173168645224245e-01 5.593487905725189578e-03
5.774122674336809723e+04 2.775461043445560563e+02 4.086630466491767422e-01 5.860416834389668983e-01 5.295269911856349994e-03
5.774122955451389862e+04 2.561413572012613145e+02 3.419832640883461727e-01 6.536628411187542786e-01 4.353894792899656169e-03
5.774123162674769992e+04 2.886493366903485480e+02 4.245335219199251608e-01 5.701831146413215423e-01 5.283363438753350613e-03
5.774928157427079714e+04 4.230449826770840787e+02 8.915032932826278955e-01 9.764993641659769352e-02 1.084677030077437626e-02
5.774928362151620240e+04 3.967106525911644326e+02 7.720888179569415088e-01 2.186596333813080051e-01 9.251548661750414945e-03
5.774928569214120216e+04 4.050403340561562118e+02 8.003137308111626380e-01 1.901505900786744085e-01 9.535679110162984667e-03
5.775723207074069796e+04 3.940235863665747047e+02 7.565002851138667994e-01 2.344964217621893221e-01 9.003293123943875015e-03
5.775723414351850079e+04 4.231771828548743315e+02 8.542460360132007047e-01 1.358010764848962826e-01 9.952887501902984990e-03
5.775723621420140262e+04 3.962310080982036880e+02 7.452628600355198918e-01 2.460964250638557338e-01 8.640714900624449010e-03
5.776435706200230197e+04 4.104960609011573069e+02 8.062656241090974119e-01 1.843118804439618508e-01 9.422495446940725231e-03
5.776435913623840315e+04 4.333738744616081817e+02 9.015566627121823773e-01 8.787301478190753801e-02 1.057032250591010379e-02
5.776436118144680222e+04 3.824092637715311298e+02 6.985824309142985022e-01 2.932666581742932044e-01 8.150910911408357565e-03
5.777233828069439915e+04 2.527438325048454999e+02 3.733345462481094668e-01 6.213362434163723913e-01 5.329210335518229542e-03
5.777234032824070164e+04 2.781215011350620330e+02 4.541260900485308838e-01 5.393619546019537969e-01 6.511955349515428579e-03
5.777234237812500214e+04 2.588554071334204991e+02 3.961828128077683475e-01 5.980957594605478267e-01 5.721427731683867424e-03
5.777934543577550357e+04 3.190857375970795147e+02 6.620842156804713774e-01 3.274000568977885606e-01 1.051572742174010540e-02
5.777934750718750001e+04 3.220778281327191053e+02 6.770167245434697278e-01 3.121912049576323622e-01 1.079207049889784747e-02
5.777934957790510089e+04 2.566128580564008530e+02 4.314990175467621203e-01 5.615949211036319610e-01 6.906061349606043565e-03
5.778635136835650337e+04 3.135825223182408763e+02 5.450772007212156822e-01 4.475430777754329514e-01 7.379721503351465220e-03
5.778635344240740233e+04 3.264494851694739168e+02 5.886250281274589824e-01 4.034340100270354390e-01 7.940961845505566455e-03
5.778635548760420352e+04 3.227630151679705364e+02 5.758667437631987962e-01 4.163581898332937570e-01 7.775066403507445954e-03
5.779424990355320188e+04 2.577446834557045463e+02 3.599965418654427207e-01 6.352386560801012161e-01 4.764802054456136922e-03
5.779425195087960310e+04 2.477955240112213744e+02 3.325641809006676941e-01 6.630364371859469586e-01 4.399381913385388976e-03
5.779425399725689931e+04 2.528713837539525855e+02 3.477355171507169884e-01 6.476457125015964156e-01 4.618770347686636767e-03
5.780125410884260054e+04 3.764433209062324295e+02 8.290115354977402040e-01 1.591430682764804760e-01 1.184539622577928872e-02
5.780125618298610061e+04 3.618294463889893677e+02 7.676233869344064598e-01 2.213836133393649042e-01 1.099299972622854241e-02
5.780125822796300054e+04 3.640571528538957864e+02 7.626106366025460215e-01 2.266718455088483075e-01 1.071751788860571090e-02
5.793308914398150227e+04 3.366744626570046535e+02 5.271588401329309059e-01 4.668530429230121070e-01 5.988116944056878603e-03
5.793309119048609864e+04 3.083582726407210544e+02 4.364093443496588898e-01 5.586984521863023190e-01 4.892203464038730534e-03
5.793309323693290207e+04 3.299412319071757338e+02 5.027138045830432667e-01 4.916160254656911643e-01 5.670169951265549915e-03
5.794201711207180051e+04 1.890102174597915337e+02 1.861698694132418452e-01 8.114605261098707389e-01 2.369604476887493451e-03
5.794201918894679693e+04 1.968904473105687600e+02 2.002867876756228571e-01 7.971857601410278216e-01 2.527452183349474836e-03
5.794202124114579783e+04 1.917612704240565904e+02 1.896194338530375334e-01 8.079923615407924586e-01 2.388204606169974566e-03
5.794902135501160228e+04 2.962369217462093047e+02 5.600075160407143038e-01 4.312640370182666549e-01 8.728446941019062100e-03
5.794902342686340126e+04 3.081180861850224346e+02 5.860080097966859913e-01 4.051571162461554132e-01 8.834873957158527816e-03
5.794902547202550340e+04 3.018796592740631581e+02 5.621719191011331773e-01 4.293577918344807509e-01 8.470289064386153297e-03
5.795602554311339918e+04 3.808504975234033054e+02 6.346866648981016601e-01 3.585300928134578236e-01 6.783242288440537171e-03
5.795602759527780290e+04 3.810163892333510489e+02 6.380811911636008471e-01 3.550687830087229657e-01 6.850025827676220133e-03
5.795602964086810243e+04 3.802032085682811839e+02 6.305296887430968944e-01 3.627528191864375917e-01 6.717492070465474856e-03
5.796499293421299808e+04 1.101622132096503464e+02 1.616621383846280902e-01 8.330779436578004127e-01 5.259917957571504966e-03
5.796499498196759669e+04 1.502687364336773896e+02 2.186284838548498699e-01 7.762013576854173147e-01 5.170158459732884793e-03
5.796499702621530014e+04 4.034357423509307239e+01 5.727972582316408906e-02 9.377966969498673366e-01 4.923577226968560427e-03
5.755421627608800191e+04 nan nan nan nan
5.759899847901619796e+04 3.910602903092469660e+02 7.734706947348557460e-01 2.169743660650505501e-01 9.554939200093686552e-03
5.772634417016200314e+04 4.079817074169906164e+02 7.859119300956270981e-01 2.050246100078799982e-01 9.063459896492971277e-03
5.780936665247679775e+04 2.866378074544037418e+02 5.340193888654977128e-01 4.575029756037912732e-01 8.477635530711007117e-03
5.792506044400460087e+04 4.027081760578745957e+02 6.189436230287939100e-01 3.752867341481809782e-01 5.769642823025231473e-03
5.805532454843750020e+04 2.842083647047873569e+02 6.054439360946937132e-01 3.834719292509802258e-01 1.108413465432598992e-02
5.805532662721059751e+04 2.701872471877643989e+02 5.395366897129124650e-01 4.507237374447572997e-01 9.739572842330191868e-03
5.805532867262729997e+04 2.869439654829167807e+02 5.986279111130757835e-01 3.907417436444693970e-01 1.063034524245477612e-02
5.806233003357639973e+04 9.733407179171403811e+01 7.014700733650586217e-02 9.285844176624318269e-01 1.268575001062218540e-03
5.806233210521990259e+04 9.731075737054374031e+01 6.942780651057345320e-02 9.293289024016493372e-01 1.243291087777197287e-03
5.806233414921299845e+04 1.069947820289777809e+02 8.197506481472693896e-02 9.165912097902823019e-01 1.433725394990642034e-03
5.807035998547449708e+04 2.157695814723217609e+02 2.961472672626583313e-01 6.992516222982552154e-01 4.601110439086503537e-03
5.807036205874999723e+04 1.560966556377980510e+02 1.565121141022794982e-01 8.410324061548432040e-01 2.455479742877256233e-03
5.807036410302080185e+04 1.280809245336936897e+02 1.054170919904518361e-01 8.929283545928238253e-01 1.654553416724229356e-03
5.807925312800930260e+04 3.152319738651045782e+02 7.889276552203799975e-01 1.957741046146780073e-01 1.529824016494210799e-02
5.807925519999999960e+04 3.142738764805949927e+02 7.727962079911701032e-01 2.124351338988192672e-01 1.476865811001068507e-02
5.807925724394679855e+04 3.260597958497500599e+02 8.177673596806055434e-01 1.668690514561885774e-01 1.536358886320590006e-02
5.808635550745369983e+04 2.342522055171198474e+02 3.003399756201196591e-01 6.956450152025543954e-01 4.015009177326072168e-03
5.808635755370370316e+04 2.222387048152466775e+02 2.706678894003297087e-01 7.257091658159861014e-01 3.622944783684231562e-03
5.808635959826390172e+04 1.753902260051735311e+02 1.691389923058507494e-01 8.285895516385157755e-01 2.271456055633371864e-03
5.809433205741900019e+04 2.939644315278254112e+02 4.370200989266939118e-01 5.575818015474383049e-01 5.398099525867798044e-03
5.809433412939820118e+04 2.781372101178193930e+02 3.906332599070482803e-01 6.045489498850051824e-01 4.817790207946501778e-03
5.809433617457179935e+04 3.010349472158778212e+02 4.558046866313529288e-01 5.385957859194488995e-01 5.599527449198075414e-03
5.755421834906250297e+04 7.210872048553092384e+01 8.228505603195820917e-02 9.145344542449518332e-01 3.180489723090043457e-03
5.755422042105319997e+04 6.311372281716074184e+01 7.619540785319930953e-02 9.202446934725125871e-01 3.559898674288200504e-03
5.756209248620369908e+04 2.876660888418623472e+02 4.583679497715644202e-01 5.354308067138460192e-01 6.201243514589551038e-03
5.756209453456020128e+04 3.303389233855838256e+02 5.961462949671133549e-01 3.958991876126415899e-01 7.954517420245180159e-03
5.756209657984950172e+04 2.931714449134714187e+02 4.674671730207182185e-01 5.263228993397641720e-01 6.209927639517657215e-03
5.756911800738429883e+04 2.817694625175308261e+02 5.067111083219082435e-01 4.853901003584252249e-01 7.898791319666392807e-03
5.756912005475690239e+04 2.618788582471995028e+02 4.473178514617408563e-01 5.455559286337372527e-01 7.126219904521887555e-03
5.756912210134259658e+04 2.346960479903951011e+02 4.247756865294182171e-01 5.672234771709565582e-01 8.000836299625257650e-03
5.758399242811340082e+04 2.300159820423525048e+02 3.166157817612032521e-01 6.787563953644600856e-01 4.627822874336762898e-03
5.758399447690969828e+04 2.333710576813624584e+02 3.223670925862966441e-01 6.729723801521275695e-01 4.660527261575845431e-03
5.758399652326390060e+04 2.452241661540446103e+02 3.517810305587995012e-01 6.431926980109562431e-01 5.026271430244371938e-03
5.759101543976849644e+04 2.566970774367420063e+02 3.909630972401093585e-01 6.033711538772428273e-01 5.665748882647807239e-03
5.759101748648149805e+04 1.868999553711962278e+02 2.766348334743382043e-01 7.180143141231286608e-01 5.350852402533089018e-03
5.759101953285880154e+04 2.298020391760679502e+02 3.527441717564012702e-01 6.415009044861300636e-01 5.754923757468627214e-03
5.759899642730320193e+04 3.737475785534318788e+02 7.077990279140151664e-01 2.834412407694499314e-01 8.759731316534978551e-03
5.769131419668979652e+04 nan nan nan nan
5.769131626776619669e+04 nan nan nan nan
5.769131833840280160e+04 nan nan nan nan
5.769338602006940346e+04 nan nan nan nan
5.769338806991899764e+04 nan nan nan nan
5.769339011508099793e+04 nan nan nan nan
5.770134931630789652e+04 3.377813860570045108e+02 5.971884888364551447e-01 3.951770381235960028e-01 7.634473039948877666e-03
5.770135136431710271e+04 3.181676366628659594e+02 5.239971624703516628e-01 4.693780263680530362e-01 6.624811161595366843e-03
5.770135341181710100e+04 3.416995993215896306e+02 5.962962200241406219e-01 3.962656663135519231e-01 7.438113662307410841e-03
5.771135891380789690e+04 nan nan nan nan
5.771136096131939848e+04 8.408220358419609397e+01 9.453791970773786635e-02 9.023744055151966537e-01 3.087674777065538539e-03
5.771136301688660024e+04 1.440849371199744837e+02 1.547642924864752467e-01 8.424177657884837078e-01 2.817941725041147802e-03
5.771924791943289893e+04 3.337871291465489776e+02 7.459256870761669100e-01 2.418765667854425316e-01 1.219774613839049240e-02
5.771924999274309812e+04 3.452133968059016524e+02 7.699701847212531147e-01 2.178791468017203248e-01 1.215066847702652060e-02
5.771925203789350053e+04 3.322076826071511277e+02 6.980903705153331806e-01 2.911243454136766551e-01 1.078528407099014694e-02
5.772634212504629977e+04 4.246091146953677935e+02 8.445138644489409430e-01 1.458242346322185523e-01 9.661900918840414521e-03
