5.777234281500000361e+04 6.803332088017970136e+02 4.292449015632987530e-01 2.717881421127147507e-02 5.435762842254296956e-01
5.809433671799999865e+04 8.517228003457759087e+02 4.661725470687246853e-01 1.247642706084589742e-01 4.090631823228163544e-01
5.793309379199999967e+04 9.794784536640992201e+02 5.394366155578311783e-01 4.638767900856375498e-02 4.141757054336050459e-01
5.792506100400000287e+04 1.002046245400765088e+03 5.286079827501763972e-01 9.139039109115881798e-02 3.800016261586646737e-01
5.791805243000000337e+04 7.709872658537768757e+02 4.447449937468830883e-01 1.008728407432012419e-01 4.543821655099156143e-01
5.791098849599999812e+04 9.939194396471185655e+02 5.340370313153379733e-01 7.174725913757062923e-02 3.942157095470913419e-01
5.790324025799999799e+04 9.067677512023542477e+02 5.225276051831403423e-01 2.403232376571088832e-02 4.534400710511487520e-01
5.789499064199999702e+04 1.027867466805707181e+03 5.639186120961926507e-01 2.507159723103887655e-02 4.110097906727685491e-01
5.788727804399999877e+04 4.190473297037481188e+02 2.799997680472869344e-01 1.103471989698908279e-01 6.096530329828222516e-01
5.787822632400000293e+04 1.011923925113758855e+03 5.323435131856436575e-01 8.975225504517947428e-02 3.779042317691767572e-01
5.786411510249999992e+04 nan nan nan nan
5.781719312199999695e+04 6.867475014086255669e+02 4.046837897175928345e-01 1.211495752506213108e-01 4.741666350317859657e-01
5.808636015600000246e+04 8.937821421098392420e+02 5.154387216950757633e-01 3.042699685701024184e-02 4.541342814479140677e-01
5.780937131200000294e+04 nan nan nan nan
5.780125876599999901e+04 6.920116845906026128e+02 4.232617754528708032e-01 6.589834452309978330e-02 5.108398800240293580e-01
5.779425455399999919e+04 7.079567904217988144e+02 4.208123951763306225e-01 9.673229051823881153e-02 4.824553143054304827e-01
5.778635604199999943e+04 7.106340980433982395e+02 4.218497088109468551e-01 9.695986989146417045e-02 4.811904212975888773e-01
5.776436173199999757e+04 7.062635127507739981e+02 4.003667690119438460e-01 1.608236949558159712e-01 4.388095360322400995e-01
5.775723675499999808e+04 nan nan nan nan
5.774928621600000042e+04 7.198974632701050496e+02 4.402618432107767155e-01 4.902815971876408468e-02 5.107099970704592762e-01
5.774123215599999821e+04 6.355335875599743076e+02 3.592037198230066397e-01 2.045837000701224151e-01 4.362125801068709174e-01
5.773335945999999967e+04 7.145639729670431279e+02 4.425223705223911286e-01 3.377858816468366082e-02 5.236990413129251065e-01
5.807925779399999738e+04 8.503051060829282051e+02 5.084937693940060344e-01 3.174158468891161849e-03 4.883320721371027795e-01
5.772634675399999833e+04 7.023338563552830465e+02 4.209438526017058035e-01 8.853844523963755320e-02 4.905177021586566988e-01
5.771925258400000166e+04 6.357534292763773465e+02 3.847746767237360532e-01 1.150421336207648332e-01 5.001831896554991275e-01
5.771136364332999801e+04 4.078520884805899982e+02 2.216486552348744254e-01 3.750604925552159519e-01 4.032908522099096227e-01
5.770135396400000172e+04 6.486837689836557956e+02 3.785920095719341183e-01 1.562822490896931815e-01 4.651257413383725892e-01
5.769339066399999865e+04 6.711340941705130945e+02 4.139693180284022556e-01 6.649993554287633724e-02 5.195307464287214350e-01
5.759899903600000107e+04 7.363648966917083953e+02 4.434285185716543842e-01 6.140112428568936243e-02 4.951703571426562256e-01
5.758399705600000016e+04 7.431923670807840381e+02 4.640030902074387398e-01 3.725897088925450053e-03 5.322710127036357486e-01
5.756912264600000344e+04 5.611430534053519068e+02 3.615841926936320117e-01 7.143906902362552602e-02 5.669767382827424207e-01
5.756209713000000193e+04 6.877826586628056020e+02 4.007055181832717139e-01 1.358030032268378873e-01 4.634914785898903711e-01
5.755422095200000331e+04 2.716412859604726577e+02 1.878628071942315680e-01 1.590312878554118181e-01 6.531059049503565861e-01
5.807036465799999860e+04 8.622151349391018584e+02 4.682933173908848667e-01 1.288985897234218303e-01 4.028080928856931919e-01
5.754707267400000273e+04 7.255231669364079607e+02 4.347287080558878136e-01 7.500998063091858514e-02 4.902613113131935596e-01
5.753022185000000172e+04 7.391759529082736435e+02 4.465579677949411130e-01 5.507009865705447815e-02 4.983719335480043533e-01
5.752321772999999666e+04 1.975416524807319831e+02 1.311099203040594907e-01 2.673739289891627346e-01 6.015161507067776636e-01
5.751604474399999890e+04 7.574465340023916724e+02 4.542148518015975411e-01 5.475037698976327472e-02 4.910347712086392535e-01
5.806233470400000078e+04 8.480995026324748096e+02 4.858963736696418900e-01 6.588773589412610932e-02 4.482158904362320562e-01
5.805532922400000098e+04 8.678914282834164169e+02 4.893231352218106456e-01 7.661238132881463547e-02 4.340644834493747051e-01
5.795603018600000360e+04 9.621632086722250961e+02 5.206992918789793423e-01 7.938355491199214353e-02 3.999171532090284309e-01
5.794902591750000283e+04 7.714139090011203734e+02 4.602380652320798848e-01 5.370886428802806173e-02 4.860530704798919910e-01
5.794202174499999819e+04 nan nan nan nan
