5.777233883400000195e+04 2.888361322034745058e+02 2.181731700678254671e-01 2.726849930007583470e-03 7.790999800021668475e-01
5.787822224200000346e+04 4.603530846873487121e+02 3.215983674335516351e-01 1.199531373889594146e-02 6.664063188275524130e-01
5.790323610400000325e+04 3.722077216017124215e+02 2.718076412980307555e-01 2.021139807467568304e-19 7.281923587019693000e-01
5.771924844599999778e+04 3.032645993266727942e+02 2.267422081181408866e-01 9.923347773409835204e-03 7.633344441084491949e-01
5.769338653799999884e+04 3.175782015372231513e+02 2.329512958045059090e-01 3.232772316532733781e-02 7.347209810301668087e-01
5.772634267800000089e+04 3.349300057360043184e+02 2.478360841820004545e-01 4.486067092353871778e-03 7.476778487256455774e-01
5.788727394199999981e+04 2.417088763254278660e+02 1.830225614072766016e-01 3.405703744972063407e-02 7.829204011430027643e-01
5.770134986000000208e+04 3.262518591681424027e+02 2.425611870305517670e-01 2.641789581856572328e-03 7.547970233875915813e-01
5.756911854999999923e+04 2.970799093169806042e+02 2.232773895279463461e-01 5.399263429299277182e-03 7.713233470427542926e-01
5.753021771799999988e+04 3.528656350360804481e+02 2.582662378401364700e-01 1.024090006926833135e-02 7.314928620905951639e-01
5.752321354799999972e+04 8.394637356625403868e+01 6.885751708602655397e-02 1.240298324552406399e-02 9.187394996684494775e-01
5.774928212199999689e+04 3.255804424833395387e+02 2.421828001410729625e-01 2.266651644642852723e-03 7.555505482142842455e-01
5.791804831600000034e+04 1.994598689582413442e+02 1.560665048823008105e-01 7.941919963960517720e-03 8.359915751537386752e-01
5.774122727999999915e+04 3.221620390541064012e+02 2.396776215394534892e-01 4.534725915271647402e-03 7.557876525452748018e-01
5.794902188600000227e+04 3.024619768450518791e+02 2.256365007038970139e-01 1.443857358844549167e-02 7.599249257076575725e-01
5.781718901400000323e+04 2.997205601788188574e+02 2.235618727971484254e-01 1.671393228812400461e-02 7.597241949147275353e-01
5.751604065599999740e+04 3.335128816466299213e+02 2.468298366575792102e-01 5.235542346968167886e-03 7.479346209954526037e-01
5.756209302400000161e+04 3.258318260983861023e+02 2.406953330641670441e-01 1.415779064944143809e-02 7.451468762863915352e-01
5.780936719199999789e+04 2.611064701805196933e+02 1.998270368257350771e-01 3.998865383179742486e-04 7.997730766359468779e-01
5.780125464600000123e+04 2.941555783146110343e+02 2.209693365330161474e-01 8.476100195981032051e-03 7.705545632710028015e-01
5.794201764199999889e+04 nan nan nan nan
5.758399295800000255e+04 3.275319920774437037e+02 2.427050412928738465e-01 7.497969888189367701e-03 7.497969888189367493e-01
5.791098435800000152e+04 4.243387564707771844e+02 3.022082476214353886e-01 5.194479546242415993e-03 6.925972728323221972e-01
5.778635191399999894e+04 3.143720729136620093e+02 2.336990287815556566e-01 1.169637129875518260e-02 7.546045999196892007e-01
5.779425045400000090e+04 3.055349241779937870e+02 2.262843932904908817e-01 2.471695549023601030e-02 7.489986512192731150e-01
5.776435761199999979e+04 3.359124367000944744e+02 2.479845041609324285e-01 7.814114504018020504e-03 7.442013813350495388e-01
5.775723262200000318e+04 3.431409853480656693e+02 2.528183792748872616e-01 5.930012862897720421e-03 7.412516078622150006e-01
5.759101594399999885e+04 5.723513081679074048e+02 3.776994687498461678e-01 2.765119417403932162e-02 5.946493370761144481e-01
5.786411109399999987e+04 2.798995108606618487e+02 2.120394048078406979e-01 4.310077845407136489e-03 7.836505173467520624e-01
5.795602603000000090e+04 4.080101115354109425e+02 2.925775743036081455e-01 5.266171903447085419e-03 7.021562537929447734e-01
5.785705604199999652e+04 1.484151699194861180e+02 1.185891961615689744e-01 9.590028528410227474e-03 8.718207753100207791e-01
5.773335532799999783e+04 3.200701348925984462e+02 2.381273614897037594e-01 6.046608242145210324e-03 7.558260302681509835e-01
5.759899491000000125e+04 3.455307564048625295e+02 2.549719406725555193e-01 1.487081954745398315e-03 7.435409773726990856e-01
5.796499347000000125e+04 1.537883126018765267e+02 1.231158070645515940e-01 1.750267850170557013e-03 8.751339250852778751e-01
5.793308969999999681e+04 4.031188259472849040e+02 2.891882597174266767e-01 8.081398925605135994e-03 7.027303413569682133e-01
5.792505683999999746e+04 4.314574088002971735e+02 3.059892074532706285e-01 7.211393688016485767e-03 6.867993988587128840e-01
5.754706852200000139e+04 3.425374601043913003e+02 2.523308970735909651e-01 6.669000918075005356e-03 7.410001020083339940e-01
5.789498652399999992e+04 4.359070631522967005e+02 3.069603308546522413e-01 1.591248873953656287e-02 6.771271804058112131e-01
