5.792512367400000221e+04 6.450620927805483689e+02 4.173249443547696891e-01 1.114483881931507998e-02 5.715302168259152049e-01
5.792512367400000221e+04 6.450620927805483689e+02 4.173249443547696891e-01 1.114483881931507998e-02 5.715302168259152049e-01
5.807205036400000245e+04 7.517327797558385782e+02 4.680326653901818457e-01 2.646603497810169365e-03 5.293207311120079472e-01
5.804720856600000116e+04 nan nan nan nan
5.791326190599999973e+04 nan nan nan nan
5.790129479800000263e+04 nan nan nan nan
5.788733472400000028e+04 8.141143225107299486e+02 4.933185686953126536e-01 5.289101717208844443e-03 5.013923295874784802e-01
5.787234735999999975e+04 9.443607965553819668e+02 5.407731025910069711e-01 1.146429773130994666e-02 4.477625996776831707e-01
5.787038100999999733e+04 8.265703344696770500e+02 4.882633748077818692e-01 3.525932096706546615e-02 4.764773042251527757e-01
5.784721859799999947e+04 6.315798243455436705e+02 4.071815605719605879e-01 2.525650603594806198e-02 5.675619333920913778e-01
5.783534524799999781e+04 6.310822052111648190e+02 4.094220113201758049e-01 1.584773786378343083e-02 5.747302508160407886e-01
5.779933720400000311e+04 nan nan nan nan
5.778533735000000161e+04 5.864656583119887046e+02 3.880008194282613676e-01 1.431238143106157955e-02 5.976867991406771274e-01
5.772705840599999647e+04 6.765710893118538252e+02 4.302126765312460632e-01 1.766782487640402785e-02 5.521194985923499887e-01
5.801823316000000341e+04 8.281253503535693881e+02 4.963044268633830525e-01 1.324224050719376156e-02 4.904533326294230888e-01
5.771409287999999651e+04 nan nan nan nan
5.770204215200000181e+04 7.585827438242818062e+02 4.701766400505728583e-01 5.245775995871854863e-03 5.245775839535552487e-01
5.769015644400000019e+04 7.675765404134475602e+02 4.723330684904064047e-01 1.059987472570883375e-02 5.170670567838847598e-01
5.800030396599999949e+04 nan nan nan nan
5.798704838600000221e+04 nan nan nan nan
5.797409441199999856e+04 nan nan nan nan
5.796212728400000196e+04 5.688376086545388262e+02 3.820393201417927043e-01 2.028246146187824908e-03 6.159324337120195558e-01
5.794916307000000234e+04 6.117788925833610847e+02 4.039808523549354713e-01 5.954231566481029986e-04 5.954237244884164060e-01
5.793718743199999881e+04 8.716309878094184569e+02 5.168154717387357655e-01 3.120416724985808788e-03 4.800641115362783706e-01
5.792512367400000221e+04 6.450620927805483689e+02 4.173249443547696891e-01 1.114483881931507998e-02 5.715302168259152049e-01
