5.750823479354169831e+04 2.903972074374679551e+02 4.991151052081514439e-01 4.936697642574974787e-01 7.215130534350970744e-03
5.750823684359950130e+04 3.291914706659026137e+02 5.613411659722693514e-01 4.315567750663845126e-01 7.102058961346117798e-03
5.750823888879630249e+04 3.590047575796763226e+02 6.011010292002625377e-01 3.920516263971151605e-01 6.847344402622181254e-03
5.751127795192129997e+04 5.526939999351286588e+02 7.840775578894556563e-01 2.110068460866643403e-01 4.915596023879958282e-03
5.751128002734950132e+04 5.579323534371408186e+02 7.902887897774713011e-01 2.048107576772946470e-01 4.900452545234105714e-03
5.751128210050929920e+04 5.432593367444442265e+02 7.446460497622436892e-01 2.507650034811198525e-01 4.588946756636485234e-03
5.751622383775460185e+04 nan nan nan nan
5.751622588629629900e+04 nan nan nan nan
5.751622793262729829e+04 nan nan nan nan
5.752032221108800150e+04 nan nan nan nan
5.752032425738430175e+04 nan nan nan nan
5.752032630150460318e+04 nan nan nan nan
5.752333383954859892e+04 1.743408632728709335e+02 2.228467487827811566e-01 7.731626175936902046e-01 3.990633623528774994e-03
5.752333588821760350e+04 1.389220089199134236e+02 1.867839855904613877e-01 8.088006677840421377e-01 4.415346625496563079e-03
5.794831891516200267e+04 3.869236106061937903e+02 3.804316062265034049e-01 6.172072069266729688e-01 2.361186846823638483e-03
5.795131904060189845e+04 5.871651013109953965e+02 9.264508894471611411e-01 6.746843302751563687e-02 6.080677525323193409e-03
5.795132111849539797e+04 5.655566097700975661e+02 8.431231458778497556e-01 1.514486334322470706e-01 5.428220689903129510e-03
5.795132316312500188e+04 5.614137133461181293e+02 8.264063720492744736e-01 1.683012735613174660e-01 5.292354389408094294e-03
5.795434710633099894e+04 3.573595227761027218e+02 4.196567466971658500e-01 5.769749954028703387e-01 3.368257899963759700e-03
5.795434915491900028e+04 3.627244824647712562e+02 4.258403835644432589e-01 5.707932019551104075e-01 3.366414480446360512e-03
5.795435120121530053e+04 3.023539544381976043e+02 3.437717448089571137e-01 6.530708036952698192e-01 3.157451495773113889e-03
5.795825557232640131e+04 5.825931679995991317e+02 8.631859107951495025e-01 1.314523517012557152e-01 5.361737503594775356e-03
5.795825764436340251e+04 5.536827752975630119e+02 7.775059661606672501e-01 2.176777389334982327e-01 4.816294905834482554e-03
5.795825969094909669e+04 5.526894760713314554e+02 7.735119159803316435e-01 2.217039948744347622e-01 4.784089145233587359e-03
5.796226067233800131e+04 3.627938845687537537e+02 4.982867394646863790e-01 4.971057495324898712e-01 4.607511002823846957e-03
5.796226272096070170e+04 4.897620356882780470e+02 7.262587497707263529e-01 2.683704356692896975e-01 5.370814559983921009e-03
5.796226476614580315e+04 5.378156209513228987e+02 8.925152929878158448e-01 1.007581605668652347e-01 6.726546445318926613e-03
5.796526788873840269e+04 8.515049272357055088e+01 9.814030088879038827e-02 8.986151968841497029e-01 3.244502227059976960e-03
5.796526993535880320e+04 1.199602657387312377e+02 1.445946738039299295e-01 8.518567233998368682e-01 3.548602796233256071e-03
5.796527198114580096e+04 6.943846677738835638e+01 7.766500639857099042e-02 9.192795226733780911e-01 3.055470928050876833e-03
5.797027938540509786e+04 4.119413979465097100e+02 4.255794380055912818e-01 5.718137000418774818e-01 2.606861952531322295e-03
5.797028143182869826e+04 4.227398591610450467e+02 4.501930380115623520e-01 5.470369682367530739e-01 2.769993751684546746e-03
5.797028347689809743e+04 4.965362653491142737e+02 6.206558199620881844e-01 3.755280131886556960e-01 3.816166849256169471e-03
5.797328356476849876e+04 nan nan nan nan
5.797328561118060315e+04 nan nan nan nan
5.797328765510419908e+04 nan nan nan nan
5.798009512350690056e+04 5.856021726639337430e+02 9.243884503536163866e-01 6.952555873413758525e-02 6.085990912246120980e-03
5.798009717217589787e+04 5.895189207629236989e+02 9.245965889106757540e-01 6.939531715823461788e-02 6.008093931089710481e-03
5.798009921662040142e+04 5.829785588385440178e+02 9.000425839267139905e-01 9.413573261336738440e-02 5.821683459918697984e-03
5.798336581408559869e+04 5.888403177940424484e+02 9.323048028895984940e-01 6.157242065808307685e-02 6.122776452318499409e-03
5.798336786162039789e+04 5.956326965157634277e+02 9.588838783836023394e-01 3.478613763057793185e-02 6.329983985819826776e-03
5.798336990800929925e+04 5.911834377782636238e+02 9.332495684951336301e-01 6.066377609461035686e-02 6.086655410255952317e-03
5.798637001756940299e+04 5.783313505553015830e+02 9.296729926822938639e-01 6.401547812105648494e-02 6.311529196649551428e-03
5.798637209084490314e+04 5.456552855151885524e+02 8.343892090631732650e-01 1.598995791936821953e-01 5.711211743144576150e-03
5.773313283907409641e+04 1.648314127989502538e+02 1.104799484603743165e-01 8.884227787722238645e-01 1.097272767401760024e-03
5.773313491203699959e+04 1.884793282070926068e+02 1.292020199881468157e-01 8.696502524952579583e-01 1.147727516595324973e-03
5.773313695576389728e+04 1.953829437162238492e+02 1.348316522693062403e-01 8.640051914959528956e-01 1.163156234740882157e-03
5.773613697483800206e+04 nan nan nan nan
5.773613904766199994e+04 nan nan nan nan
5.773614109170140000e+04 1.322792017129847295e+02 6.748515507475214004e-02 9.318791320510133591e-01 6.357128742345136401e-04
5.773914103421299660e+04 2.395684472290443807e+02 2.174950135220821423e-01 7.804918787787484824e-01 2.013107699169246895e-03
5.773914310640050098e+04 2.317111781890460520e+02 2.037771021398877558e-01 7.943338436112341583e-01 1.889054248878083110e-03
5.773914515188660152e+04 2.125243351778100873e+02 1.750224579733070107e-01 8.233210175331797664e-01 1.656524493513254932e-03
5.774214593089120171e+04 4.847870996740958844e+02 9.549530606896808882e-01 3.556953129957602516e-02 9.477408010743119601e-03
5.774214797937499679e+04 4.865375743607544905e+02 9.732427262973243343e-01 1.698406441593700369e-02 9.773209286738656840e-03
5.774215002598379942e+04 4.659697099609844031e+02 9.062997961863639151e-01 8.446054300371906576e-02 9.239660809917045123e-03
5.774603153121530340e+04 nan nan nan nan
5.774603357987270283e+04 3.140991198138310097e+02 3.021320409181575406e-01 6.956080666540512825e-01 2.259892427791101912e-03
5.774603562748840341e+04 3.748343312198627473e+02 4.264804202889480589e-01 5.703576871447267882e-01 3.161892566325248330e-03
5.774910287126160256e+04 3.409072288103782853e+02 4.534790175256218081e-01 5.421991332629567673e-01 4.321849211421585971e-03
5.774910491856480076e+04 3.585646309241158747e+02 4.991136997464513669e-01 4.961537882761190010e-01 4.732511977429622492e-03
5.774910696269680193e+04 3.424791276173797883e+02 4.602882978036562100e-01 5.352998669369301021e-01 4.411835259413680876e-03
5.775210701935189718e+04 4.894458763422466632e+02 9.312626764055783601e-01 5.989507574329080292e-02 8.842247851130755412e-03
5.775210909396989882e+04 4.535743679221884008e+02 8.055766960619085149e-01 1.867188046811318058e-01 7.704499256959686238e-03
5.775211113959489739e+04 4.920355074569241651e+02 9.621265458210018773e-01 2.853448068772570373e-02 9.338973491272427666e-03
5.785731888864580105e+04 nan nan nan nan
5.785732096162039670e+04 nan nan nan nan
5.785732303363429673e+04 nan nan nan nan
5.787323558943290118e+04 nan nan nan nan
5.787323766340279690e+04 nan nan nan nan
5.787323970866900345e+04 2.378281649376725397e+02 4.896023007422580231e-01 5.000465643901580437e-01 1.035113486758387769e-02
5.787636561278929730e+04 5.851416053300797557e+02 7.743869495252063695e-01 2.213352381243790246e-01 4.277812350414638906e-03
5.787636768714120262e+04 6.086739605461358451e+02 8.278352128877924931e-01 1.676467896484430675e-01 4.517997463764534746e-03
5.787636973238430073e+04 6.222001035135275515e+02 8.651327317301122921e-01 1.301451923405847477e-01 4.722075929302899447e-03
5.790336961260419775e+04 5.788279439473658385e+02 8.602324563848114947e-01 1.343729304595771279e-01 5.394613155611381779e-03
5.759727180795140157e+04 1.904567915798408251e+02 2.013385056375937288e-01 7.959319611011403950e-01 2.729533261265845029e-03
5.759727385310189857e+04 8.734798172984616826e+01 8.882687582452242214e-02 9.086472561051752717e-01 2.525868070302431535e-03
5.760041507263889798e+04 5.807247410348178391e+02 8.330794501803209240e-01 1.618941176935546344e-01 5.026432126124357434e-03
5.760041711899310030e+04 5.560119533536095560e+02 7.505441664560893456e-01 2.450053019545590238e-01 4.450531589351847464e-03
5.760041916413189756e+04 5.668892201849178036e+02 7.836105493747085315e-01 2.117225152420194878e-01 4.666935383271992796e-03
5.760342213885419915e+04 5.489868475602045237e+02 7.638615985140057019e-01 2.314097956713180304e-01 4.728605814676282472e-03
5.760342418274310330e+04 6.075702228487774619e+02 9.275030482606894111e-01 6.680494551228212396e-02 5.692006227028392935e-03
5.760342622562500037e+04 5.885769193917730036e+02 8.751502234990409246e-01 1.194498680374284777e-01 5.399908463530692267e-03
5.760642632716440130e+04 5.929577892002974977e+02 9.382895052784400169e-01 5.559468735418073015e-02 6.115807367379233819e-03
5.760642838563660189e+04 5.867319916859941031e+02 9.319639349293514785e-01 6.187371576661835487e-02 6.162349304030141466e-03
5.760643043196760118e+04 5.401484885041338657e+02 7.925874311201545064e-01 2.021536597243424882e-01 5.258909155503009754e-03
5.760943056070600142e+04 5.872937932655022450e+02 9.307796794625891046e-01 6.308537655670536093e-02 6.134943980705476370e-03
5.760943263361109712e+04 4.978488204519826468e+02 6.717365279887602680e-01 3.238168460176653052e-01 4.446625993574463212e-03
5.760943467989579949e+04 4.221094518251581462e+02 4.845860790598315315e-01 5.121949329918842331e-01 3.218987948284285708e-03
5.761321910018519702e+04 3.705318737612775521e+02 3.284539188791286146e-01 6.696268583507735128e-01 1.919222770097959736e-03
5.761322127516200271e+04 3.792938188266500106e+02 3.366528960723469410e-01 6.614229455491575926e-01 1.924158378495419717e-03
5.761322332181710226e+04 4.003515338056940891e+02 3.715648004445660790e-01 6.263313543922306437e-01 2.103845163203311996e-03
5.761623691380790115e+04 3.201305978514002959e+02 2.443487390199999276e-01 7.542282984312136396e-01 1.422962548786392686e-03
5.761623896099539706e+04 3.029654083379747931e+02 2.152795672115007941e-01 7.834871940154375380e-01 1.233238773061652886e-03
5.761624100755790278e+04 3.045368617881124464e+02 2.191256074575008428e-01 7.796098478970880929e-01 1.264544645410923315e-03
5.761939315737270226e+04 2.681648567687456080e+02 1.851376563958334887e-01 8.136981815604403812e-01 1.164162043726204134e-03
5.761939520490739960e+04 2.903801100541846836e+02 2.161697174228930651e-01 7.824767035529206494e-01 1.353579024186273797e-03
5.761939725003470085e+04 2.610442195734039501e+02 1.758435859327564521e-01 8.230481263030695604e-01 1.108287764173954918e-03
5.762318496390050132e+04 4.578738840714407843e+02 5.018029220737837415e-01 4.952634687023264037e-01 2.933609223889964077e-03
5.762318700912039640e+04 4.510472111495099625e+02 4.792786697795450856e-01 5.179635488364223717e-01 2.757781384032659787e-03
5.762318905652780086e+04 5.205317625167475626e+02 6.363104071556900942e-01 3.600397747516361213e-01 3.649818092673912800e-03
5.762618919959489722e+04 5.775036830646298540e+02 8.162493458052282325e-01 1.788712835080800145e-01 4.879370686691703561e-03
5.762619125050929870e+04 6.249188396916410966e+02 9.509596349936590975e-01 4.338442795119513973e-02 5.655937055145717623e-03
5.762619330261569849e+04 6.033633383787769162e+02 8.823603418449416091e-01 1.124161562004552944e-01 5.223501954603000999e-03
5.762928869053239760e+04 5.722354495925541187e+02 7.883210051364737403e-01 2.070436258075661062e-01 4.635369055960154340e-03
5.762929076252310188e+04 6.113338815981067000e+02 9.013041841657457587e-01 9.338680661847932607e-02 5.309009215774863205e-03
5.752333793572919967e+04 nan nan nan nan
5.755737465321760101e+04 5.358026593400928732e+02 6.562852243855838985e-01 3.400503731993064216e-01 3.664402415109806101e-03
5.759726976038190332e+04 1.065081235204692689e+02 1.184890734361069564e-01 8.784880613896544066e-01 3.022865174238741071e-03
5.762929280788190226e+04 5.872417142054098349e+02 8.275166423494709766e-01 1.676332953759182287e-01 4.850062274610860563e-03
5.772813550339119683e+04 3.764474674954043394e+02 4.522551236639515970e-01 5.442196592301501434e-01 3.525217105898214003e-03
5.790337165991900110e+04 5.671916433126820039e+02 8.264311985706148667e-01 1.683834117665756192e-01 5.185389662809445667e-03
5.792224230149309733e+04 6.061250786863541151e+01 7.321867952664519452e-02 9.232172448163079581e-01 3.564075657046896373e-03
5.794831686872689897e+04 3.599048517457840717e+02 3.334915912592252840e-01 6.644112948812607167e-01 2.097113859513818467e-03
5.798637413616899721e+04 5.615976427662706101e+02 8.808033902601752896e-01 1.131885389688654237e-01 6.008070770959291103e-03
5.802708766583329998e+04 nan nan nan nan
5.752940620478009805e+04 2.671132660858769441e+02 1.664323074539911240e-01 8.326194662596865248e-01 9.482262863223992052e-04
5.752940825335650152e+04 2.588502227042911272e+02 1.557594996658574760e-01 8.433561188569275169e-01 8.843814772150376162e-04
5.752941032322919636e+04 2.551054657570663267e+02 1.506132922135326180e-01 8.485353449017263294e-01 8.513628847410142138e-04
5.753429089564809692e+04 3.913741341764115305e+02 3.525383385697693495e-01 6.454798784049256000e-01 1.981783025304950825e-03
5.753429294650460361e+04 4.035866754226711350e+02 3.722891624103762398e-01 6.256325062532540615e-01 2.078331336369680041e-03
5.753429499166669848e+04 3.945031895831178872e+02 3.530946028312258456e-01 6.449487669444800009e-01 1.956630224294108895e-03
5.754629497972220270e+04 6.399712030077265581e+02 9.611376347624194239e-01 3.335329970667187671e-02 5.509065530908679488e-03
5.754629702839120000e+04 6.517128392715791279e+02 9.942887395499235836e-01 2.613405092023176690e-05 5.685126399156146919e-03
5.754629907357640332e+04 6.302020176392381927e+02 9.293957184792266402e-01 6.529214297463489802e-02 5.312138546138496509e-03
5.755039358618060214e+04 6.023879513016619285e+02 8.285959355014324013e-01 1.667828015459940638e-01 4.621262952573712730e-03
5.755039571016200352e+04 6.147767270367277206e+02 8.595431909018180772e-01 1.356823056802848038e-01 4.774503417897119940e-03
5.755039775870370067e+04 5.795187886049959616e+02 7.620360797451106727e-01 2.337407006634165674e-01 4.223219591472824122e-03
5.755426286537040141e+04 4.459406602594266928e+02 7.345702279164637583e-01 2.588024185753685646e-01 6.627353508167789856e-03
5.755426493841440242e+04 4.538038931876657784e+02 8.063893632315189963e-01 1.858983923782759895e-01 7.712244390204915298e-03
5.755426700672449806e+04 5.184730851435103887e+02 6.901004366506698906e-01 3.055724346858256224e-01 4.327128663504580669e-03
5.755737257791669981e+04 5.633778311782161836e+02 7.325626922186403434e-01 2.633076151922122410e-01 4.129692589147379231e-03
5.790337370518520038e+04 6.038890558416832164e+02 9.260417259034038340e-01 6.821480312623309783e-02 5.743470970363041307e-03
5.790637381167819694e+04 6.265175540005609491e+02 9.640024320115629930e-01 3.021504445843810685e-02 5.782523529998911428e-03
5.790637585583329928e+04 5.899884768912307891e+02 8.635446926381101784e-01 1.312227955583294969e-01 5.232511803560302953e-03
5.790637790084489825e+04 5.162371156371273173e+02 6.490101334457001325e-01 3.471294680256009069e-01 3.860398528699180050e-03
5.790937800020830036e+04 nan nan nan nan
5.790938007233799726e+04 nan nan nan nan
5.790938211894679989e+04 nan nan nan nan
5.791335360002310335e+04 5.125958351796838315e+02 6.753714807219953764e-01 3.203885478938631182e-01 4.239971384141507163e-03
5.791335564643520047e+04 4.705566695597942157e+02 5.661253746402467035e-01 4.303393030619683257e-01 3.535322297785002416e-03
5.791335771677079902e+04 4.297168354801565897e+02 4.694283922657013775e-01 5.276568557543708238e-01 2.914751979927811352e-03
5.791635771358799684e+04 3.531251978743356403e+02 3.202666908103343757e-01 6.777242452216172275e-01 2.009063968048274956e-03
5.791635976077550004e+04 3.488355784764478358e+02 3.120354155591141820e-01 6.860102725794036127e-01 1.954311861482170131e-03
5.791636182935190300e+04 3.407940407480530212e+02 2.944428018660939506e-01 7.037339510121327635e-01 1.823247121773293985e-03
5.792223818324069725e+04 6.292537365281207684e+01 7.144422667028042795e-02 9.254072253903263823e-01 3.148547939393217966e-03
5.792224023196759663e+04 3.692516218892394164e+01 5.083106583285850605e-02 9.445404237431771488e-01 4.628510423964439686e-03
5.763230957098380168e+04 5.316634572837881478e+02 6.945872491456076547e-01 3.012439838007627824e-01 4.168767053629549024e-03
5.763231162777780264e+04 5.385991763774138690e+02 7.155175804048551358e-01 2.801718279290201785e-01 4.310591666124652735e-03
5.763231367187500291e+04 5.263860518642549096e+02 6.830612062908714144e-01 3.128259885769064663e-01 4.112805132222299709e-03
5.769003383031250269e+04 5.789443473172134418e+02 8.455193604948205710e-01 1.492710786694048664e-01 5.209560835774575648e-03
5.769003590199069731e+04 6.015988670448718949e+02 9.069424693594024811e-01 8.750650675946045065e-02 5.551023881137075178e-03
5.769003794601849950e+04 6.075360771444153443e+02 9.391197745910148109e-01 5.504408861944039277e-02 5.836136789544738197e-03
5.769427015548609779e+04 4.279354349454505382e+02 6.703312640220441265e-01 3.236756557922265687e-01 5.993080185729299583e-03
5.769427222827549849e+04 3.756876008832547313e+02 5.206883678264030424e-01 4.746199383306404784e-01 4.691693842956441013e-03
5.769427429901620053e+04 3.912526388604840122e+02 5.682739597122234976e-01 4.265734146655579262e-01 5.152625622218482554e-03
5.770016264601849980e+04 3.700348648525777548e+02 3.738962069833203228e-01 6.236100915250953891e-01 2.493701491584361402e-03
5.770016469395830063e+04 3.635882010637055828e+02 3.623796328098556896e-01 6.351941167033008373e-01 2.426250486843540763e-03
5.770016674040509679e+04 3.718770730028625167e+02 3.771558286261579851e-01 6.203318772851711405e-01 2.512294088671005420e-03
5.770321977893519943e+04 2.450836920737594653e+02 1.859889251390762777e-01 8.126044672019093751e-01 1.406607659014335330e-03
5.770322185409720259e+04 2.281045140117914229e+02 1.610410454628629917e-01 8.377415552583078462e-01 1.217399278829159066e-03
5.770322392438659881e+04 2.311420738128943242e+02 1.670663782087959681e-01 8.316576304080656179e-01 1.275991383138395767e-03
5.770724706540509942e+04 9.721746139277095722e+01 4.049535328181560340e-02 9.590808579242975362e-01 4.237887938870137203e-04
5.770724911196759786e+04 9.062822246675344218e+01 3.621151765450113247e-02 9.633985455964866329e-01 3.899367490122487780e-04
5.770725116266200348e+04 9.164883218404554555e+01 3.714959442962014607e-02 9.624490937795467937e-01 4.013117908331575935e-04
5.771122231931710121e+04 3.612179889530740979e+02 4.746893655766887266e-01 5.210926215493991709e-01 4.218012873912216180e-03
5.771122439228009898e+04 3.440415647688126342e+02 4.338202380075431575e-01 5.622962430748714713e-01 3.883518917585467110e-03
5.771122646682870254e+04 3.389624435693176565e+02 4.296570543545988330e-01 5.664185899257182522e-01 3.924355719683136033e-03
5.771422651776619750e+04 3.938400735416435055e+02 6.508006451669615666e-01 3.425300006932500141e-01 6.669354139788344696e-03
5.771422857567130268e+04 4.184693251424699838e+02 7.411309751369830057e-01 2.512079393628692259e-01 7.661085500147769324e-03
5.771423062320600002e+04 3.778307314242600228e+02 6.151165380194446586e-01 3.784098317939064149e-01 6.473630186648952553e-03
5.772020971459490102e+04 4.550519997470557314e+02 8.324107218612570858e-01 1.594162891550844341e-01 8.172988983658450654e-03
5.772021178789350233e+04 4.409895054983313116e+02 7.861815051910184815e-01 2.060557238236015998e-01 7.762770985379830249e-03
5.772021386024310050e+04 4.549639399441226146e+02 8.546537722599433229e-01 1.367272826820652154e-01 8.618945057991425282e-03
5.772421063494210102e+04 3.605427425811287208e+02 6.222812542027074123e-01 3.704428317878797339e-01 7.275914009412830404e-03
5.772421270884259866e+04 3.424073262290129946e+02 5.802928670079925411e-01 4.126919984499446969e-01 7.015134542062668316e-03
5.772813138064809755e+04 3.503480628343733656e+02 3.896994895448809837e-01 6.072785563119149632e-01 3.021954143204178857e-03
5.772813342998839653e+04 3.278367510304694292e+02 3.423864946728010228e-01 6.549494354356455439e-01 2.664069891553513987e-03
5.799016862412040064e+04 5.448820080415202938e+02 7.689891404865109026e-01 2.261460805198966806e-01 4.864778993592448059e-03
5.799017067341440270e+04 6.028178055916646372e+02 9.385371941518421135e-01 5.554230469153062510e-02 5.920501156627184201e-03
5.799017272325229715e+04 5.287866803847005031e+02 7.177525243871557548e-01 2.777474386618167257e-01 4.500036951027620163e-03
5.799317281408570125e+04 5.163501112967741165e+02 6.954721034703799099e-01 3.000969295266706083e-01 4.430967002949548657e-03
5.799317489197920077e+04 5.572599900502484616e+02 8.027840247810987817e-01 1.921471262131562718e-01 5.068849005744938650e-03
5.799317696175930178e+04 5.085542282001793524e+02 6.720562404705457960e-01 3.236783146474420669e-01 4.265444882012288906e-03
5.799617709755789838e+04 nan nan nan nan
5.799617914864580234e+04 nan nan nan nan
5.799618119494210259e+04 1.492518677975296271e+02 1.900824207223473783e-01 8.059559667558684470e-01 3.961612521784319517e-03
5.800014257973380154e+04 2.380909974850147819e+02 1.498236154825116906e-01 8.492092158154276316e-01 9.671687020606842397e-04
5.800014462671300134e+04 2.283929549753335948e+02 1.371366922371428376e-01 8.619827262369439413e-01 8.805815259133192591e-04
5.800014669960649917e+04 2.213943065379743018e+02 1.276943859455123287e-01 8.714930860305408755e-01 8.125280239466907374e-04
5.800314683020830125e+04 nan nan nan nan
5.800314890200230002e+04 nan nan nan nan
5.800315097386569687e+04 nan nan nan nan
5.800711306057869660e+04 5.512948790404074089e+02 8.066534412039511048e-01 1.881173774650595210e-01 5.229181330989363802e-03
5.800711510732639726e+04 5.565358288737983230e+02 8.157506743539415517e-01 1.790017795474009299e-01 5.247546098657608626e-03
5.800711715050930070e+04 4.732451016803022981e+02 5.835145225742265351e-01 4.127721886864600953e-01 3.713288739313404686e-03
5.801011732460650092e+04 5.123783316580212386e+02 6.969480655648616629e-01 2.985328863707819025e-01 4.519048064356656624e-03
5.801011937150460290e+04 5.565837328817951857e+02 8.188448134493344632e-01 1.758686672301489340e-01 5.286519320516585435e-03
5.801012141791670001e+04 5.188792426646281228e+02 7.069013217414197303e-01 2.885653973691573726e-01 4.533280889423028925e-03
5.801707824304400128e+04 4.937286509156700731e+02 6.519535654348820319e-01 3.437876633828154671e-01 4.258771182302616316e-03
5.801708028812499833e+04 5.151417072501263874e+02 7.033109813283505707e-01 2.921363189384922343e-01 4.552699733157175924e-03
5.801708233447920065e+04 5.111881319107422428e+02 6.928584755672955175e-01 3.026545336218733895e-01 4.486990810831260369e-03
5.802104939627309795e+04 1.689992844205784479e+02 8.103774974887070770e-02 9.184006430709039659e-01 5.616071802255303462e-04
5.802105144168980041e+04 1.737255919978102554e+02 8.558572292876083509e-02 9.138214845944666598e-01 5.927924767723983341e-04
5.802105348754629813e+04 1.678010718539724735e+02 7.925187268153828513e-02 9.202033020492840221e-01 5.448252691776396799e-04
5.802408142475689965e+04 nan nan nan nan
5.802408347208330088e+04 3.153949984713483445e+02 4.391171794014872565e-01 5.561482686149943344e-01 4.734551983518418654e-03
5.802408551613429881e+04 3.242952834432239797e+02 4.838543242391817878e-01 5.107084717851578803e-01 5.437203975660203498e-03
5.802708559285879892e+04 nan nan nan nan
5.802708970991899696e+04 nan nan nan nan
5.804723603105320217e+04 4.874355698672562198e+02 7.284140362513013001e-01 2.661315282195187426e-01 5.454435529180032792e-03
5.804723807749999833e+04 3.865239490820073343e+02 4.597300198906075774e-01 5.368147215759194735e-01 3.455258533473052306e-03
5.804724014932870341e+04 5.064527686165752129e+02 7.860398932047110154e-01 2.080765640413223816e-01 5.883542753966623795e-03
5.805024026468749798e+04 1.586818866338752798e+02 2.206898646819669962e-01 7.745858327625075868e-01 4.724302555525430880e-03
5.805024233653939882e+04 4.001448046463159471e+02 6.051726921636896295e-01 3.892406520045383345e-01 5.586655831772055145e-03
5.805024438494210335e+04 4.398875095852486652e+02 6.827646107825157129e-01 3.113512033711581806e-01 5.884185846326086579e-03
5.805327577043980273e+04 4.715274805629585444e+02 8.109372939989315521e-01 1.818385325093765381e-01 7.224173491691960117e-03
5.805327784341439838e+04 3.142714807146742828e+02 5.453654942341419343e-01 4.472793308374928833e-01 7.355174928365155497e-03
5.805327991408570233e+04 4.695831805749558612e+02 8.195743484775698251e-01 1.729855427449141225e-01 7.440108777516041966e-03
5.805628832104169851e+04 3.859963779496936240e+02 6.151517710171965359e-01 3.786448868352594310e-01 6.203342147544014910e-03
5.805629039309029758e+04 3.858351650208385877e+02 6.272691113522769202e-01 3.662753597772404057e-01 6.455528870482629862e-03
5.805629246236110339e+04 3.948708064734551044e+02 6.614842633405715322e-01 3.316615391132100576e-01 6.854197546218381530e-03
5.806222355206019711e+04 5.171051560062492172e+02 9.067490039520460510e-01 8.574092448874895411e-02 7.510071559205026143e-03
5.806222562383100012e+04 4.187362992649164539e+02 5.940131483767726595e-01 4.010716817480222129e-01 4.915169875205253371e-03
5.806222766803239938e+04 4.433420052362779415e+02 6.708247919097936052e-01 3.235831962319837829e-01 5.592011858222624941e-03
5.806522972351850331e+04 nan nan nan nan
5.806523176767359837e+04 nan nan nan nan
5.806523383688659669e+04 1.802028244675063320e+02 1.272112795108326644e-01 8.715715380129863687e-01 1.217182476180909837e-03
5.806823395875000278e+04 3.974410833132907328e+02 5.915480322051166473e-01 4.030411594747523307e-01 5.410808320130967332e-03
5.806823600857640122e+04 3.984875011756204231e+02 5.982682104589372996e-01 3.962263742774477238e-01 5.505415263615016583e-03
5.806823805357640231e+04 4.043669502532594038e+02 6.196199747666354396e-01 3.746451080429558655e-01 5.734917190408703527e-03
5.807123806574069749e+04 3.974201358514332014e+02 6.571428159294706584e-01 3.361791684448419137e-01 6.678015625687401882e-03
5.807124011413189874e+04 3.791242289627580817e+02 6.053310037932617682e-01 3.884424044391470709e-01 6.226591767591140893e-03
5.807124218600690074e+04 3.946354976994087451e+02 6.601435693943688010e-01 3.330218458161154915e-01 6.834584789515838442e-03
5.755737672369209758e+04 4.839631441093043236e+02 5.353527887155122844e-01 4.616585052764149988e-01 2.988706008072837365e-03
5.756133022916669870e+04 3.054815646457342950e+02 2.082598892461476336e-01 7.906049198814276702e-01 1.135190872424595787e-03
5.756133227755789994e+04 3.037563177323201558e+02 2.064458126419628781e-01 7.924259794097598952e-01 1.128207948277258361e-03
5.756133432156249910e+04 2.941099746396996011e+02 1.919206204391525061e-01 8.070393362922908542e-01 1.040043268556571339e-03
5.756640274435179890e+04 4.995636497141994141e+02 5.782313476359084436e-01 4.184963815253648356e-01 3.272270838726796648e-03
5.756640565740739839e+04 5.372196044852487375e+02 6.618373619493715942e-01 3.344556047108696584e-01 3.707033339758757789e-03
5.756640813357639854e+04 5.340488664982323144e+02 6.567304691804846106e-01 3.395760149132624472e-01 3.693515906253089578e-03
5.756940826380789804e+04 3.223373128713517985e+02 3.473650852425029245e-01 6.497984407857823053e-01 2.836473971714850890e-03
5.756941031233799731e+04 3.689141723246286233e+02 3.829949211975586798e-01 6.143726114866144838e-01 2.632467315826879286e-03
5.756941235986109677e+04 4.221225320474676437e+02 5.034716623568074034e-01 4.930537711199039497e-01 3.474566523288734939e-03
5.757335477071759669e+04 nan nan nan nan
5.757335681866900268e+04 nan nan nan nan
5.757335886174769985e+04 nan nan nan nan
5.757635904164350359e+04 5.818776965279465685e+02 7.824844643612147710e-01 2.130986550054023154e-01 4.416880633383116553e-03
5.757636109031250089e+04 5.666558650150319636e+02 7.370052037110079723e-01 2.588630849772198261e-01 4.131711311772248360e-03
5.757636313547450118e+04 6.017159849789575219e+02 8.319706060973373063e-01 1.633600000786768203e-01 4.669393823985879509e-03
5.758129654758099787e+04 5.539354994427125121e+02 7.249613651272546200e-01 2.708551426506168869e-01 4.183492222128605033e-03
5.758129862053239776e+04 5.588583762156414423e+02 7.318501450972845213e-01 2.639612592810136604e-01 4.188595621702004800e-03
5.758130066709490347e+04 5.786067638934547404e+02 7.743632043049205604e-01 2.212620779167686902e-01 4.374717778310915905e-03
5.758430065474539879e+04 6.381381725349423277e+02 9.500336350322715617e-01 4.455288977325141953e-02 5.413475194477056045e-03
5.758430269878469699e+04 5.448759963332144025e+02 6.945701691452285109e-01 3.014609821948723845e-01 3.968848659899098553e-03
5.758430476832180284e+04 5.252583338762946141e+02 6.440029021518035579e-01 3.523254807600306182e-01 3.671617088165844266e-03
5.758735471921299904e+04 1.706155662485274718e+02 1.007259249737565143e-01 8.984227941802467310e-01 8.512808459967635775e-04
5.758735676368059649e+04 1.677312499181680323e+02 9.706977666632260471e-02 9.021121961587420524e-01 8.180271749353949795e-04
5.758735880907410319e+04 1.596758252637471003e+02 9.256589696659638100e-02 9.066132766150788447e-01 8.208264183247123043e-04
5.759041060892360110e+04 2.023252096668742865e+02 1.693285860404954435e-01 8.289606574448478149e-01 1.710756514656720361e-03
5.759041265638890036e+04 3.114631561844321368e+02 2.908993736378307493e-01 7.069700365358198013e-01 2.130589826349384326e-03
5.759041472459489887e+04 2.100046123124277813e+02 1.615723086477801052e-01 8.369819059629166613e-01 1.445785389303136381e-03
5.759342014512729656e+04 4.255370155931549334e+02 4.263966643047161775e-01 5.711509964559452479e-01 2.452339239338603618e-03
5.759342219388890226e+04 4.467529629424355448e+02 4.680970657488792153e-01 5.292215158119567553e-01 2.681418439163996050e-03
5.759342423879630223e+04 4.101931215007875835e+02 3.941097918139807033e-01 6.036355259635696191e-01 2.254682222449710602e-03
5.792526005879630247e+04 5.304152106075723623e+02 8.606189562455692776e-01 1.329509469238006059e-01 6.430096830630100888e-03
5.792526223586809647e+04 5.557001279895183643e+02 9.487239717510230763e-01 4.415690696562393769e-02 7.119121283352966914e-03
5.792526430643520143e+04 5.077022661203902203e+02 8.487710776315808836e-01 1.444025405193253286e-01 6.826381849093839799e-03
5.793327861822919658e+04 5.045551291069475610e+02 7.251568330378362903e-01 2.697980147499308146e-01 5.045152212232917668e-03
5.793328153189810109e+04 5.054293295875389163e+02 7.221946474551016459e-01 2.728186290544448167e-01 4.986723490453560774e-03
5.793328357708329713e+04 5.229651529581966543e+02 7.652662925254531956e-01 2.295036398593956195e-01 5.230067615151243882e-03
5.793628368734950345e+04 5.751935405397825889e+02 8.490654542929262361e-01 1.456124585936352522e-01 5.322087113438503901e-03
5.793628576050930133e+04 5.974118053485162818e+02 9.045084789412067838e-01 8.989258740895086919e-02 5.598933649842281063e-03
5.793628783324069809e+04 5.998689101451959687e+02 9.019242678030829907e-01 9.255425765620181600e-02 5.521474540715159453e-03
5.794228447361110011e+04 nan nan nan nan
5.794228652329860051e+04 3.188397293721960750e+02 3.408698456515442121e-01 6.563385109495233349e-01 2.791643398932553560e-03
5.794228856964119768e+04 nan nan nan nan
5.794528865236110141e+04 3.753538821142661845e+02 4.080878563499445444e-01 5.890251012901862593e-01 2.887042359869218880e-03
5.794529069642360264e+04 3.960273057820861027e+02 4.584289682298947066e-01 5.382982165925523921e-01 3.272815177552849258e-03
5.794529273826390272e+04 3.292186511803039934e+02 3.144265885392930615e-01 6.833455032095507864e-01 2.227908251155951303e-03
5.794831481783559866e+04 3.706655788953062256e+02 3.562212568092363862e-01 6.415229318062792840e-01 2.255811384484265967e-03
