5.750823479354169831e+04 5.302696749635179003e+02 7.359840069527137096e-01 2.593108719177059651e-01 4.705121129580340858e-03
5.750823684359950130e+04 5.659110139140166211e+02 7.348223552778083700e-01 2.610595525323970989e-01 4.118092189794544077e-03
5.750823888879630249e+04 6.453278653601163342e+02 8.646170033146975964e-01 1.309985545358065551e-01 4.384442149495891908e-03
5.751127795192129997e+04 7.372385797154610145e+02 6.667731378581194246e-01 3.312289898683172806e-01 1.997872273563315159e-03
5.751128002734950132e+04 7.175486696425416540e+02 6.263767251321593621e-01 3.717620616266630318e-01 1.861213241177598308e-03
5.751128210050929920e+04 6.890970248680766872e+02 5.741442266970425701e-01 4.241602299777886831e-01 1.695543325168773294e-03
5.751622383775460185e+04 nan nan nan nan
5.751622588629629900e+04 nan nan nan nan
5.751622793262729829e+04 nan nan nan nan
5.752032221108800150e+04 nan nan nan nan
5.752032425738430175e+04 nan nan nan nan
5.752032630150460318e+04 nan nan nan nan
5.752333383954859892e+04 3.322910176276420202e+02 4.087243042727343734e-01 5.875803816197703311e-01 3.695314107495281230e-03
5.752333588821760350e+04 2.915501349706254928e+02 4.150248141521481471e-01 5.800258232630254307e-01 4.949362584826404871e-03
5.752333793572919967e+04 nan nan nan nan
5.752940620478009805e+04 7.110764226629354425e+02 5.790095245451020167e-01 4.193710293664257294e-01 1.619446088472178882e-03
5.752940825335650152e+04 6.623088010072082170e+02 5.013094619043435562e-01 4.972912137563432755e-01 1.399324339313136583e-03
5.752941032322919636e+04 6.081589774935515607e+02 4.187059191921000401e-01 5.801363393273289981e-01 1.157741480570941440e-03
5.753429089564809692e+04 7.970459137741538598e+02 7.322805035299558840e-01 2.656578419014636872e-01 2.061654568580265773e-03
5.753429294650460361e+04 8.180792896434362547e+02 7.677201255503743882e-01 2.301288631502894366e-01 2.151011299336182559e-03
5.753429499166669848e+04 8.132620943164901064e+02 7.573818744317805107e-01 2.404997820377687834e-01 2.118343530450643875e-03
5.754629497972220270e+04 6.287998493956334869e+02 4.650826262802721933e-01 5.335811997361681325e-01 1.336173983559736655e-03
5.754629702839120000e+04 6.416850394346736266e+02 4.842379577343755015e-01 5.143711244576329999e-01 1.390917807991474704e-03
5.754629907357640332e+04 6.454247500326504223e+02 4.871583595557957835e-01 5.114501612235495820e-01 1.391479220654562267e-03
5.755039358618060214e+04 7.580812473097556676e+02 6.634501000654632330e-01 3.346791632718195686e-01 1.870736662717245894e-03
5.755039571016200352e+04 7.430899403461410202e+02 6.356832087372362716e-01 3.625293723343065988e-01 1.787418928457043922e-03
5.755039775870370067e+04 7.395250613399922486e+02 6.267014114085418530e-01 3.715445336587118175e-01 1.754054932746309126e-03
5.755426286537040141e+04 6.320367836403401043e+02 7.283890798014663881e-01 2.683670028483358672e-01 3.243917350197711783e-03
5.755426493841440242e+04 5.547932677386146452e+02 5.981580623910190964e-01 3.990027297146432339e-01 2.839207894337845376e-03
5.755426700672449806e+04 8.337790503989359649e+02 8.845606088667233857e-01 1.126903523276143876e-01 2.749038805662310393e-03
5.755737257791669981e+04 8.840351563453716608e+02 8.879558239511238238e-01 1.095800025404531503e-01 2.464173508423123538e-03
5.794831891516200267e+04 7.285058020825771337e+02 6.479622080352227531e-01 3.501055524453079992e-01 1.932239519469242453e-03
5.795131904060189845e+04 8.043025834790089448e+02 8.345141001100746525e-01 1.628565034679605172e-01 2.629396421964898343e-03
5.795132111849539797e+04 8.098310488354512700e+02 8.265076860464651842e-01 1.709482232961378745e-01 2.544090657397095681e-03
5.795132316312500188e+04 8.112073265100597155e+02 8.236906419666099044e-01 1.737911467118939401e-01 2.518211321496184943e-03
5.795434710633099894e+04 7.256736499289447693e+02 8.386108519877217837e-01 1.581272837399742559e-01 3.261864272304080062e-03
5.795434915491900028e+04 7.183709026784687239e+02 8.132374729739817454e-01 1.836323785735654857e-01 3.130148452452883451e-03
5.795435120121530053e+04 7.350308065584649739e+02 9.901677633825014535e-01 5.399885874689210052e-03 4.432350742809405830e-03
5.795825557232640131e+04 nan nan nan nan
5.795825764436340251e+04 7.083197364834263681e+02 6.116934611493823892e-01 3.864850075982526612e-01 1.821531252364834040e-03
5.795825969094909669e+04 nan nan nan nan
5.796226067233800131e+04 5.751715499355836982e+02 5.945394334847288187e-01 4.028508449479788478e-01 2.609721567292518259e-03
5.796226272096070170e+04 7.218814909573386558e+02 7.457019978721192155e-01 2.516916899275024044e-01 2.606312200378534030e-03
5.796226476614580315e+04 7.134329614760081313e+02 7.488936100483678526e-01 2.484150934544661349e-01 2.691296497166151269e-03
5.796526788873840269e+04 2.485986468192022869e+02 4.025014960000681263e-01 5.910957750933802934e-01 6.402728906551499559e-03
5.796526993535880320e+04 3.128087541919441037e+02 4.686175694699440952e-01 5.259008351641292212e-01 5.481595365926717443e-03
5.796527198114580096e+04 2.186579408974712067e+02 3.747125279402264697e-01 6.181145922206972010e-01 7.172879839076307627e-03
5.797027938540509786e+04 6.515155097458386990e+02 5.001231354057015244e-01 4.984376286069477358e-01 1.439235987350735756e-03
5.797028143182869826e+04 6.052266067603882220e+02 4.354751736206044499e-01 5.632603275989712666e-01 1.264498780424261207e-03
5.797028347689809743e+04 6.124888084732933748e+02 4.421403299930847797e-01 5.565868951603235582e-01 1.272774846591587803e-03
5.797328356476849876e+04 7.938693830546152412e+02 7.903839362839436555e-01 2.071950026635822062e-01 2.421061052474117459e-03
5.797328561118060315e+04 7.034995433934486755e+02 7.145131521400760466e-01 2.829673125342561657e-01 2.519535325667859697e-03
5.797328765510419908e+04 8.284653518177776732e+02 8.740918495665283006e-01 1.231892514123590215e-01 2.718899021112705216e-03
5.798009512350690056e+04 7.994684752244654646e+02 8.134867169006112508e-01 1.839844167218080973e-01 2.528866377580721303e-03
5.798009717217589787e+04 8.070752864782060669e+02 8.178607040623783186e-01 1.796311186941416393e-01 2.508177243480133947e-03
5.798009921662040142e+04 8.313598942573402155e+02 8.635290932617346593e-01 1.338357682430870443e-01 2.635138495178328006e-03
5.798336581408559869e+04 7.231871156711049480e+02 6.608682125089585524e-01 3.370921358332526485e-01 2.039651657788736205e-03
5.798336786162039789e+04 7.160782660865814933e+02 6.463038247630755739e-01 3.517065095787462181e-01 1.989665658178215758e-03
5.798336990800929925e+04 7.048424458284947605e+02 6.213315772081869914e-01 3.767704482204477512e-01 1.897974571365249356e-03
5.798637001756940299e+04 7.020944391847842780e+02 6.456922029963665377e-01 3.522419999450709382e-01 2.065797058562563945e-03
5.798637209084490314e+04 7.060668103311213599e+02 6.569516749550389223e-01 3.409338484087819365e-01 2.114476636179098232e-03
5.773313283907409641e+04 7.122752607969995324e+02 9.460522739135505121e-01 4.963886806649004529e-02 4.308858019959572669e-03
5.773313491203699959e+04 6.551226948142686979e+02 7.075965373122993229e-01 2.895540605495746656e-01 2.849402138126015845e-03
5.773313695576389728e+04 6.513156782487171768e+02 6.793926843774357183e-01 3.179497358826368636e-01 2.657579739927516584e-03
5.773613697483800206e+04 5.127917418817559110e+02 4.409270001816412710e-01 5.572671610216601845e-01 1.805838796698599601e-03
5.773613904766199994e+04 5.077619877356196980e+02 4.371788291930024939e-01 5.610105583189696210e-01 1.810612488027697102e-03
5.773614109170140000e+04 5.127534348770261659e+02 4.461660912084672304e-01 5.519846248363786678e-01 1.849283955154151261e-03
5.773914103421299660e+04 7.634526969314732696e+02 9.606066896233846908e-01 3.552648479356288608e-02 3.866825583052547598e-03
5.773914310640050098e+04 7.492593659710612428e+02 9.238511342734990750e-01 7.243550389786966581e-02 3.713361828631403603e-03
5.773914515188660152e+04 7.598391491255299570e+02 9.564668576166227565e-01 3.966302482704675558e-02 3.870117556330654896e-03
5.774214593089120171e+04 6.417739209524232820e+02 6.952766717618278358e-01 3.018566508381189117e-01 2.866677400053269358e-03
5.774214797937499679e+04 6.578106234620952364e+02 7.345704596325006719e-01 2.623838006269098577e-01 3.045739740589592688e-03
5.774215002598379942e+04 6.456573706976137146e+02 7.126240275347088815e-01 2.844005794902194073e-01 2.975392975071742847e-03
5.774603153121530340e+04 7.007854501109586636e+02 7.275600175041266882e-01 2.698073203202391301e-01 2.632662175634181267e-03
5.774603357987270283e+04 6.878868079010047722e+02 6.972116301737368849e-01 3.002792412222777263e-01 2.509128603985374528e-03
5.774603562748840341e+04 7.090573104632832155e+02 7.374988661225052589e-01 2.598588001220022425e-01 2.642333755492577967e-03
5.774910287126160256e+04 6.673159592829711073e+02 7.861948483018152967e-01 2.104149541802598777e-01 3.390197517924826900e-03
5.774910491856480076e+04 6.608675017908635709e+02 7.664211432870996488e-01 2.302938686223432452e-01 3.284988090557231389e-03
5.774910696269680193e+04 6.347678659737152884e+02 7.065677879298812858e-01 2.904059576337988391e-01 3.026254436319884659e-03
5.775210701935189718e+04 7.030607859550657395e+02 8.477139657040808629e-01 1.487351169584103794e-01 3.550917337508851818e-03
5.775210909396989882e+04 7.114602415035141121e+02 8.699753590930349167e-01 1.263725610101213148e-01 3.652079896843874254e-03
5.775211113959489739e+04 7.243342962300952195e+02 9.084294745758042522e-01 8.772875001262488148e-02 3.841775411570986891e-03
5.785731888864580105e+04 nan nan nan nan
5.785732096162039670e+04 nan nan nan nan
5.785732303363429673e+04 nan nan nan nan
5.787323558943290118e+04 2.849258185552151303e+02 4.883262309213548535e-01 5.044993930633984158e-01 7.174376015246840786e-03
5.787323766340279690e+04 nan nan nan nan
5.787323970866900345e+04 5.013588918952546578e+02 9.257165424295480394e-01 6.595650209385491014e-02 8.326955476597022732e-03
5.787636561278929730e+04 7.539660026887289632e+02 6.251311187587703655e-01 3.731898207330662798e-01 1.679060508163318513e-03
5.787636768714120262e+04 7.783651664823790952e+02 6.606598835397381464e-01 3.375805052272510265e-01 1.759611233010757508e-03
5.787636973238430073e+04 7.791129463955297751e+02 6.613370960303492918e-01 3.369030664886976667e-01 1.759837480953000072e-03
5.790336961260419775e+04 8.028116385109105977e+02 8.027616801308881112e-01 1.947961628495477882e-01 2.442157019564153170e-03
5.759727180795140157e+04 4.333660471428102596e+02 5.132608018090470958e-01 4.833131452650659687e-01 3.426052925887134067e-03
5.759727385310189857e+04 2.079185204059213561e+02 2.496847103467711437e-01 7.467929990625278291e-01 3.522290590701049242e-03
5.760041507263889798e+04 7.492400465702492056e+02 6.852889944254890731e-01 3.126677006247524093e-01 2.043304949758358025e-03
5.760041711899310030e+04 nan nan nan nan
5.760041916413189756e+04 nan nan nan nan
5.760342213885419915e+04 7.206038465496160370e+02 6.490761830134711419e-01 3.489421720949807959e-01 1.981644891548028399e-03
5.760342418274310330e+04 7.356677771080060211e+02 6.737458162513468851e-01 3.242055876949593851e-01 2.048596053693636527e-03
5.760342622562500037e+04 7.221484569245800458e+02 6.488124628095596202e-01 3.492159634332667739e-01 1.971573757173468357e-03
5.760642632716440130e+04 7.211403651162473807e+02 6.719792001039860407e-01 3.259000000312068934e-01 2.120799864807019867e-03
5.760642838563660189e+04 7.140897390181153241e+02 6.620496618512831111e-01 3.358508994997644326e-01 2.099438648952453752e-03
5.760643043196760118e+04 7.389938347504252079e+02 7.125859270398079426e-01 2.851430554178085996e-01 2.271017542383366693e-03
5.760943056070600142e+04 7.813470810280779233e+02 7.808600658030623309e-01 2.167005170346199550e-01 2.439417162317747932e-03
5.760943263361109712e+04 7.767192712330701170e+02 7.773544614914811302e-01 2.201990810583200064e-01 2.446457450198960982e-03
5.760943467989579949e+04 7.769084228372046255e+02 7.737419045666427131e-01 2.238355037968599581e-01 2.422591636497301894e-03
5.761321910018519702e+04 7.499140508938301082e+02 6.786897521484327456e-01 3.193097078557749491e-01 2.000539995792217744e-03
5.761322127516200271e+04 7.526172389899983273e+02 6.674936500142213402e-01 3.305851455065726974e-01 1.921204479205951320e-03
5.761322332181710226e+04 7.357393227535421829e+02 6.354987277939655455e-01 3.626790175376379821e-01 1.822254668396406947e-03
5.761623691380790115e+04 6.906284314443540779e+02 5.743759984606267022e-01 4.239346061757670592e-01 1.689395363606156254e-03
5.761623896099539706e+04 7.396892122346733913e+02 6.494866994338230892e-01 3.486302170111318932e-01 1.883083555045015614e-03
5.761624100755790278e+04 7.553963033593307728e+02 6.789817255191650247e-01 3.190449700194346039e-01 1.973304461400346259e-03
5.761939315737270226e+04 6.962725166227246518e+02 6.149231090290571133e-01 3.831718217535590720e-01 1.905069217383799883e-03
5.761939520490739960e+04 6.381947661482255398e+02 5.128246395260275259e-01 4.855982615790635504e-01 1.577098894908894470e-03
5.761939725003470085e+04 6.598851196610788747e+02 5.515126678673248906e-01 4.467812420781065996e-01 1.706090054568511118e-03
5.762318496390050132e+04 9.002385920740337042e+02 9.576178807348791899e-01 3.961838121981661742e-02 2.763738045304187443e-03
5.762318700912039640e+04 8.741884083350327046e+02 8.893478168856401300e-01 1.081242776034343350e-01 2.527905510925610843e-03
5.762318905652780086e+04 8.633653877738322535e+02 8.666066988063749754e-01 1.309324664327667087e-01 2.460834760858337123e-03
5.762618919959489722e+04 nan nan nan nan
5.762619125050929870e+04 nan nan nan nan
5.762619330261569849e+04 nan nan nan nan
5.762928869053239760e+04 7.361068967238477398e+02 6.431471789645036852e-01 3.549883029444513283e-01 1.864518091044921290e-03
5.762929076252310188e+04 7.410184570879126795e+02 6.489648320363106127e-01 3.491618482151312985e-01 1.873319748557941570e-03
5.755737465321760101e+04 8.697175686028861037e+02 8.487694488868734455e-01 1.489043319519576525e-01 2.326219161168849997e-03
5.759726976038190332e+04 2.499963417197324702e+02 3.210408133062173652e-01 6.749312668095520662e-01 4.027919884230616275e-03
5.762929280788190226e+04 7.271312848205365071e+02 6.261235698580093212e-01 3.720654150007596250e-01 1.811015141231074382e-03
5.772813550339119683e+04 6.889440325246001748e+02 7.112889218244318190e-01 2.861076125917566548e-01 2.603465583811605082e-03
5.790337165991900110e+04 8.138982882943837467e+02 8.250196950562962428e-01 1.724706385264602460e-01 2.509666417243618802e-03
5.792224230149309733e+04 2.349825542703151200e+02 5.124091568181796674e-01 4.759766201816221787e-01 1.161422300019816951e-02
5.794831686872689897e+04 7.233548989394314503e+02 6.468378157139397233e-01 3.512091242808609293e-01 1.953060005199305348e-03
5.798637413616899721e+04 7.057879310852763410e+02 6.507906880742057032e-01 3.471326689285113565e-01 2.076642997282819331e-03
5.802708766583329998e+04 6.776971553034882163e+02 6.229622466927245972e-01 3.749738955236316396e-01 2.063857783643662219e-03
5.790337370518520038e+04 8.190181148276280965e+02 8.207998975280483833e-01 1.767470027167090396e-01 2.453099755242589206e-03
5.790637381167819694e+04 8.389072718979193723e+02 8.423911520920043250e-01 1.551460583003136662e-01 2.462789607682073015e-03
5.790637585583329928e+04 8.528027851152382937e+02 8.840377704880798548e-01 1.133375755216148723e-01 2.624653990305339697e-03
5.790637790084489825e+04 8.413326509202177022e+02 8.423108378220373060e-01 1.552410183597588422e-01 2.448143818203889037e-03
5.790937800020830036e+04 nan nan nan nan
5.790938007233799726e+04 nan nan nan nan
5.790938211894679989e+04 nan nan nan nan
5.791335360002310335e+04 5.320381766009829789e+02 3.469464909543615305e-01 6.520148642652126014e-01 1.038644780425827720e-03
5.791335564643520047e+04 5.409255589432902980e+02 3.589832475788127808e-01 6.399410280789722405e-01 1.075724342214956150e-03
5.791335771677079902e+04 5.541442006511907721e+02 3.732370665354466377e-01 6.256549032918541364e-01 1.108030172699106834e-03
5.791635771358799684e+04 5.517607073675130778e+02 3.735801496808522359e-01 6.253001709373042782e-01 1.119679381843446779e-03
5.791635976077550004e+04 5.410663817262886823e+02 3.588002832556885791e-01 6.401256479713552938e-01 1.074068772956065327e-03
5.791636182935190300e+04 5.425991212809191211e+02 3.575168539492229458e-01 6.414227636654459275e-01 1.060382385331212589e-03
5.792223818324069725e+04 2.553594331516471243e+02 5.381122305622259017e-01 4.510417706409420857e-01 1.084599879683198487e-02
5.792224023196759663e+04 1.409968106663518483e+02 3.382312063680220082e-01 6.477136137541021910e-01 1.405517987787581989e-02
5.763230957098380168e+04 7.626224081111298574e+02 7.188166095040905423e-01 2.790134655110293460e-01 2.169924984879955093e-03
5.763231162777780264e+04 7.492958314927162746e+02 6.903904740660523620e-01 3.075359946849531845e-01 2.073531248994409278e-03
5.763231367187500291e+04 7.886071317723884704e+02 7.634388838005965461e-01 2.342720687874504937e-01 2.289047411952999708e-03
5.769003383031250269e+04 7.554301098554772125e+02 7.118814650069310579e-01 2.859495605926241080e-01 2.168974400444768219e-03
5.769003590199069731e+04 7.303527716809501271e+02 6.654069590083375729e-01 3.325656526230704735e-01 2.027388368591905455e-03
5.769003794601849950e+04 7.120644143774476333e+02 6.415129455941699366e-01 3.565046149994878788e-01 1.982439406342078811e-03
5.769427015548609779e+04 6.766217592172548621e+02 7.340389418146678890e-01 2.630864813734372643e-01 2.874576811894991556e-03
5.769427222827549849e+04 6.979122491626702640e+02 7.834567849214424395e-01 2.134653038677797043e-01 3.077911210777966276e-03
5.769427429901620053e+04 7.376990625653920688e+02 8.784245479024069825e-01 1.181122478820954697e-01 3.463204215497619424e-03
5.770016264601849980e+04 6.919535632467607229e+02 6.269964192433121752e-01 3.709981676084481150e-01 2.005413148239555340e-03
5.770016469395830063e+04 6.659563391532419701e+02 5.818878181205179301e-01 4.162474574819761686e-01 1.864724397505900053e-03
5.770016674040509679e+04 6.862293334483772469e+02 6.179985570540578177e-01 3.800205363306233264e-01 1.980906615318828168e-03
5.770321977893519943e+04 6.291330240944115531e+02 5.626394568045162137e-01 4.354070898553795699e-01 1.953453340104211681e-03
5.770322185409720259e+04 6.203339567008462154e+02 5.482322838133093512e-01 4.498600352496021082e-01 1.907680937088453198e-03
5.770322392438659881e+04 6.567214334719152475e+02 6.153552381323044163e-01 3.825003062646983309e-01 2.144455602997150448e-03
5.770724706540509942e+04 5.880119901149354291e+02 6.232970832343537326e-01 3.739585290764884662e-01 2.744387689157890952e-03
5.770724911196759786e+04 4.801736411423661366e+02 4.203800442135849913e-01 5.777479155109637166e-01 1.872040275451288026e-03
5.770725116266200348e+04 6.963846536818997492e+02 8.861005652491104057e-01 1.099449010563110091e-01 3.954533694578780435e-03
5.771122231931710121e+04 4.960496013659334835e+02 3.911582353317200056e-01 6.073230283329230650e-01 1.518736335356900584e-03
5.771122439228009898e+04 5.021099826496075593e+02 4.020641321380264976e-01 5.963697638981847460e-01 1.566103963788679186e-03
5.771122646682870254e+04 4.887253519999260902e+02 3.841711072336196353e-01 6.143196910187063153e-01 1.509201747673898867e-03
5.771422651776619750e+04 6.371442975836930600e+02 7.218794089209007447e-01 2.749852748964654592e-01 3.135316182633854625e-03
5.771422857567130268e+04 6.658935042411075074e+02 7.927376518882641721e-01 2.038007467574013132e-01 3.461601354334719032e-03
5.771423062320600002e+04 6.481281674502528176e+02 7.572165498508223180e-01 2.394496002737602214e-01 3.333849875417474028e-03
5.772020971459490102e+04 5.795559425934568480e+02 5.675281919688750509e-01 4.301296737523320202e-01 2.342134278792890306e-03
5.772021178789350233e+04 5.755652372478045891e+02 5.619469039019993062e-01 4.357248488884939430e-01 2.328247209506875259e-03
5.772021386024310050e+04 5.961776459601476290e+02 6.076133186198632297e-01 3.898496208380896610e-01 2.537060542047115796e-03
5.772421063494210102e+04 5.794353791574050092e+02 6.397596616368427247e-01 3.572628414083899306e-01 2.977496954767385427e-03
5.772421270884259866e+04 6.172499650214476787e+02 7.385626610895680288e-01 2.579404632984948487e-01 3.496875611937215293e-03
5.772813138064809755e+04 6.914046137404109231e+02 7.194451106716113209e-01 2.779102989018923942e-01 2.644590426496411153e-03
5.772813342998839653e+04 7.278944493947725505e+02 7.935489414182611556e-01 2.035481172759662227e-01 2.902941305772707963e-03
5.799016862412040064e+04 6.914114479247029976e+02 5.969578926550912490e-01 4.012213926302181100e-01 1.820714714690630431e-03
5.799017067341440270e+04 6.854639222464761588e+02 5.868994566967494775e-01 4.113099957947787821e-01 1.790547508471649523e-03
5.799017272325229715e+04 6.908472130096964747e+02 5.947129531041353001e-01 4.034770475720956817e-01 1.809999323768925585e-03
5.799317281408570125e+04 7.534031234476036616e+02 6.937673904944188230e-01 3.041615118859936628e-01 2.071097619587428714e-03
5.799317489197920077e+04 7.647765157968709673e+02 7.093228979949942614e-01 2.885760030365424056e-01 2.101098968463323887e-03
5.799317696175930178e+04 7.744322603823359259e+02 7.253766435498537613e-01 2.724805255509824553e-01 2.142830899163828979e-03
5.799617709755789838e+04 nan nan nan nan
5.799617914864580234e+04 nan nan nan nan
5.799618119494210259e+04 1.778927129266386089e+02 1.283670578859814337e-01 8.703611430666243765e-01 1.271799047394204553e-03
5.800014257973380154e+04 7.681672522838215400e+02 7.195548145471059032e-01 2.783020785944462228e-01 2.143106858447794277e-03
5.800014462671300134e+04 8.300218199788474749e+02 8.309838537084528465e-01 1.665680201643324754e-01 2.448126127214649526e-03
5.800014669960649917e+04 8.340845731373913168e+02 8.299382609538524802e-01 1.676435010960833361e-01 2.418237950064269174e-03
5.800314683020830125e+04 5.965409088508929472e+02 4.624556495388378874e-01 5.360764812790643763e-01 1.467869182097678417e-03
5.800314890200230002e+04 5.937234937145851745e+02 4.450185281384562153e-01 5.536092783724990696e-01 1.372193489044695649e-03
5.800315097386569687e+04 6.089194675617782195e+02 4.649390792349111234e-01 5.336369534480179810e-01 1.423967317070912869e-03
5.800711306057869660e+04 6.970050868325089368e+02 6.186627890992545398e-01 3.794129509900269759e-01 1.924259910718547229e-03
5.800711510732639726e+04 6.898481165460799502e+02 6.039200950329380868e-01 3.942080179480155766e-01 1.871887019046346128e-03
5.800711715050930070e+04 7.020471900912182264e+02 6.178152327845846115e-01 3.802932414990996546e-01 1.891525716315689727e-03
5.801011732460650092e+04 7.209237075563299868e+02 6.416477154428923413e-01 3.564174567223407086e-01 1.934827834766881995e-03
5.801011937150460290e+04 7.283392977512297648e+02 6.525571547984174714e-01 3.454822078935942398e-01 1.960637307988213375e-03
5.801012141791670001e+04 7.422213308940519028e+02 6.724594553970306698e-01 3.255356433692165319e-01 2.004901233752747966e-03
5.801707824304400128e+04 7.512265570772897263e+02 7.047889291904469999e-01 2.930612417993137542e-01 2.149829010239220298e-03
5.801708028812499833e+04 7.543542525545440185e+02 7.012803190298252387e-01 2.966088169719572898e-01 2.110863998217415126e-03
5.801708233447920065e+04 7.414209054986296223e+02 6.745072890921828268e-01 3.234712224005955594e-01 2.021488507221629819e-03
5.802104939627309795e+04 8.389622012584176218e+02 8.850599751232351986e-01 1.122217820515765407e-01 2.718242825188399003e-03
5.802105144168980041e+04 8.213165261792464662e+02 8.492726012040138217e-01 1.481158343921785137e-01 2.611564403807699331e-03
5.802105348754629813e+04 8.664888719175145297e+02 9.366378068551274305e-01 6.050825191517755081e-02 2.853941229695104113e-03
5.802408142475689965e+04 6.391758753268887858e+02 8.026712884345470478e-01 1.934769238446013562e-01 3.851787720851616859e-03
5.802408347208330088e+04 6.272193344396907833e+02 8.120958781195256604e-01 1.838095983167535585e-01 4.094523563720857406e-03
5.802408551613429881e+04 6.213537639485936097e+02 8.330997471510250829e-01 1.625094516376812404e-01 4.390801211293744385e-03
5.802708559285879892e+04 6.682223929741696793e+02 6.096438025881607548e-01 3.883231949105744873e-01 2.033002501264767441e-03
5.802708970991899696e+04 6.949483399394075605e+02 6.520184494342932124e-01 3.458315312450431223e-01 2.150019320663690454e-03
5.804723603105320217e+04 6.330524399554548154e+02 5.564612673921205399e-01 4.416515316683480297e-01 1.887200939531431939e-03
5.804723807749999833e+04 6.285567165300528814e+02 5.494688537138413542e-01 4.486646597840521222e-01 1.866486502106600321e-03
5.804724014932870341e+04 6.267834228472431732e+02 5.457552745007390183e-01 4.523929492188273893e-01 1.851776280433680474e-03
5.805024026468749798e+04 4.610517964583935964e+02 8.201489951216416330e-01 1.721221756033975980e-01 7.728829274960674449e-03
5.805024233653939882e+04 6.304426650015333280e+02 6.654885082744218527e-01 3.317899339054558028e-01 2.721557820122438159e-03
5.805024438494210335e+04 6.801139534562651079e+02 7.156832975599891622e-01 2.816120838388173064e-01 2.704618601193593819e-03
5.805327577043980273e+04 6.304833840648763044e+02 6.143432068705584337e-01 3.833377839553699373e-01 2.319009174071410412e-03
5.805327784341439838e+04 4.790892635575106624e+02 5.375515971308553187e-01 4.593734740041530151e-01 3.074928864991682224e-03
5.805327991408570233e+04 6.219385068083006445e+02 6.022335553586982693e-01 3.954763014174693114e-01 2.290143223832291804e-03
5.805628832104169851e+04 6.157813224808329551e+02 6.267788072472258998e-01 3.706907109403591027e-01 2.530481812415063397e-03
5.805629039309029758e+04 6.569409798896656412e+02 7.253000607510815545e-01 2.717227231632390883e-01 2.977216085679474777e-03
5.805629246236110339e+04 6.443907975246536353e+02 6.994334318507368087e-01 2.976890256153087444e-01 2.877542533954551875e-03
5.806222355206019711e+04 6.654716400006697086e+02 6.568745963921582831e-01 3.407456419348078858e-01 2.379761673033875796e-03
5.806222562383100012e+04 6.461270574661962200e+02 6.189782776343932813e-01 3.787802024741669937e-01 2.241519891439618280e-03
5.806222766803239938e+04 7.598539326078339400e+02 8.586008628265056064e-01 1.382806063054869972e-01 3.118530868007502246e-03
5.806522972351850331e+04 5.159254544917774865e+02 4.256703469190961098e-01 5.726670042897898938e-01 1.662648791113879344e-03
5.806523176767359837e+04 4.999938084552752002e+02 4.053609642213235054e-01 5.930336395705231300e-01 1.605396208153356350e-03
5.806523383688659669e+04 5.003397624659046983e+02 4.185545064174898688e-01 5.797362591020902567e-01 1.709234480419819392e-03
5.806823395875000278e+04 6.178990514479401099e+02 5.984903181383123272e-01 3.992182505764907963e-01 2.291431285196700047e-03
5.806823600857640122e+04 6.257488049218017068e+02 6.123747927379594724e-01 3.852860350817871593e-01 2.339172180253496630e-03
5.806823805357640231e+04 5.972113320883572669e+02 5.647868568476065443e-01 4.330287001334537922e-01 2.184443018939690416e-03
5.807123806574069749e+04 6.133389747801434169e+02 6.238552205379060966e-01 3.736178440676836687e-01 2.526935394410286233e-03
5.807124011413189874e+04 6.103200458130439756e+02 6.201074707967526578e-01 3.773711028062650130e-01 2.521426396982359968e-03
5.807124218600690074e+04 6.079144637012004750e+02 6.172979653305543657e-01 3.801835902236747611e-01 2.518444445771001600e-03
5.755737672369209758e+04 8.962927250743069862e+02 8.998954738221600635e-01 9.764239022938124568e-02 2.462135948458830850e-03
5.756133022916669870e+04 8.268009752168253499e+02 7.641580857628951229e-01 2.337555405238587181e-01 2.086373713246057141e-03
5.756133227755789994e+04 8.222588291703727919e+02 7.575544929522798343e-01 2.403723208800915001e-01 2.073186167628668624e-03
5.756133432156249910e+04 8.195584693725957095e+02 7.464344010829762066e-01 2.515395447838369991e-01 2.026054133186776934e-03
5.756640274435179890e+04 8.692676200957245101e+02 8.790552174898524918e-01 1.184470096426897129e-01 2.497772867457917229e-03
5.756640565740739839e+04 8.190130545290277269e+02 7.701810219667736268e-01 2.276590881285875112e-01 2.159889904638796938e-03
5.756640813357639854e+04 8.368256685159338986e+02 8.091167532219153413e-01 1.885998570770386074e-01 2.283389701045861371e-03
5.756940826380789804e+04 6.728505661110150413e+02 7.375198448809848761e-01 2.595456301175020353e-01 2.934525001513270739e-03
5.756941031233799731e+04 8.433000520592881912e+02 9.769934226034678870e-01 1.972829272848659193e-02 3.278284668045516274e-03
5.756941235986109677e+04 7.245669609968645091e+02 7.308316224382225279e-01 2.666834985715831885e-01 2.484878990194428882e-03
5.757335477071759669e+04 7.810749659247602494e+01 1.530048186320877301e-01 8.376227468088526251e-01 9.372434559059644732e-03
5.757335681866900268e+04 nan nan nan nan
5.757335886174769985e+04 nan nan nan nan
5.757635904164350359e+04 8.016328746613203293e+02 7.541797131858748449e-01 2.436584331618342203e-01 2.161853652290982551e-03
5.757636109031250089e+04 8.071343626814674508e+02 7.575874401369550037e-01 2.402607618877124485e-01 2.151797975332558639e-03
5.757636313547450118e+04 7.983636304850945180e+02 7.396269683808627260e-01 2.582767403558082209e-01 2.096291263329032751e-03
5.758129654758099787e+04 nan nan nan nan
5.758129862053239776e+04 8.496184258665055040e+02 8.374005145294276531e-01 1.602267668482696694e-01 2.372718622302790684e-03
5.758130066709490347e+04 nan nan nan nan
5.758430065474539879e+04 8.285156182372587637e+02 7.926795418315780717e-01 2.050847169322360941e-01 2.235741236185761777e-03
5.758430269878469699e+04 8.055140633864480151e+02 7.472165703567685835e-01 2.506817119935795257e-01 2.101717649651832671e-03
5.758430476832180284e+04 7.964079365770618324e+02 7.289896405481975927e-01 2.689639186233183654e-01 2.046440828484040551e-03
5.758735471921299904e+04 5.969769645760268304e+02 6.358834157391221042e-01 3.613453867066737102e-01 2.771197554204182529e-03
5.758735676368059649e+04 6.530499232986358038e+02 7.522126837967894053e-01 2.445467852371861484e-01 3.240530966024484944e-03
5.758735880907410319e+04 5.752250962727576962e+02 6.212411559552650786e-01 3.759099754062705800e-01 2.848868638464397297e-03
5.759041060892360110e+04 2.533051892933285671e+02 1.368248167390715697e-01 8.624625448724052568e-01 7.126383885231452183e-04
5.759041265638890036e+04 4.324515184664178946e+02 2.810747412565551828e-01 7.178934566057250111e-01 1.031802137719730434e-03
5.759041472459489887e+04 3.126110025370571748e+02 1.818621048695438780e-01 8.173112796292759663e-01 8.266155011802468798e-04
5.759342014512729656e+04 7.741564291016271682e+02 7.066922144163699793e-01 2.912724744847729474e-01 2.035311098857131400e-03
5.759342219388890226e+04 7.389335894498949528e+02 6.408856547239288881e-01 3.572770543881794714e-01 1.837290887891673266e-03
5.759342423879630223e+04 7.680194948479394270e+02 6.921995197838347602e-01 3.058164616296635274e-01 1.984018586501722341e-03
5.792526005879630247e+04 7.012344205867558458e+02 7.177047106222828043e-01 2.797367460306043330e-01 2.558543347112896514e-03
5.792526223586809647e+04 7.239046369789108439e+02 7.667203138520514161e-01 2.305397599835830036e-01 2.739926164365539141e-03
5.792526430643520143e+04 6.809105875646248478e+02 7.227603934900990179e-01 2.744876842951757268e-01 2.751922214725248828e-03
5.793327861822919658e+04 6.848309513250916325e+02 6.453889436484030462e-01 3.524418347598987089e-01 2.169221591698255319e-03
5.793328153189810109e+04 6.259272804848301348e+02 5.327756069906095515e-01 4.654548197721250502e-01 1.769573237265378764e-03
5.793328357708329713e+04 6.475253402244044310e+02 5.618126107545109438e-01 4.363487477119274982e-01 1.838641533561556499e-03
5.793628368734950345e+04 6.940584254722292599e+02 6.019466766512584499e-01 3.962161437344232651e-01 1.837179614318147766e-03
5.793628576050930133e+04 7.044301774354684085e+02 6.141545300152202458e-01 3.839889182713356330e-01 1.856551713444098408e-03
5.793628783324069809e+04 7.187184283790011250e+02 6.333520632606141065e-01 3.647512288301174022e-01 1.896707909268450761e-03
5.794228447361110011e+04 nan nan nan nan
5.794228652329860051e+04 nan nan nan nan
5.794228856964119768e+04 nan nan nan nan
5.794528865236110141e+04 3.839676451642885695e+02 2.082549458686994426e-01 7.910265504046971596e-01 7.185037266034256494e-04
5.794529069642360264e+04 3.891498728918538745e+02 2.179265277498704523e-01 7.813074982125554069e-01 7.659740375742159777e-04
5.794529273826390272e+04 3.863224347559199714e+02 2.148697775123715181e-01 7.843746459801699267e-01 7.555765074585389391e-04
5.794831481783559866e+04 7.209936838595225481e+02 6.415760873483787874e-01 3.564898922369604817e-01 1.934020414660687784e-03
