5.750823479354169831e+04 nan nan nan nan
5.750823684359950130e+04 2.446029435011893725e+02 5.709021267102419861e-01 4.157924835374676165e-01 1.330538975229037663e-02
5.750823888879630249e+04 2.561161486219439780e+02 5.698667548017422035e-01 4.180411834757261080e-01 1.209206172253176823e-02
5.751127795192129997e+04 3.307297191103730825e+02 6.173131383465739752e-01 3.741775930391617044e-01 8.509268614264393210e-03
5.751128002734950132e+04 3.292592511060709626e+02 6.110862719285687916e-01 3.805006151194233466e-01 8.413112952007846188e-03
5.751128210050929920e+04 3.360266683168734971e+02 6.337358574507996334e-01 3.575766047663226921e-01 8.687537782877631162e-03
5.751622383775460185e+04 nan nan nan nan
5.751622588629629900e+04 nan nan nan nan
5.751622793262729829e+04 nan nan nan nan
5.752032221108800150e+04 nan nan nan nan
5.752032425738430175e+04 nan nan nan nan
5.752032630150460318e+04 nan nan nan nan
5.752333383954859892e+04 nan nan nan nan
5.752333588821760350e+04 nan nan nan nan
5.752333793572919967e+04 nan nan nan nan
5.752940620478009805e+04 nan nan nan nan
5.752940825335650152e+04 nan nan nan nan
5.752941032322919636e+04 nan nan nan nan
5.753429089564809692e+04 3.396339348654183823e+02 6.353618231259763327e-01 3.560905074964443862e-01 8.547669377579336647e-03
5.753429294650460361e+04 3.350725762344699206e+02 6.211920578536156423e-01 3.704133102636744668e-01 8.394631882709835402e-03
5.753429499166669848e+04 3.116154685257062624e+02 5.376064659716771610e-01 4.551237988895648900e-01 7.269735138758033968e-03
5.754629497972220270e+04 3.773324205644830727e+02 7.897907012721762099e-01 1.995088146224235637e-01 1.070048410540021602e-02
5.754629702839120000e+04 4.135435205810235857e+02 9.463773574016660639e-01 4.083136636910277006e-02 1.279127622923109490e-02
5.754629907357640332e+04 4.211552189263032346e+02 9.787559453666802023e-01 8.052618179830340825e-03 1.319143645348937535e-02
5.755039358618060214e+04 3.295783340725523090e+02 5.969130440447323327e-01 3.950751122687232164e-01 8.011843686544414464e-03
5.755039571016200352e+04 3.173657066357752115e+02 5.548458007060274033e-01 4.376888135935217972e-01 7.465385700450917483e-03
5.755039775870370067e+04 3.373617791383228450e+02 6.242809384175597165e-01 3.673554081332672805e-01 8.363653449172841689e-03
5.755426286537040141e+04 2.600613146197758851e+02 6.026588907016513508e-01 3.842245699772456891e-01 1.311653932110309201e-02
5.755426493841440242e+04 2.772428521877221783e+02 7.223201035331805464e-01 2.611005913037369730e-01 1.657930516308249100e-02
5.755426700672449806e+04 3.356517718873976150e+02 7.033118084447623763e-01 2.859644690566402470e-01 1.072372249859740098e-02
5.755737257791669981e+04 3.026587848883954734e+02 5.103234235259775931e-01 4.827325387104393073e-01 6.944037763583198533e-03
5.794831891516200267e+04 4.033842095580394016e+02 9.096743637391300208e-01 7.790448756623785664e-02 1.242114869463208614e-02
5.795131904060189845e+04 3.727318748313381889e+02 8.165678086544223557e-01 1.717097227196035802e-01 1.172246862597412474e-02
5.795132111849539797e+04 3.931460992254895359e+02 8.936083122476004004e-01 9.377300287981862881e-02 1.261868487258103674e-02
5.795132316312500188e+04 3.989981545560233371e+02 9.203912792616052441e-01 6.661208780829915022e-02 1.299663293009557623e-02
5.795434710633099894e+04 nan nan nan nan
5.795434915491900028e+04 nan nan nan nan
5.795435120121530053e+04 nan nan nan nan
5.795825557232640131e+04 3.721660838110709619e+02 7.888925122500550779e-01 2.001328619800714081e-01 1.097462576987352084e-02
5.795825764436340251e+04 3.772149774988374702e+02 8.105992840843101455e-01 1.781219336669785380e-01 1.127878224871131999e-02
5.795825969094909669e+04 3.917274680279961672e+02 8.732765522463535879e-01 1.145849991205888790e-01 1.213844863305747410e-02
5.796226067233800131e+04 3.140372864955849650e+02 8.409983337654906022e-01 1.414848378345831548e-01 1.751682839992627083e-02
5.796226272096070170e+04 3.419679527322392119e+02 8.007537708564705925e-01 1.858539403726871542e-01 1.339228877084222211e-02
5.796226476614580315e+04 3.540706497689816956e+02 8.783045181735625873e-01 1.066662073907217040e-01 1.502927443571580937e-02
5.796526788873840269e+04 1.159891755665493918e+02 3.998827963197680302e-01 5.710864604397295485e-01 2.903074324050245597e-02
5.796526993535880320e+04 1.518698326447887155e+02 5.071725144279066733e-01 4.655881802790379775e-01 2.723930529305527634e-02
5.796527198114580096e+04 1.046941375122823814e+02 3.948948163483927964e-01 5.703559064163208348e-01 3.474927723528625084e-02
5.797027938540509786e+04 3.767823193915383513e+02 8.014933829745981564e-01 1.874544741897065936e-01 1.105214283569513380e-02
5.797028143182869826e+04 3.607078932741560493e+02 7.348001695966763780e-01 2.550641048914190634e-01 1.013572551190459158e-02
5.797028347689809743e+04 3.720735244841316103e+02 7.788416148683606766e-01 2.104563000862714195e-01 1.070208504536789874e-02
5.797328356476849876e+04 nan nan nan nan
5.797328561118060315e+04 nan nan nan nan
5.797328765510419908e+04 nan nan nan nan
5.798009512350690056e+04 3.123769727029243768e+02 5.776658495646377345e-01 4.139815251063850843e-01 8.352625328977186445e-03
5.798009717217589787e+04 3.206068463436432125e+02 5.992573172045694285e-01 3.922095452912053859e-01 8.533137504225218536e-03
5.798009921662040142e+04 3.548118747990570228e+02 7.292716492123257899e-01 2.604100067223594217e-01 1.031834406531488037e-02
5.798336581408559869e+04 3.739132035155042786e+02 8.174432761746858178e-01 1.708832184769045748e-01 1.167350534840954669e-02
5.798336786162039789e+04 3.659445359593690910e+02 7.745220429906759518e-01 2.145367642903569239e-01 1.094119271896712084e-02
5.798336990800929925e+04 3.770791721893732529e+02 8.207599623125969579e-01 1.676683987882073568e-01 1.157163889919567840e-02
5.798637001756940299e+04 3.853096715304899931e+02 8.321280467705451933e-01 1.564802637893861204e-01 1.139168944006873838e-02
5.798637209084490314e+04 4.028969144577166617e+02 9.155696645678031986e-01 7.181721496001620964e-02 1.261312047218067847e-02
5.773313283907409641e+04 nan nan nan nan
5.773313491203699959e+04 nan nan nan nan
5.773313695576389728e+04 nan nan nan nan
5.773613697483800206e+04 2.768418692731502233e+02 5.597569702302455097e-01 4.302576839225282224e-01 9.985345847226356417e-03
5.773613904766199994e+04 2.321699867206922079e+02 3.968499813651522601e-01 5.960137989284499671e-01 7.136219706397842200e-03
5.773614109170140000e+04 2.596954695059591245e+02 4.999261462788969212e-01 4.910225613683690815e-01 9.051292352733972951e-03
5.773914103421299660e+04 2.492002778540822021e+02 4.373325057398415594e-01 5.551451343335939148e-01 7.522359926564470278e-03
5.773914310640050098e+04 2.555819379898552768e+02 4.623989386594565820e-01 5.296063833428685808e-01 7.994677997674875386e-03
5.773914515188660152e+04 2.505644872631013413e+02 4.427149793277951884e-01 5.496600700753704327e-01 7.624950596834251422e-03
5.774214593089120171e+04 3.236817039221363075e+02 7.530112621523599170e-01 2.337698695096652457e-01 1.321886833797487198e-02
5.774214797937499679e+04 3.056775150189785109e+02 6.701711253645527000e-01 3.180887671525324256e-01 1.174010748291483622e-02
5.774215002598379942e+04 3.144018154844582114e+02 7.086325555815307098e-01 2.789595026171725056e-01 1.240794180129682102e-02
5.774603153121530340e+04 nan nan nan nan
5.774603357987270283e+04 nan nan nan nan
5.774603562748840341e+04 3.079841890640278734e+02 6.728402564794896401e-01 3.155025306035064703e-01 1.165721291700400064e-02
5.774910287126160256e+04 2.466951395316899607e+02 4.536194441686913215e-01 5.381222725688626918e-01 8.258283262445959005e-03
5.774910491856480076e+04 2.397060283090620203e+02 4.269554401575947900e-01 5.652957531298664628e-01 7.748806712538792302e-03
5.774910696269680193e+04 2.423959910378933387e+02 4.315248281874407565e-01 5.607343272289804226e-01 7.740844583578733278e-03
5.775210701935189718e+04 2.711504050958136531e+02 5.426678686601973389e-01 4.475490573672322170e-01 9.783073972570404189e-03
5.775210909396989882e+04 2.830336543504983524e+02 5.856125542057332156e-01 4.039312854040161271e-01 1.045616039025059479e-02
5.775211113959489739e+04 2.882438925562107670e+02 6.190927790810266673e-01 3.696399461319969104e-01 1.126727478697641532e-02
5.785731888864580105e+04 nan nan nan nan
5.785732096162039670e+04 nan nan nan nan
5.785732303363429673e+04 nan nan nan nan
5.787323558943290118e+04 nan nan nan nan
5.787323766340279690e+04 nan nan nan nan
5.787323970866900345e+04 nan nan nan nan
5.787636561278929730e+04 3.696348637940270692e+02 6.893468912121420988e-01 3.021582253156268605e-01 8.494883472231071903e-03
5.787636768714120262e+04 3.523021473875208471e+02 6.254266941621902109e-01 3.668758025404696976e-01 7.697503297339987338e-03
5.787636973238430073e+04 3.727126342754669963e+02 7.007199033752460338e-01 2.906469659562466168e-01 8.633130668507356387e-03
5.790336961260419775e+04 3.229151871541123455e+02 6.194851482544104782e-01 3.715258287201702037e-01 8.989023025419217577e-03
5.759727180795140157e+04 1.885577753020283467e+02 4.744727861263380864e-01 5.100618065758861785e-01 1.546540729777577498e-02
5.759727385310189857e+04 nan nan nan nan
5.760041507263889798e+04 3.919027594978703632e+02 8.952861582290437825e-01 9.196723071611016820e-02 1.274661105484598683e-02
5.760041711899310030e+04 4.015945830440944064e+02 9.182483917400000584e-01 6.898215515706139500e-02 1.276945310293859520e-02
5.760041916413189756e+04 4.137375401470146699e+02 9.749419753620182094e-01 1.149566305235211368e-02 1.356236158562976191e-02
5.760342213885419915e+04 3.974049583063869591e+02 8.820002540298075289e-01 1.059688355071254223e-01 1.203091046306693952e-02
5.760342418274310330e+04 3.936480828851941283e+02 8.637995383252030646e-01 1.244396501337646233e-01 1.176081154103223066e-02
5.760342622562500037e+04 4.120081171993816724e+02 9.426111173696253287e-01 4.460445740238398044e-02 1.278442522799078974e-02
5.760642632716440130e+04 3.544159098175808822e+02 7.266068720535353576e-01 2.631271525168225600e-01 1.026597542964202171e-02
5.760642838563660189e+04 3.638576633884642320e+02 7.639985919835150519e-01 2.252330446754946258e-01 1.076836334099029978e-02
5.760643043196760118e+04 3.638817350499110148e+02 7.664895330664731610e-01 2.226732047416078719e-01 1.083726219191900701e-02
5.760943056070600142e+04 3.195170608842009301e+02 5.874579922276091937e-01 4.042855613879164922e-01 8.256446384474317585e-03
5.760943263361109712e+04 3.181797565182984613e+02 5.844910905118172462e-01 4.072668007907642718e-01 8.242108697418398799e-03
5.760943467989579949e+04 3.100046907676978662e+02 5.581592355016630203e-01 4.339229132834295233e-01 7.917851214907432184e-03
5.761321910018519702e+04 nan nan nan nan
5.761322127516200271e+04 3.819241310651916024e+02 8.442856045016376987e-01 1.437785769652340784e-01 1.193581853312817090e-02
5.761322332181710226e+04 4.052867837128837891e+02 9.494393620304537595e-01 3.715655155168347268e-02 1.340408641786267063e-02
5.761623691380790115e+04 2.695731143919643387e+02 4.197736666217051216e-01 5.743038361464062325e-01 5.922497231888639024e-03
5.761623896099539706e+04 2.826869578084521777e+02 4.601972397753698596e-01 5.333297825114398094e-01 6.472977713190310178e-03
5.761624100755790278e+04 2.396661641717246312e+02 3.319369887444446610e-01 6.633778398234686513e-01 4.685171432086674727e-03
5.761939315737270226e+04 2.611719730671379125e+02 4.026718508802288876e-01 5.915221490214875866e-01 5.806000098283456423e-03
5.761939520490739960e+04 2.771330051362250515e+02 4.478286470560088883e-01 5.457934944751536843e-01 6.377858468837377913e-03
5.761939725003470085e+04 2.530342500545937412e+02 3.800467959839085030e-01 6.144433109816820338e-01 5.509893034409519587e-03
5.762318496390050132e+04 3.553463905823020355e+02 7.288355888348306832e-01 2.608893843966385018e-01 1.027502676853082365e-02
5.762318700912039640e+04 3.439293051385741364e+02 6.740462590602943616e-01 3.165723188138682698e-01 9.381422125837399900e-03
5.762318905652780086e+04 3.553444649476145401e+02 7.180680910664447580e-01 2.719581289508928301e-01 9.973779982662430918e-03
5.762618919959489722e+04 nan nan nan nan
5.762619125050929870e+04 3.888247253523869631e+02 8.936848557389557302e-01 9.341220401062801104e-02 1.290294025041629697e-02
5.762619330261569849e+04 3.863562429845453607e+02 8.833391020458788434e-01 1.038933740582190096e-01 1.276752389590213484e-02
5.762928869053239760e+04 3.461721947019309482e+02 6.862894007139871411e-01 3.041108949527886463e-01 9.599704333224165845e-03
5.762929076252310188e+04 3.409799163888272346e+02 6.642301098003583482e-01 3.265014392905710716e-01 9.268450909070555938e-03
5.755737465321760101e+04 3.306018403784393627e+02 5.990677622684786874e-01 3.929123368247021131e-01 8.019900906819248110e-03
5.759726976038190332e+04 nan nan nan nan
5.762929280788190226e+04 3.450961269939062959e+02 6.795305868991939890e-01 3.109990749509096708e-01 9.470338149896400867e-03
5.772813550339119683e+04 nan nan nan nan
5.790337165991900110e+04 3.205631866543252499e+02 6.073438455644946110e-01 3.838887788113550803e-01 8.767375624150320831e-03
5.792224230149309733e+04 nan nan nan nan
5.794831686872689897e+04 4.090834759072727138e+02 9.488249786697808830e-01 3.803560780863640689e-02 1.313941352158271188e-02
5.798637413616899721e+04 3.491190022368089103e+02 6.884892477869719585e-01 3.020118156789631247e-01 9.498936534064935863e-03
5.802708766583329998e+04 nan nan nan nan
5.790337370518520038e+04 3.512886549380285715e+02 7.208481164360642790e-01 2.688672949497549203e-01 1.028458861418073481e-02
5.790637381167819694e+04 3.645701271750522210e+02 7.303015553620849643e-01 2.598974550309265386e-01 9.800989606988491989e-03
5.790637585583329928e+04 3.463507554980856753e+02 6.693336441265337333e-01 3.215445532832115205e-01 9.121802590254652482e-03
5.790637790084489825e+04 3.558044769360640771e+02 6.951675626888074166e-01 2.955088333260644240e-01 9.323603985128197519e-03
5.790937800020830036e+04 nan nan nan nan
5.790938007233799726e+04 nan nan nan nan
5.790938211894679989e+04 nan nan nan nan
5.791335360002310335e+04 3.390371692807385102e+02 6.406511290150487259e-01 3.506276718706666240e-01 8.721199114284572049e-03
5.791335564643520047e+04 3.392853033746513916e+02 6.357634942480835383e-01 3.556604278965223020e-01 8.576077855394126717e-03
5.791335771677079902e+04 3.537495640766854308e+02 6.875491276953356046e-01 3.032242385669801643e-01 9.226633737684321324e-03
5.791635771358799684e+04 3.414685872883384832e+02 6.310820173957362167e-01 3.605754534749666673e-01 8.342529129297025781e-03
5.791635976077550004e+04 2.712346125595502144e+02 4.008039976242610547e-01 5.938626349143478755e-01 5.333367461391104458e-03
5.791636182935190300e+04 3.938706635526915534e+02 8.364760319928262744e-01 1.525078806705540690e-01 1.101608733661961492e-02
5.792223818324069725e+04 nan nan nan nan
5.792224023196759663e+04 nan nan nan nan
5.763230957098380168e+04 3.026550843748329953e+02 5.162596247537049043e-01 4.766336747736654722e-01 7.106700472629689375e-03
5.763231162777780264e+04 3.130817473672211122e+02 5.476682268338636250e-01 4.448578740606963788e-01 7.473899105439970984e-03
5.763231367187500291e+04 3.088367775485264133e+02 5.328509219096904115e-01 4.598782972284843895e-01 7.270780861825233699e-03
5.769003383031250269e+04 3.536708919148414907e+02 7.390744296383451317e-01 2.502594776218262651e-01 1.066609273982863267e-02
5.769003590199069731e+04 3.334859813998401137e+02 6.577414630105600235e-01 3.327572395890892598e-01 9.501297400350668110e-03
5.769003794601849950e+04 3.802298458740837646e+02 8.622149419061947428e-01 1.252257324976881747e-01 1.255932559611716050e-02
5.769427015548609779e+04 2.375340608486266092e+02 3.656009708111045420e-01 6.286128679632105865e-01 5.786161225684983457e-03
5.769427222827549849e+04 2.446503751058610305e+02 3.836270935634127910e-01 6.103673340209927467e-01 6.005572415594490066e-03
5.769427429901620053e+04 2.379334843563378001e+02 3.626655292253503915e-01 6.316599516376795176e-01 5.674519136970125610e-03
5.770016264601849980e+04 nan nan nan nan
5.770016469395830063e+04 2.843307975115567388e+02 5.065670777373908473e-01 4.856802084416876331e-01 7.752713820921524820e-03
5.770016674040509679e+04 nan nan nan nan
5.770321977893519943e+04 1.707216605896288115e+02 1.865121803215016583e-01 8.105726436631334186e-01 2.915176015365043231e-03
5.770322185409720259e+04 1.703667743660285794e+02 1.856060819528829176e-01 8.114949579224590703e-01 2.898960124658147858e-03
5.770322392438659881e+04 1.680107825477348342e+02 1.829798410430680256e-01 8.141230834150955387e-01 2.897075541836422775e-03
5.770724706540509942e+04 1.359594230740922853e+02 1.328231987468538045e-01 8.648457228488686255e-01 2.331078404277648133e-03
5.770724911196759786e+04 1.396442422261173704e+02 1.393194416717501993e-01 8.582494460300302830e-01 2.431112298219650827e-03
5.770725116266200348e+04 1.410243457720689833e+02 1.427017077999268857e-01 8.547973837674787134e-01 2.500908432594562639e-03
5.771122231931710121e+04 3.547020224424391017e+02 8.471920402457574495e-01 1.388743372275332844e-01 1.393362252670919503e-02
5.771122439228009898e+04 3.206135802496878000e+02 6.905184869942886383e-01 2.981519168454465074e-01 1.132959616026485081e-02
5.771122646682870254e+04 3.038600539257942614e+02 6.257386723453584043e-01 3.639035541828640197e-01 1.035777347177756040e-02
5.771422651776619750e+04 2.100791555975245899e+02 3.255185499196328047e-01 6.686171903765657509e-01 5.864259703801432203e-03
5.771422857567130268e+04 2.070773336798368973e+02 3.161240206061836089e-01 6.781838141139682197e-01 5.692165279848112464e-03
5.771423062320600002e+04 2.078274977306818130e+02 3.185585361163754681e-01 6.757029410564480143e-01 5.738522827176427421e-03
5.772020971459490102e+04 3.391229364964595447e+02 7.937203646970846238e-01 1.928998743217903988e-01 1.337976098112497216e-02
5.772021178789350233e+04 3.774197370070958186e+02 9.764189378438846711e-01 7.233582341906598205e-03 1.634747981420879917e-02
5.772021386024310050e+04 3.444688607098903503e+02 8.177325299642115297e-01 1.685032930316188449e-01 1.376417700416950052e-02
5.772421063494210102e+04 3.172327766307872707e+02 7.514413653698118756e-01 2.348541808986008839e-01 1.370445373158718158e-02
5.772421270884259866e+04 3.043512950583142924e+02 6.968302198198382813e-01 2.903662042240625074e-01 1.280357595609925292e-02
5.772813138064809755e+04 nan nan nan nan
5.772813342998839653e+04 nan nan nan nan
5.799016862412040064e+04 3.481225407627288178e+02 6.971742012830851598e-01 2.930298621658908309e-01 9.795936551024075206e-03
5.799017067341440270e+04 4.089528211473449915e+02 9.608501708028035493e-01 2.566664202635987255e-02 1.348318717083665449e-02
5.799017272325229715e+04 3.624626534635704047e+02 7.601672584211840444e-01 2.290898937021044190e-01 1.074284787671142376e-02
5.799317281408570125e+04 3.467673365746628633e+02 6.910848308005627105e-01 2.992142253188366241e-01 9.700943880600630675e-03
5.799317489197920077e+04 3.672779557593215145e+02 7.657180139513477535e-01 2.236656259644418110e-01 1.061636008421035227e-02
5.799317696175930178e+04 3.522114862673324183e+02 7.072456102985942294e-01 2.829060929104392219e-01 9.848296790966605888e-03
5.799617709755789838e+04 nan nan nan nan
5.799617914864580234e+04 nan nan nan nan
5.799618119494210259e+04 1.221284603876606951e+02 2.742707835157667806e-01 7.134108543594552820e-01 1.231836212477786276e-02
5.800014257973380154e+04 3.042429286911512918e+02 5.398163069606355391e-01 4.524945374225456396e-01 7.689155616818849938e-03
5.800014462671300134e+04 3.394145623301254773e+02 6.609415544087191563e-01 3.297967008155168189e-01 9.261744775764118448e-03
5.800014669960649917e+04 2.518693641696147552e+02 3.580442714780869284e-01 6.370200097705669418e-01 4.935718751346087306e-03
5.800314683020830125e+04 nan nan nan nan
5.800314890200230002e+04 nan nan nan nan
5.800315097386569687e+04 3.796666863076212621e+02 8.444184700179941938e-01 1.434995502867887074e-01 1.208197969521713176e-02
5.800711306057869660e+04 3.494040070931480386e+02 7.237173744153361232e-01 2.658038661007978698e-01 1.047875948386601738e-02
5.800711510732639726e+04 3.718385440654295735e+02 8.152213367383366327e-01 1.730386144921195746e-01 1.174004876954379446e-02
5.800711715050930070e+04 3.586585863735504063e+02 7.508937372751437467e-01 2.384003885090262009e-01 1.070587421583004198e-02
5.801011732460650092e+04 3.361642171787614757e+02 6.624932781916569313e-01 3.280206234648355146e-01 9.486098343507550629e-03
5.801011937150460290e+04 3.440167195067173225e+02 6.937422559799583111e-01 2.963251008621593519e-01 9.932643157882344032e-03
5.801012141791670001e+04 3.420697470701483098e+02 6.724482531636972737e-01 3.181129629282899440e-01 9.438783908012790894e-03
5.801707824304400128e+04 2.968052382084986220e+02 5.192882056560330639e-01 4.732352410769870565e-01 7.476553266979902961e-03
5.801708028812499833e+04 3.360836293129635806e+02 6.509489485732913305e-01 3.398882815401831903e-01 9.162769886525486129e-03
5.801708233447920065e+04 3.410842372296021949e+02 6.656496801102881333e-01 3.250479031147551212e-01 9.302416774956759338e-03
5.802104939627309795e+04 nan nan nan nan
5.802105144168980041e+04 nan nan nan nan
5.802105348754629813e+04 nan nan nan nan
5.802408142475689965e+04 nan nan nan nan
5.802408347208330088e+04 nan nan nan nan
5.802408551613429881e+04 nan nan nan nan
5.802708559285879892e+04 nan nan nan nan
5.802708970991899696e+04 nan nan nan nan
5.804723603105320217e+04 3.211575327484207492e+02 6.429856303206379353e-01 3.472241159843521552e-01 9.790253695009873067e-03
5.804723807749999833e+04 3.088415465284565471e+02 5.965489151211215146e-01 3.943383587056593087e-01 9.112726173219273806e-03
5.804724014932870341e+04 3.213842166718284261e+02 6.498165119784481414e-01 3.401982129490222495e-01 9.985275072529557067e-03
5.805024026468749798e+04 nan nan nan nan
5.805024233653939882e+04 3.579630990379199602e+02 9.377599326769600063e-01 4.547773432162900697e-02 1.676233300141102486e-02
5.805024438494210335e+04 3.587078476696734697e+02 8.715821216057596521e-01 1.139979698111728001e-01 1.441990858306758071e-02
5.805327577043980273e+04 3.113254415411468017e+02 6.218595730984958214e-01 3.683953995963804018e-01 9.745027305123729958e-03
5.805327784341439838e+04 2.531945547404552315e+02 6.223103029376935158e-01 3.629349116872209180e-01 1.475478537508556100e-02
5.805327991408570233e+04 3.167492195468802265e+02 6.482983429314188584e-01 3.414699911059528858e-01 1.023166596262832170e-02
5.805628832104169851e+04 2.827586469577431671e+02 5.094920811579337627e-01 4.825779638212687184e-01 7.929955020797680235e-03
5.805629039309029758e+04 2.913582372910973390e+02 5.431580113595670944e-01 4.483535968982881315e-01 8.488391742144652669e-03
5.805629246236110339e+04 2.777338211024259635e+02 4.913601532387488202e-01 5.009949791760333060e-01 7.644867585217857316e-03
5.806222355206019711e+04 2.925609655962291527e+02 5.333946457987341905e-01 4.584865479126992716e-01 8.118806288566444290e-03
5.806222562383100012e+04 2.849116672873954030e+02 5.038092806590014350e-01 4.885534255853402619e-01 7.637293755658284070e-03
5.806222766803239938e+04 2.718137653960225180e+02 4.604550101228062076e-01 5.325359400243715458e-01 7.009049852822284848e-03
5.806522972351850331e+04 nan nan nan nan
5.806523176767359837e+04 nan nan nan nan
5.806523383688659669e+04 nan nan nan nan
5.806823395875000278e+04 nan nan nan nan
5.806823600857640122e+04 nan nan nan nan
5.806823805357640231e+04 2.458780123384190404e+02 4.187738724289297165e-01 5.741410043846196798e-01 7.085123186450528222e-03
5.807123806574069749e+04 3.589162859684569185e+02 8.984447872739426133e-01 8.625053836798153573e-02 1.530467435807577985e-02
5.807124011413189874e+04 3.396410456692739785e+02 8.068289045978644936e-01 1.793878910476702504e-01 1.378320435446512421e-02
5.807124218600690074e+04 3.537211914163019628e+02 8.740951654382829172e-01 1.109898463284875875e-01 1.491498823322948315e-02
5.755737672369209758e+04 3.344050352766913647e+02 6.108980875397025390e-01 3.809507499506888384e-01 8.151162509608624387e-03
5.756133022916669870e+04 3.226179154709888621e+02 5.813992113906912840e-01 4.106684809143502091e-01 7.932307694958482674e-03
5.756133227755789994e+04 3.125398760255078514e+02 5.427048472607558516e-01 4.499306374683407772e-01 7.364515270903381622e-03
5.756133432156249910e+04 3.097561518426267071e+02 5.325693936039436194e-01 4.602105570675812385e-01 7.220049328475234077e-03
5.756640274435179890e+04 3.000162603972384545e+02 5.175467064180542254e-01 4.751849215520161929e-01 7.268372029929735280e-03
5.756640565740739839e+04 3.283571513555267529e+02 6.131749749415582595e-01 3.783076941117546887e-01 8.517330946686961501e-03
5.756640813357639854e+04 3.125317250042783712e+02 5.617480632150086972e-01 4.303611086130456065e-01 7.890828171945715383e-03
5.756940826380789804e+04 2.576720931501004657e+02 5.390163948918927916e-01 4.502955959740937986e-01 1.068800913401334561e-02
5.756941031233799731e+04 3.097448115205330623e+02 6.520211536752484882e-01 3.371559642081538577e-01 1.082288211659760899e-02
5.756941235986109677e+04 2.884428163043388622e+02 5.755850041998611388e-01 4.146891557312285537e-01 9.725840068910343930e-03
5.757335477071759669e+04 nan nan nan nan
5.757335681866900268e+04 nan nan nan nan
5.757335886174769985e+04 nan nan nan nan
5.757635904164350359e+04 3.569061411899331802e+02 7.303686739875653311e-01 2.594030162788872884e-01 1.022830973354735794e-02
5.757636109031250089e+04 3.517948473140208989e+02 7.056614718623753779e-01 2.845110632420274066e-01 9.827464895597243233e-03
5.757636313547450118e+04 3.398071005404555081e+02 6.631587247706962618e-01 3.275388173260044278e-01 9.302457903299355541e-03
5.758129654758099787e+04 3.714297482014277421e+02 8.053611593143108482e-01 1.831558336548827493e-01 1.148300703080644414e-02
5.758129862053239776e+04 3.784932421157479325e+02 8.221946155522789068e-01 1.662798616471303503e-01 1.152552280059069255e-02
5.758130066709490347e+04 3.512875737224028967e+02 6.924266359689205119e-01 2.980837271737299399e-01 9.489636857349581164e-03
5.758430065474539879e+04 3.085660484192115973e+02 5.365467241142961585e-01 4.560683446705956490e-01 7.384931215108169085e-03
5.758430269878469699e+04 3.420611992567958737e+02 6.619247923498757791e-01 3.289290790254336128e-01 9.146128624690698372e-03
5.758430476832180284e+04 3.583739100968288085e+02 7.239284651906657819e-01 2.661049544238360820e-01 9.966580385498127401e-03
5.758735471921299904e+04 2.790216743767547882e+02 6.476936017072122409e-01 3.391453352437598379e-01 1.316106304902779633e-02
5.758735676368059649e+04 2.793711893571545488e+02 6.543062057177083668e-01 3.322962104789555782e-01 1.339758380333615738e-02
5.758735880907410319e+04 nan nan nan nan
5.759041060892360110e+04 nan nan nan nan
5.759041265638890036e+04 1.906755793271790935e+02 2.619848010479871592e-01 7.334042567214045238e-01 4.610942230608360351e-03
5.759041472459489887e+04 1.494890224733676121e+02 1.972270425701332930e-01 7.985214596364571538e-01 4.251497793409720651e-03
5.759342014512729656e+04 3.640427612325224231e+02 7.420215808811472247e-01 2.478309927127991530e-01 1.014742640605358417e-02
5.759342219388890226e+04 3.882359436948303255e+02 8.369271481283884206e-01 1.517224440325330159e-01 1.135040783907853915e-02
5.759342423879630223e+04 3.610038222915519555e+02 7.285190879078400350e-01 2.615340543466717627e-01 9.946857745488231831e-03
5.792526005879630247e+04 3.542950422146124083e+02 8.206596197987005015e-01 1.662357848222826562e-01 1.310459537901683021e-02
5.792526223586809647e+04 3.678490940987560407e+02 8.909037496627364439e-01 9.476942953169384398e-02 1.432682080556972430e-02
5.792526430643520143e+04 3.268087798103808268e+02 7.540278878344106595e-01 2.329699666171878569e-01 1.300214554840152352e-02
5.793327861822919658e+04 3.904414939400385833e+02 9.370201645706407456e-01 4.891244376553914586e-02 1.406739166382003220e-02
5.793328153189810109e+04 3.928381766309692011e+02 9.424216811739861699e-01 4.352137848868974090e-02 1.405694033732412564e-02
5.793328357708329713e+04 3.862636154809013078e+02 9.076289140504488762e-01 7.888528703187214219e-02 1.348579891767896430e-02
5.793628368734950345e+04 3.729484277546479234e+02 7.798377185960163605e-01 2.094830855926666791e-01 1.067919581131697090e-02
5.793628576050930133e+04 3.801374128022956143e+02 8.030157598074538772e-01 1.860850421172894342e-01 1.089919807525663829e-02
5.793628783324069809e+04 3.974845900796509000e+02 8.744061524600972302e-01 1.137739570254343718e-01 1.181989051446841014e-02
5.794228447361110011e+04 nan nan nan nan
5.794228652329860051e+04 nan nan nan nan
5.794228856964119768e+04 nan nan nan nan
5.794528865236110141e+04 2.913724551042194548e+02 5.436517494520789473e-01 4.478452495481863305e-01 8.503000999734642434e-03
5.794529069642360264e+04 nan nan nan nan
5.794529273826390272e+04 nan nan nan nan
5.794831481783559866e+04 3.832977090529431621e+02 8.365374109836946070e-01 1.518286729610924535e-01 1.163391605521300540e-02
