5.779618900283570110e+04 nan nan nan nan
5.769031072403940198e+04 2.779255148765704462e+02 9.702337868359215411e-01 3.451589677557816999e-16 2.976621316407811191e-02
5.769031259791670163e+04 2.773234023949635798e+02 9.701119030012450573e-01 7.005184617274365395e-16 2.988809699875423845e-02
5.769031447164349811e+04 2.788726718915540346e+02 9.704240422681097433e-01 2.561200921444000537e-15 2.957595773188761989e-02
5.771118339418980031e+04 nan nan nan nan
5.771118526806709997e+04 nan nan nan nan
5.771118714638889651e+04 1.893185933701001318e+02 9.398103834030202552e-01 6.712089329238366526e-15 6.018961659697312505e-02
5.773228721622689773e+04 2.126362849038941647e+02 9.511309891188590715e-01 6.293638124223591846e-15 4.886901088113467656e-02
5.773228908994210360e+04 2.112648995070332774e+02 9.505544779732075789e-01 6.831447095667219278e-16 4.944552202679165787e-02
5.773229096026619663e+04 2.143854659642209981e+02 9.518522456865059489e-01 3.207284725369970106e-15 4.814775431349092860e-02
5.775314820968749700e+04 2.277397524415915768e+02 9.568812613238679710e-01 5.446703385148411673e-15 4.311873867612657507e-02
5.775315010799770243e+04 2.277696412791334524e+02 9.568916417280806108e-01 3.126846271275089324e-15 4.310835827191627362e-02
5.775315198055560177e+04 2.285068640849141843e+02 9.571465299350365719e-01 4.229058591218014245e-15 4.285347006495925093e-02
5.777425201861109963e+04 1.901804672445774145e+02 9.402933693216468658e-01 7.689370427819218947e-15 5.970663067834542509e-02
5.777425391638890142e+04 1.901650365381156575e+02 9.402847713636052207e-01 9.370007341072352928e-15 5.971522863638527995e-02
5.777425581326390238e+04 1.921075257705092270e+02 9.413532280886712789e-01 7.668628476182414549e-15 5.864677191132095652e-02
5.779619095310189732e+04 nan nan nan nan
5.779619282559029671e+04 nan nan nan nan
5.781811904589120240e+04 nan nan nan nan
5.781812119759259804e+04 nan nan nan nan
5.781812314596059878e+04 nan nan nan nan
5.781815539165509836e+04 nan nan nan nan
5.781815728885419958e+04 nan nan nan nan
5.781815918607640197e+04 nan nan nan nan
5.785903624081020098e+04 nan nan nan nan
5.785903812146990094e+04 nan nan nan nan
5.785904001693290047e+04 nan nan nan nan
5.797234897155089857e+04 nan nan nan nan
5.797235084578699752e+04 nan nan nan nan
5.797235274172449863e+04 nan nan nan nan
5.799337591884259746e+04 2.736755415117859229e+02 9.693575385081707463e-01 3.001317025095085122e-15 3.064246149182633938e-02
5.799337779287040030e+04 2.744540819371842986e+02 9.695208695858122949e-01 4.128313147478284285e-15 3.047913041418347582e-02
5.799337969240739767e+04 2.729467316605537803e+02 9.692034716018954610e-01 4.391645914604859794e-15 3.079652839810008078e-02
5.801736399829859874e+04 2.691337458230406696e+02 9.683785591196187870e-01 7.021370347444303145e-16 3.162144088038041506e-02
5.801736587087959924e+04 2.702616306017899888e+02 9.686259183215496504e-01 2.848502189103299482e-15 3.137408167844753931e-02
5.801736777380789863e+04 2.707721326134359288e+02 9.687369438449143777e-01 2.097964092372943231e-15 3.126305615508354063e-02
5.804736936814810178e+04 2.536934339032246157e+02 9.646834070223316848e-01 5.341177252410330033e-15 3.531659297766302774e-02
5.804737124311339721e+04 2.534567193575478825e+02 9.646219190882321382e-01 1.413992159830610395e-15 3.537808091176633529e-02
5.804737313887730124e+04 2.519381297559238249e+02 9.642236988406543974e-01 5.666673388377906755e-15 3.577630115933978089e-02
5.806827565997689817e+04 2.411644995038797958e+02 9.612002744918703989e-01 2.804748920493269859e-15 3.879972550812683246e-02
5.806827755928239640e+04 2.428562684967583607e+02 9.616992273061473195e-01 1.483559278619277192e-15 3.830077269385118860e-02
5.806827943190970109e+04 2.411425341911745477e+02 9.611937338818162813e-01 2.527571795122633399e-15 3.880626611818113747e-02
