5.750823479354169831e+04 5.018641630350791729e+02 7.195580909659443636e-01 2.754209464022296938e-01 5.020962631825933060e-03
5.750823684359950130e+04 5.555696710475540385e+02 7.764029160428741472e-01 2.188270123984968618e-01 4.770071558628919024e-03
5.750823888879630249e+04 5.126378464143443807e+02 6.028603593988062226e-01 3.937617952519168463e-01 3.377845349276975811e-03
5.751127795192129997e+04 8.329325868411002602e+02 9.829991183057602555e-01 1.359903931688420838e-02 3.401842377355624152e-03
5.751128002734950132e+04 6.756536936612425279e+02 6.467448807213159734e-01 3.510171953192327554e-01 2.237923959451237812e-03
5.751128210050929920e+04 6.981943879185591868e+02 6.856415936394166799e-01 3.120029815730500644e-01 2.355424787533311193e-03
5.751622383775460185e+04 nan nan nan nan
5.751622588629629900e+04 nan nan nan nan
5.751622793262729829e+04 nan nan nan nan
5.752032221108800150e+04 nan nan nan nan
5.752032425738430175e+04 nan nan nan nan
5.752032630150460318e+04 nan nan nan nan
5.752333383954859892e+04 3.521950765364674680e+02 5.246093891376444329e-01 4.699714356340324861e-01 5.419175228323065349e-03
5.752333588821760350e+04 2.858582925902841225e+02 4.566387896573349536e-01 5.371285760213208027e-01 6.232634321344351219e-03
5.752333793572919967e+04 nan nan nan nan
5.752940620478009805e+04 6.529080322273422325e+02 6.066409467929163579e-01 3.912504879045391459e-01 2.108565302544532141e-03
5.752940825335650152e+04 6.765590165828941736e+02 6.514481613707843177e-01 3.462873195205693477e-01 2.264519108646266456e-03
5.752941032322919636e+04 8.305437527564236007e+02 9.651040738785903184e-01 3.159792421026805243e-02 3.298001911141725494e-03
5.753429089564809692e+04 7.866626897706545378e+02 8.430109975321532501e-01 1.541841048598240616e-01 2.804897608022719185e-03
5.753429294650460361e+04 7.883313332203124446e+02 8.405986833696961202e-01 1.566242425123069160e-01 2.777074117996944282e-03
5.753429499166669848e+04 8.290641280983596744e+02 9.286024144965664417e-01 6.833342856452125080e-02 3.064156938912434517e-03
5.754629497972220270e+04 6.054292573324440809e+02 5.155072665505379126e-01 4.827219297886902183e-01 1.770803660771879968e-03
5.754629702839120000e+04 5.921590394023427280e+02 4.923648886782596157e-01 5.059465180254780758e-01 1.688593296262306739e-03
5.754629907357640332e+04 5.862542692890764329e+02 4.811428077493593580e-01 5.172120494675300773e-01 1.645142783110417053e-03
5.755039358618060214e+04 7.014311204515239524e+02 6.744987369577908343e-01 3.232427642750802521e-01 2.258498767128887599e-03
5.755039571016200352e+04 6.880891923827641676e+02 6.490435245771936090e-01 3.487833449256230178e-01 2.173130497183286408e-03
5.755039775870370067e+04 7.218880900668758613e+02 7.120311342483748307e-01 2.855926501036203380e-01 2.376215648004869480e-03
5.755426286537040141e+04 5.384327432624407948e+02 6.420697088617399739e-01 3.544570968729990335e-01 3.473194265261023844e-03
5.755426493841440242e+04 4.754373394806308397e+02 5.332875884128975841e-01 4.636394012909960671e-01 3.073010296106478464e-03
5.755426700672449806e+04 7.835648845042385346e+02 9.527571125456294476e-01 4.363176590872656913e-02 3.611121545643982376e-03
5.755737257791669981e+04 6.820746162263205861e+02 6.607215186156100151e-01 3.369865544682938419e-01 2.291926916096168661e-03
5.794831891516200267e+04 7.021008479060712943e+02 7.061692346278060084e-01 2.913599162444894253e-01 2.470849127704715948e-03
5.795131904060189845e+04 8.042137634184284707e+02 9.553773188826706342e-01 4.117573505520355504e-02 3.446946062125862392e-03
5.795132111849539797e+04 7.530368416035853443e+02 8.232369812506281637e-01 1.738439459129013653e-01 2.919072836470587226e-03
5.795132316312500188e+04 7.522605169983420410e+02 8.150552639062889071e-01 1.820774883877845085e-01 2.867247705926695422e-03
5.795434710633099894e+04 6.864325096175202816e+02 8.445335502662831839e-01 1.517693108592194640e-01 3.697138874497399395e-03
5.795434915491900028e+04 6.487158579694503260e+02 7.428464838342486720e-01 2.539508125350622425e-01 3.202703630689036039e-03
5.795435120121530053e+04 6.339954593136309313e+02 8.288040576636582779e-01 1.670218785708928733e-01 4.174063765448989341e-03
5.795825557232640131e+04 6.106372680737811152e+02 5.337093039118973037e-01 4.644248725323745774e-01 1.865823555728053163e-03
5.795825764436340251e+04 6.148097987700065232e+02 5.435991754119634534e-01 4.544913949722299007e-01 1.909429615806565277e-03
5.795825969094909669e+04 6.166811392309948587e+02 5.460728645666830250e-01 4.520119646967070692e-01 1.915170736609823378e-03
5.796226067233800131e+04 6.001372516551836043e+02 7.619856745021583722e-01 2.340768299113400452e-01 3.937495586501642449e-03
5.796226272096070170e+04 6.377421098851467605e+02 6.888281490848230382e-01 3.083224128533114117e-01 2.849438061865542347e-03
5.796226476614580315e+04 6.285956909523977174e+02 6.857525556695008850e-01 3.113406138367972309e-01 2.906830493702047130e-03
5.796526788873840269e+04 2.105619753589026288e+02 3.420998472772742716e-01 6.514529176524704868e-01 6.447235070255207846e-03
5.796526993535880320e+04 2.816137311718644014e+02 4.461161642935083660e-01 5.477544648006051897e-01 6.129370905886559646e-03
5.796527198114580096e+04 1.880674767134048011e+02 3.265990968950565621e-01 6.660349287823380537e-01 7.365974322605444921e-03
5.797027938540509786e+04 4.596738353001862833e+02 3.009247129496054329e-01 6.980285351015010908e-01 1.046751948893454758e-03
5.797028143182869826e+04 4.656646674572465372e+02 3.117246025599522130e-01 6.871808786465249952e-01 1.094518793522861622e-03
5.797028347689809743e+04 4.656401706562733693e+02 3.090862195659114797e-01 6.898375976432811196e-01 1.076182790807356411e-03
5.797328356476849876e+04 7.175986243939890983e+02 7.470337731687662908e-01 2.503192818446386414e-01 2.646944986595068695e-03
5.797328561118060315e+04 5.828424141677369335e+02 5.633268164318997462e-01 4.343915484554299322e-01 2.281635112670165905e-03
5.797328765510419908e+04 6.846538346307371512e+02 6.907780648414628688e-01 3.067355830954686113e-01 2.486352063068618737e-03
5.798009512350690056e+04 7.918675585832876322e+02 9.412701670132049836e-01 5.527878400580717860e-02 3.451048980987945786e-03
5.798009717217589787e+04 8.030775633186631239e+02 9.588752865486439569e-01 3.764264821870405564e-02 3.482065232652013006e-03
5.798009921662040142e+04 7.658445568344533285e+02 8.692195479854729623e-01 1.276341142260462580e-01 3.146337788480862551e-03
5.798336581408559869e+04 6.747436503611598937e+02 6.659476796696570666e-01 3.316731242020402037e-01 2.379196128302688441e-03
5.798336786162039789e+04 6.618088061687200252e+02 6.406551784992624565e-01 3.570560036308382257e-01 2.288817869899219780e-03
5.798336990800929925e+04 6.797994946846845323e+02 6.700462581103675541e-01 3.275808632080520755e-01 2.372878681580371709e-03
5.798637001756940299e+04 6.243795315750263626e+02 5.656337930271824188e-01 4.323617302484775715e-01 2.004476724339995363e-03
5.798637209084490314e+04 6.747763369624791494e+02 6.657962938165113975e-01 3.318258220179618467e-01 2.377884165526925747e-03
5.773313283907409641e+04 4.737613675743482418e+02 4.908325733880345987e-01 5.065457742518350015e-01 2.621652360130486987e-03
5.773313491203699959e+04 5.300008770378605050e+02 5.456112810457935947e-01 4.518002608331669334e-01 2.588458121039478432e-03
5.773313695576389728e+04 5.447246239152276530e+02 5.583165355060746293e-01 4.391175947693364834e-01 2.565869724588889893e-03
5.773613697483800206e+04 6.705511429733115847e+02 8.617333283430479440e-01 1.342329158575993331e-01 4.033755799352789669e-03
5.773613904766199994e+04 5.990041182886559454e+02 6.935206253774292007e-01 3.032053134946747219e-01 3.274061127896158493e-03
5.773614109170140000e+04 6.180517239248086980e+02 7.336311229336259787e-01 2.629274902779779044e-01 3.441386788396117759e-03
5.773914103421299660e+04 5.833744367098562407e+02 6.242450579259316568e-01 3.729582601626837413e-01 2.796681911384694789e-03
5.773914310640050098e+04 5.795407716165815373e+02 6.152199252468310009e-01 3.820276184512004791e-01 2.752456301968542966e-03
5.773914515188660152e+04 5.865139027187751708e+02 6.316827273574467938e-01 3.654841262325260742e-01 2.833146410027278985e-03
5.774214593089120171e+04 6.000885802786360728e+02 6.915407746135601164e-01 3.052155865118914568e-01 3.243638874548463672e-03
5.774214797937499679e+04 5.917424528977871887e+02 6.751653799906559561e-01 3.216549466216942488e-01 3.179673387649859743e-03
5.774215002598379942e+04 6.167728373959793089e+02 7.349893520755573784e-01 2.615421674542535713e-01 3.468480470189133202e-03
5.774603153121530340e+04 7.384314539747267645e+02 9.666922112160923897e-01 2.912193840236722980e-02 4.185850381540504560e-03
5.774603357987270283e+04 7.191205375394605426e+02 9.163816890198197562e-01 7.965208862456342465e-02 3.966222355616988264e-03
5.774603562748840341e+04 7.296533911530348178e+02 9.378109747672905838e-01 5.815419702760677573e-02 4.034828205102728924e-03
5.774910287126160256e+04 6.030351456355998607e+02 7.039988625941347999e-01 2.926723481291281792e-01 3.328789276737128839e-03
5.774910491856480076e+04 6.105112160341624303e+02 7.167099701345388540e-01 2.799239281519858569e-01 3.366101713475332016e-03
5.774910696269680193e+04 6.899296110592692912e+02 9.175900533382527202e-01 7.808963117675227217e-02 4.320315484995046647e-03
5.775210701935189718e+04 7.040728412740662634e+02 9.505481618017754819e-01 4.499998632999725051e-02 4.451851868227413300e-03
5.775210909396989882e+04 6.789892479872655713e+02 8.822223974108016620e-01 1.136541785246076436e-01 4.123424064590773368e-03
5.775211113959489739e+04 6.741791775899275763e+02 8.779439704014533330e-01 1.179140250822920122e-01 4.142004516254789263e-03
5.785731888864580105e+04 5.380927800791791924e+02 6.742405521027297066e-01 3.219246450043947161e-01 3.834802892875574694e-03
5.785732096162039670e+04 5.364725959405516278e+02 6.615711773786142613e-01 3.347144479888948254e-01 3.714374632490973979e-03
5.785732303363429673e+04 5.127225680289774346e+02 6.149672854200363137e-01 3.815189974522488203e-01 3.513717127715011278e-03
5.787323558943290118e+04 3.108455578393861174e+02 6.267006754975286142e-01 3.633713962082009696e-01 9.927928294270487244e-03
5.787323766340279690e+04 nan nan nan nan
5.787323970866900345e+04 4.503970466372334158e+02 7.991949629513540598e-01 1.931147589556806987e-01 7.690278092965206758e-03
5.787636561278929730e+04 7.102793449332261844e+02 6.449974440789018049e-01 3.529884363320727747e-01 2.014119589025367956e-03
5.787636768714120262e+04 7.056765389638479746e+02 6.354843339529288038e-01 3.625349328684452921e-01 1.980733178625973968e-03
5.787636973238430073e+04 7.147605153569331833e+02 6.512067803187731041e-01 3.467657967331205238e-01 2.027422948106332237e-03
5.790336961260419775e+04 7.783965940001078252e+02 8.924952157568000199e-01 1.042938044199603342e-01 3.210979823239698289e-03
5.759727180795140157e+04 5.065627694478272929e+02 8.631815670548406150e-01 1.297264869949530941e-01 7.091945950206321285e-03
5.759727385310189857e+04 3.405833884740247868e+02 8.147908287648755188e-01 1.712302719154728259e-01 1.397889931965162758e-02
5.760041507263889798e+04 6.630607543366796790e+02 6.473815498821882120e-01 3.502901357063560317e-01 2.328314411455825305e-03
5.760041711899310030e+04 6.773731240844434751e+02 6.636911996071366282e-01 3.339640110449281218e-01 2.344789347935290723e-03
5.760041916413189756e+04 6.858412204629673852e+02 6.794549658720294705e-01 3.181478476235886643e-01 2.397186504381880381e-03
5.760342213885419915e+04 6.705707326039038207e+02 6.422311952124941659e-01 3.555284270853818485e-01 2.240377702123954456e-03
5.760342418274310330e+04 6.763557332775523037e+02 6.497839715673526806e-01 3.479617099383533474e-01 2.254318494293858829e-03
5.760342622562500037e+04 6.808876047631553092e+02 6.569599010780799997e-01 3.407662871773781688e-01 2.273811744541713586e-03
5.760642632716440130e+04 6.889865334599746802e+02 7.176496818580134773e-01 2.797004079026558787e-01 2.649910239330652631e-03
5.760642838563660189e+04 6.697308553353203706e+02 6.813682717008948675e-01 3.161036481744869397e-01 2.528080124618224851e-03
5.760643043196760118e+04 6.777352373444643945e+02 7.002119758809071115e-01 2.971808707920457482e-01 2.607153327047143782e-03
5.760943056070600142e+04 7.523617693880072466e+02 8.444422710826333667e-01 1.524808236243345161e-01 3.076905293032221322e-03
5.760943263361109712e+04 7.995649335331070233e+02 9.601784315470621722e-01 3.629928703743538765e-02 3.522281415502519913e-03
5.760943467989579949e+04 7.591311531760711659e+02 8.621004647580997604e-01 1.347495409503388641e-01 3.149994291561499047e-03
5.761321910018519702e+04 7.148318846922641114e+02 7.372271883324362785e-01 2.601749112958960941e-01 2.597900371667604888e-03
5.761322127516200271e+04 7.380930341604749856e+02 7.732503646752936222e-01 2.240689509019197778e-01 2.680684422786754843e-03
5.761322332181710226e+04 7.323134170626619834e+02 7.592592305173196943e-01 2.381152586429639562e-01 2.625510839716395980e-03
5.761623691380790115e+04 6.765137087315364397e+02 6.654986346762444827e-01 3.321377936763440508e-01 2.363571647411489077e-03
5.761623896099539706e+04 6.570617159432592871e+02 6.233374114665590771e-01 3.744644164084840465e-01 2.198172124956888560e-03
5.761624100755790278e+04 7.444145341054719438e+02 7.853508707157287327e-01 2.119306538767007086e-01 2.718475407570644913e-03
5.761939315737270226e+04 4.041405396425648746e+02 2.363777106261898964e-01 7.627867328255901747e-01 8.355565482198786670e-04
5.761939520490739960e+04 4.086836914578220785e+02 2.404793849844506226e-01 7.586749298217121407e-01 8.456851938371164881e-04
5.761939725003470085e+04 4.099617403907090534e+02 2.432321214670909726e-01 7.559081074461048155e-01 8.597710868042699947e-04
5.762318496390050132e+04 7.046164274764680613e+02 7.271362038273334605e-01 2.702627165557484612e-01 2.601079616918183270e-03
5.762318700912039640e+04 6.589955508664643276e+02 6.300702098600601264e-01 3.676970377407560164e-01 2.232752399183697556e-03
5.762318905652780086e+04 6.648915273917967852e+02 6.362289268913581264e-01 3.615346557157022023e-01 2.236417392939549914e-03
5.762618919959489722e+04 6.396969223521696222e+02 6.062416628940715535e-01 3.915646702538334023e-01 2.193666852095121824e-03
5.762619125050929870e+04 6.810471965509788106e+02 6.812475520266708662e-01 3.163085496844252886e-01 2.443898288903947544e-03
5.762619330261569849e+04 6.933090256618106650e+02 7.011062670996643931e-01 2.963960251152449321e-01 2.497707785090792342e-03
5.762928869053239760e+04 6.104450860652754045e+02 5.369705190404896467e-01 4.611395962213791777e-01 1.889884738131083477e-03
5.762929076252310188e+04 6.057674366769925882e+02 5.278196963438301914e-01 4.703259738711820792e-01 1.854329784987568917e-03
5.755737465321760101e+04 6.616681159878361314e+02 6.160546159555486678e-01 3.818280681698484891e-01 2.117315874602914653e-03
5.759726976038190332e+04 2.954639739517267003e+02 5.527741609088820951e-01 4.386768643177612614e-01 8.548974773356527238e-03
5.762929280788190226e+04 6.003013917803001505e+02 5.203373440044112286e-01 4.778275594058953857e-01 1.835096589693344105e-03
5.772813550339119683e+04 6.235139754145834559e+02 6.819424765025441371e-01 3.151358563481023167e-01 2.921667149353722719e-03
5.790337165991900110e+04 7.866179026348983143e+02 9.097852964465742431e-01 8.694748782014570521e-02 3.267215733280156610e-03
5.792224230149309733e+04 1.140486095138983131e+02 1.422480394085142152e-01 8.539523400566984002e-01 3.799620534787506460e-03
5.794831686872689897e+04 7.110539978309800517e+02 7.305135634414208212e-01 2.669084595508051105e-01 2.577977007774226535e-03
5.798637413616899721e+04 6.823409380635049502e+02 6.757241683071074645e-01 3.218805108947779825e-01 2.395320798114546068e-03
5.802708766583329998e+04 6.810237543927371462e+02 7.448757005749166993e-01 2.522023632200836585e-01 2.921936204999594101e-03
5.790337370518520038e+04 7.627138039806114875e+02 8.475216676856288656e-01 1.494625079586381633e-01 3.015824355732982416e-03
5.790637381167819694e+04 7.924990536523404216e+02 8.691753892021225614e-01 1.278866569183744750e-01 2.937953879502954498e-03
5.790637585583329928e+04 8.054726419947467093e+02 9.068794407560101245e-01 9.002438665392147044e-02 3.096172590068508278e-03
5.790637790084489825e+04 7.714951088455416084e+02 8.171212778135397148e-01 1.801388246478464461e-01 2.739897538613841280e-03
5.790937800020830036e+04 3.061629663502572498e+02 7.149452895254233553e-01 2.717358232632983150e-01 1.331888721127830362e-02
5.790938007233799726e+04 3.119273088815617712e+02 8.551870145655690036e-01 1.264542384836881417e-01 1.835874695074282345e-02
5.790938211894679989e+04 1.725658073678143012e+02 7.116812749459968668e-01 2.467765510835358278e-01 4.154217397046735399e-02
5.791335360002310335e+04 3.594055248831897984e+02 1.834612482447947612e-01 8.159023273471718296e-01 6.364244080333991867e-04
5.791335564643520047e+04 3.609370343212687544e+02 1.840180774773020334e-01 8.153470511799258968e-01 6.348713427720006301e-04
5.791335771677079902e+04 3.583466061613418105e+02 1.804800170502884327e-01 8.189004287684961136e-01 6.195541812153969883e-04
5.791635771358799684e+04 4.183094809544252257e+02 2.441309304441214023e-01 7.550371567036386899e-01 8.319128522398301119e-04
5.791635976077550004e+04 4.026766095663225542e+02 2.265985684421252810e-01 7.726279870604602085e-01 7.734444974145506056e-04
5.791636182935190300e+04 3.867007069810466646e+02 2.066344086037350536e-01 7.926681897181704350e-01 6.974016780944026226e-04
5.792223818324069725e+04 1.381899150143721045e+02 1.829772051572687575e-01 8.127405754189067633e-01 4.282219423824680515e-03
5.792224023196759663e+04 6.849289734885462622e+01 9.399953288017594277e-02 9.014001480766971053e-01 4.600319043127025671e-03
5.763230957098380168e+04 6.609768484101409740e+02 6.248058885126753781e-01 3.730116561302832534e-01 2.182455357041273962e-03
5.763231162777780264e+04 6.881198762384600514e+02 6.767386588743390385e-01 3.208990065597490116e-01 2.362334565911973754e-03
5.763231367187500291e+04 6.789040760530721172e+02 6.576101649429836327e-01 3.400981874274970895e-01 2.291647629519272169e-03
5.769003383031250269e+04 6.724854688550624360e+02 6.803170932286913830e-01 3.171832257443362169e-01 2.499681026972535441e-03
5.769003590199069731e+04 6.819828567053443749e+02 6.967419557045612111e-01 3.007087225647541162e-01 2.549321730684689629e-03
5.769003794601849950e+04 6.773272809725212937e+02 6.952284944992532800e-01 3.021982338942728608e-01 2.573271606473958965e-03
5.769427015548609779e+04 6.058823710344115625e+02 6.260161817759026803e-01 3.713763313967371471e-01 2.607486827360202056e-03
5.769427222827549849e+04 5.993931665863208309e+02 6.115199126178381128e-01 3.859377963309920667e-01 2.542291051169925844e-03
5.769427429901620053e+04 6.041840263012798005e+02 6.227571796150598304e-01 3.746478844203374181e-01 2.594935964602775730e-03
5.770016264601849980e+04 6.752407279284893775e+02 7.148601701857730806e-01 2.824023395796183555e-01 2.737490234608718279e-03
5.770016469395830063e+04 6.805972380799328221e+02 7.285992768660651819e-01 2.686015823372254196e-01 2.799140796709593572e-03
5.770016674040509679e+04 6.977617044046472756e+02 7.653386333284054599e-01 2.317229008089903841e-01 2.938465862604258336e-03
5.770321977893519943e+04 6.231712923783862834e+02 6.368298289841307636e-01 3.606194700009598408e-01 2.550701014909475834e-03
5.770322185409720259e+04 5.863215437114021142e+02 5.642961724645163546e-01 4.334414236301456502e-01 2.262403905337862908e-03
5.770322392438659881e+04 5.730058690362706102e+02 5.414480567378652243e-01 4.563711068224716727e-01 2.180836439662962086e-03
5.770724706540509942e+04 6.102492751673190696e+02 7.122454890679735806e-01 2.844273599641249373e-01 3.327150967901467814e-03
5.770724911196759786e+04 5.970244373381628975e+02 6.853611629489870793e-01 3.114201229497506884e-01 3.218714101262289910e-03
5.770725116266200348e+04 6.688992611162166213e+02 8.595650623644194299e-01 1.364016080272965337e-01 4.033329608284133561e-03
5.771122231931710121e+04 3.743307980930101735e+02 2.461756017568291488e-01 7.527680514140925316e-01 1.056346829078378107e-03
5.771122439228009898e+04 3.665070766172765389e+02 2.374753993749152692e-01 7.614991844556981970e-01 1.025416169386635492e-03
5.771122646682870254e+04 3.430038710950736345e+02 2.085956428790117501e-01 7.905010403790250217e-01 9.033167419631554481e-04
5.771422651776619750e+04 5.558648374893540449e+02 5.997449462981525592e-01 3.974117553977974948e-01 2.843298304050001068e-03
5.771422857567130268e+04 5.307359535275787721e+02 5.469016434908277047e-01 4.505048396464773064e-01 2.593516862695171513e-03
5.771423062320600002e+04 5.429172721585749741e+02 5.772316077072037199e-01 4.200074296648417249e-01 2.760962627954578145e-03
5.772020971459490102e+04 3.957798447388814225e+02 2.863774113499834573e-01 7.123438028429233126e-01 1.278785807093243748e-03
5.772021178789350233e+04 3.970492747328777909e+02 2.883435159815433413e-01 7.103683554788035037e-01 1.288128539653177326e-03
5.772021386024310050e+04 3.940435558381183796e+02 2.850447620450268227e-01 7.136771365632054165e-01 1.278101391767645905e-03
5.772421063494210102e+04 5.850111078753620859e+02 6.920972289407669731e-01 3.044842864168702534e-01 3.418484642362763955e-03
5.772421270884259866e+04 6.026351948641082572e+02 7.422792484048464923e-01 2.540151963493335607e-01 3.705555245820089678e-03
5.772813138064809755e+04 6.602649764221766873e+02 7.631549780056143817e-01 2.335820255678181800e-01 3.262996426567558832e-03
5.772813342998839653e+04 6.603642708661642473e+02 7.639606637455865767e-01 2.327704297712693271e-01 3.268906483144203706e-03
5.799016862412040064e+04 6.001169170227743734e+02 5.158496272532333560e-01 4.823456847070854980e-01 1.804688039681150331e-03
5.799017067341440270e+04 6.168452619458624895e+02 5.461152169495780972e-01 4.519703343815696384e-01 1.914448668852142960e-03
5.799017272325229715e+04 6.082660691063725835e+02 5.300271294533167588e-01 4.681183286277988409e-01 1.854541918884458889e-03
5.799317281408570125e+04 6.576657048345545036e+02 6.420772678096805519e-01 3.555946847019053614e-01 2.328047488414013415e-03
5.799317489197920077e+04 6.661905725680617252e+02 6.540874974776805795e-01 3.435579826100113587e-01 2.354519912308168476e-03
5.799317696175930178e+04 6.890515316499024721e+02 6.976003251052577125e-01 2.998962326254113742e-01 2.503442269331032123e-03
5.799617709755789838e+04 5.435086237006404275e+01 4.078533625239554733e-02 9.578392832790687539e-01 1.375380468535702255e-03
5.799617914864580234e+04 8.382110547958201607e+01 6.356245554702436018e-02 9.350330429717093050e-01 1.404501481266241109e-03
5.799618119494210259e+04 1.775415199129593304e+02 1.424593223768614580e-01 8.559681093173014954e-01 1.572568305836937906e-03
5.800014257973380154e+04 7.333996731267807263e+02 8.122947166267453500e-01 1.847090649517715288e-01 2.996218421483246453e-03
5.800014462671300134e+04 7.962045753115618254e+02 9.389342290864495233e-01 5.766913777373482847e-02 3.396633139815734108e-03
5.800014669960649917e+04 7.304083183651580384e+02 7.803071514028923072e-01 2.169052682745069849e-01 2.787580322600787235e-03
5.800314683020830125e+04 6.586274330176848935e+02 6.598706081375328436e-01 3.376777017576349516e-01 2.451690104832210046e-03
5.800314890200230002e+04 6.409004027565316619e+02 6.088265066069694642e-01 3.889693814273041395e-01 2.204111965726260596e-03
5.800315097386569687e+04 6.499640368882540997e+02 6.310473337100752644e-01 3.666503082887098697e-01 2.302358001214803440e-03
5.800711306057869660e+04 5.949322664714946995e+02 5.277075076379167395e-01 4.703708209239954585e-01 1.921671438087775704e-03
5.800711510732639726e+04 5.730261278119684221e+02 4.864367227356249379e-01 5.118032009625899104e-01 1.760076301785126361e-03
5.800711715050930070e+04 6.006606586450471923e+02 5.269827027883020598e-01 4.711372793209461785e-01 1.880017890751648109e-03
5.801011732460650092e+04 6.643062350454591751e+02 6.667381403853018806e-01 3.308014830680236495e-01 2.460376546674541368e-03
5.801011937150460290e+04 6.510923802429265379e+02 6.387424436380660930e-01 3.589068739263806540e-01 2.350682435553325383e-03
5.801012141791670001e+04 6.451581019597306295e+02 6.223392833582962469e-01 3.753879766355240899e-01 2.272740006179597289e-03
5.801707824304400128e+04 6.662164033507715430e+02 6.707898890006998016e-01 3.267340005699009287e-01 2.476110429399380319e-03
5.801708028812499833e+04 6.678545352591996789e+02 6.651185252802505055e-01 3.324589848678038972e-01 2.422489851945721327e-03
5.801708233447920065e+04 6.787492866211788396e+02 6.849217999144244784e-01 3.125911138538268186e-01 2.487086231748830093e-03
5.802104939627309795e+04 7.043017197540636971e+02 7.740826549852218852e-01 2.229669184354104439e-01 2.950426579367793241e-03
5.802105144168980041e+04 7.140860125779669261e+02 7.938244225479225147e-01 2.031571864554048146e-01 3.018390996672665541e-03
5.802105348754629813e+04 7.208794347452987950e+02 8.048153197437398765e-01 1.921403284796678046e-01 3.044351776592472015e-03
5.802408142475689965e+04 6.280552139078743039e+02 9.050597139692945214e-01 8.986820183272166418e-02 5.072084197983731113e-03
5.802408347208330088e+04 6.338633793474143658e+02 9.809957110185192342e-01 1.315409144168625498e-02 5.850197539794471831e-03
5.802408551613429881e+04 5.555515491913730557e+02 7.829699717265369285e-01 2.121786054851297898e-01 4.851422788333272125e-03
5.802708559285879892e+04 6.845615040637426318e+02 7.521201070343210837e-01 2.449315561940230979e-01 2.948336771655928577e-03
5.802708970991899696e+04 6.700986323501216475e+02 7.169331908896670047e-01 2.802709997955826760e-01 2.795809314750395680e-03
5.804723603105320217e+04 5.082239881422520398e+02 4.136645075602578547e-01 5.847173608468825279e-01 1.618131592859581823e-03
5.804723807749999833e+04 5.675138880626176388e+02 5.167662178875523926e-01 4.812086056115192911e-01 2.025176500928281987e-03
5.804724014932870341e+04 5.072487473171435681e+02 4.119944573250203801e-01 5.863942723177215655e-01 1.611270357258060091e-03
5.805024026468749798e+04 4.286090245054908792e+02 8.166951673664086808e-01 1.744368468860640897e-01 8.867985747527156598e-03
5.805024233653939882e+04 6.136180997983458383e+02 7.202973808130311850e-01 2.763370774149427334e-01 3.365541772026236014e-03
5.805024438494210335e+04 6.105530319200372560e+02 6.640381334267289049e-01 3.330727378446692866e-01 2.889128728601908763e-03
5.805327577043980273e+04 4.655550716881979270e+02 3.656157070510048790e-01 6.328779106538330312e-01 1.506382295162115789e-03
5.805327784341439838e+04 3.394207954090659314e+02 2.942456658827104499e-01 7.039187643652397020e-01 1.835569752049695741e-03
5.805327991408570233e+04 4.601216592063015582e+02 3.585922656006951259e-01 6.399242461218869193e-01 1.483488277417813585e-03
5.805628832104169851e+04 7.440806200033945288e+02 9.440904125248420486e-01 5.197757556104980886e-02 3.932011914108216218e-03
5.805629039309029758e+04 6.907855245667493591e+02 8.135624491523456570e-01 1.830497102311823832e-01 3.387840616472098665e-03
5.805629246236110339e+04 7.481395934269465897e+02 9.592351577800839468e-01 3.674959273945701405e-02 4.015249480459176165e-03
5.806222355206019711e+04 5.168755314312447808e+02 4.493478694388837180e-01 5.488061757562304743e-01 1.845954804885675165e-03
5.806222562383100012e+04 5.456962528947046849e+02 5.014213301854303362e-01 4.965164673429781628e-01 2.062202471591433831e-03
5.806222766803239938e+04 5.441469860794462647e+02 4.987081453905667927e-01 4.992402762748583411e-01 2.051578334574793300e-03
5.806522972351850331e+04 5.358019118679308122e+02 5.431237286878130011e-01 4.543666009983200471e-01 2.509670313867060683e-03
5.806523176767359837e+04 5.430925527095114376e+02 5.675035360723370559e-01 4.298295003420216087e-01 2.666963585641507137e-03
5.806523383688659669e+04 5.348277039150432302e+02 5.694706644360337799e-01 4.277602105689770617e-01 2.769124994989214262e-03
5.806823395875000278e+04 6.054137675539751626e+02 6.505446439968256556e-01 3.466351731844136141e-01 2.820182818760872106e-03
5.806823600857640122e+04 6.245646331840639505e+02 6.899131774612616841e-01 3.071065104725948514e-01 2.980312066143540883e-03
5.806823805357640231e+04 6.221743043166956113e+02 6.867640321526982117e-01 3.102600661651253033e-01 2.975901682176563482e-03
5.807123806574069749e+04 5.750836478998106713e+02 5.984714749571096171e-01 3.988833616123185766e-01 2.645163430571934298e-03
5.807124011413189874e+04 5.940268498915307873e+02 6.443108120991274390e-01 3.528157201683667643e-01 2.873467732505938926e-03
5.807124218600690074e+04 5.989738453634312236e+02 6.514697485463817328e-01 3.456408996347662965e-01 2.889351818852069990e-03
5.755737672369209758e+04 6.395306361606686778e+02 5.725632285500154017e-01 4.254790457792212433e-01 1.957725670763291702e-03
5.756133022916669870e+04 8.244774870418800674e+02 9.572898898604765838e-01 3.941737363313593118e-02 3.292736506387488032e-03
5.756133227755789994e+04 7.695309419875441108e+02 8.317308185287631828e-01 1.654159234242276733e-01 2.853258047009158294e-03
5.756133432156249910e+04 7.165024410298999555e+02 7.202097657451342894e-01 2.773224323210513043e-01 2.467801933814456252e-03
5.756640274435179890e+04 7.856556526600456891e+02 8.799711633401696709e-01 1.169647570905581746e-01 3.064079569272143682e-03
5.756640565740739839e+04 7.532779577079184037e+02 8.005749658969623095e-01 1.966662283096713704e-01 2.758805793366425532e-03
5.756640813357639854e+04 8.312937938371072732e+02 9.817546917660973094e-01 1.483868164793198004e-02 3.406626585970788223e-03
5.756940826380789804e+04 4.504390368501180433e+02 4.220637414523613073e-01 5.757918294888586530e-01 2.144429058779960713e-03
5.756941031233799731e+04 5.148417544714395717e+02 4.640571727275801250e-01 5.339584552593030775e-01 1.984372013116744108e-03
5.756941235986109677e+04 5.066181728180410460e+02 4.552671823273586882e-01 5.427604003880903694e-01 1.972417284550902986e-03
5.757335477071759669e+04 nan nan nan nan
5.757335681866900268e+04 nan nan nan nan
5.757335886174769985e+04 nan nan nan nan
5.757635904164350359e+04 7.134142052384127055e+02 7.217342220714046963e-01 2.757660155434934479e-01 2.499762385101888737e-03
5.757636109031250089e+04 7.126194761399962090e+02 7.171560496594642231e-01 2.803702926871650125e-01 2.473657653370843739e-03
5.757636313547450118e+04 7.202680479164743019e+02 7.321393846383892345e-01 2.653369784080062965e-01 2.523636953604489318e-03
5.758129654758099787e+04 6.684065701627616818e+02 6.633305831659497276e-01 3.342639118622399708e-01 2.405504971810309457e-03
5.758129862053239776e+04 6.722227756157903968e+02 6.637551734207913778e-01 3.338635105810262571e-01 2.381315998182489957e-03
5.758130066709490347e+04 6.679983075512874393e+02 6.457738733537106146e-01 3.519434843855602235e-01 2.282642260729159708e-03
5.758430065474539879e+04 6.733503944593611550e+02 6.556751652938973551e-01 3.420089183599829830e-01 2.315916346119595987e-03
5.758430269878469699e+04 6.785762377872030129e+02 6.659340757006272371e-01 3.317136237050232195e-01 2.352300594349481400e-03
5.758430476832180284e+04 6.687914447664485351e+02 6.437316416016100051e-01 3.540055075325309608e-01 2.262850865859098674e-03
5.758735471921299904e+04 6.301751267987482379e+02 8.133995429875308103e-01 1.825312201482011121e-01 4.069236864268236352e-03
5.758735676368059649e+04 5.660744549198227560e+02 6.476528235401791678e-01 3.491500114644457975e-01 3.197164995375101088e-03
5.758735880907410319e+04 5.584438136270356381e+02 6.677431588724430656e-01 3.287647339596541651e-01 3.492107167902827863e-03
5.759041060892360110e+04 1.639711163719349258e+02 6.491730366017336995e-02 9.346998593646227427e-01 3.828369752040135764e-04
5.759041265638890036e+04 2.663403327059742196e+02 1.250397667087461140e-01 8.744219014470275830e-01 5.383318442263228211e-04
5.759041472459489887e+04 2.035022763816925249e+02 8.928844335357875861e-02 9.102413599246034215e-01 4.701967218178640883e-04
5.759342014512729656e+04 7.316242175124853020e+02 7.473075734719539787e-01 2.501441282611366890e-01 2.548298266909384407e-03
5.759342219388890226e+04 7.595966546198163769e+02 8.059662924072316104e-01 1.912839443137666906e-01 2.749763279001726790e-03
5.759342423879630223e+04 7.373757110037973916e+02 7.586476732926203947e-01 2.387669118419546710e-01 2.585414865425020997e-03
5.792526005879630247e+04 6.421585107586068943e+02 6.859642614103961256e-01 3.112486797936306337e-01 2.787058795973291862e-03
5.792526223586809647e+04 6.435330594909682986e+02 6.915301581131682029e-01 3.056494584092049882e-01 2.820383477626943729e-03
5.792526430643520143e+04 6.236820211153669788e+02 6.965046734777635695e-01 3.004491907482267909e-01 3.046135774009634326e-03
5.793327861822919658e+04 6.307577696964677898e+02 6.274776857409252173e-01 3.701051899200280548e-01 2.417124339046810687e-03
5.793328153189810109e+04 6.145955322852205427e+02 5.908222452994259521e-01 4.069205938099645370e-01 2.257160890609513464e-03
5.793328357708329713e+04 6.454639839172565416e+02 6.448986633965435589e-01 3.526631521246339496e-01 2.438184478822502839e-03
5.793628368734950345e+04 6.111161529562173200e+02 5.344016403164640883e-01 4.637306228832701049e-01 1.867736800265890713e-03
5.793628576050930133e+04 6.158190479778363624e+02 5.367408968683062831e-01 4.614036466358398259e-01 1.855456495853879343e-03
5.793628783324069809e+04 6.122363156178336112e+02 5.271294335989834545e-01 4.710599602265012620e-01 1.810606174515160764e-03
5.794228447361110011e+04 nan nan nan nan
5.794228652329860051e+04 2.727158238951076896e+02 1.471545983690332737e-01 8.521342624018326539e-01 7.111392291339874551e-04
5.794228856964119768e+04 nan nan nan nan
5.794528865236110141e+04 2.769831687545611771e+02 1.202931511534326009e-01 8.792461653213038408e-01 4.606835252636966673e-04
5.794529069642360264e+04 2.730594480673350404e+02 1.191816558777696045e-01 8.803530451951681046e-01 4.652989270623100054e-04
5.794529273826390272e+04 2.857448561908607871e+02 1.301872283085694637e-01 8.693057721617626354e-01 5.069995296680246660e-04
5.794831481783559866e+04 7.166509806104060090e+02 7.448410753124913297e-01 2.525205317552877693e-01 2.638392932221021552e-03
