5.807822702199999912e+04 6.633966181481440572e+02 6.897306759943994114e-01 1.505588537039546405e-02 2.952134386352051609e-01
5.807521031799999764e+04 nan nan nan nan
5.802708815599999798e+04 6.735601950666354014e+02 6.996157698881280140e-01 5.745456093360963405e-03 2.946387740185108517e-01
5.802408396399999765e+04 5.209680062673762677e+02 6.135023292859410615e-01 7.764039441095745356e-03 3.787336312729632226e-01
5.802105194599999959e+04 nan nan nan nan
5.801708080599999812e+04 7.354080537012026753e+02 7.249353988147840822e-01 9.686307711780394944e-03 2.653782934734354448e-01
5.801011987200000294e+04 7.239986352799932092e+02 7.237848337156463918e-01 3.275278651593127501e-03 2.729398876327605583e-01
5.800711561800000345e+04 7.115927302467141544e+02 7.157141940790716639e-01 8.011942052193311500e-03 2.762738638687348702e-01
5.800314940999999817e+04 7.005084102255688094e+02 7.103362945105593518e-01 8.845765121587375809e-03 2.808179403678532360e-01
5.800014514800000325e+04 nan nan nan nan
5.799317538000000059e+04 7.275131121614955418e+02 7.266951450257640444e-01 8.174621783875457570e-04 2.724873927958483266e-01
5.799017118599999958e+04 7.164410780198376187e+02 7.194810001965576962e-01 5.095337748025217418e-03 2.754236620554171289e-01
5.807124063600000227e+04 6.730942645712278818e+02 7.015442739040415043e-01 1.780054032381461326e-03 2.966756720635769229e-01
5.798637258399999700e+04 7.428896355621631074e+02 7.309672309121623135e-01 4.627099222640940375e-03 2.644056698651966464e-01
5.798336837199999718e+04 7.460281895171383439e+02 7.348727205863305745e-01 1.324973910113286235e-04 2.649947820226581929e-01
5.798009769200000301e+04 7.128169696080586846e+02 7.199853088494249098e-01 1.393107916172016706e-03 2.786215832344032250e-01
5.797028193599999940e+04 7.354595849534490526e+02 7.291492813999801426e-01 2.415913248166679916e-03 2.684348053518532118e-01
5.796226323399999819e+04 6.371420626850662075e+02 6.806713453928397994e-01 7.636458797340577725e-03 3.116921958098194945e-01
5.795825814199999877e+04 7.244844638080950290e+02 7.228376793561843705e-01 5.301290095688477276e-03 2.718610305481269918e-01
5.795434966600000189e+04 6.306741369440601375e+02 6.776271661036978866e-01 7.093778740994421440e-03 3.152790551553075749e-01
5.795132162599999720e+04 7.319472238982909857e+02 7.282007230705654921e-01 1.486719068236587449e-03 2.703125578611977886e-01
5.794831738400000177e+04 7.222783400670164156e+02 7.233492656497141349e-01 2.739116181685999785e-03 2.739116181686000462e-01
5.806823653200000263e+04 6.808297985532675511e+02 6.981666029265163331e-01 1.464653021003583903e-02 2.871868668634477983e-01
5.794529109250000329e+04 nan nan nan nan
5.793628626600000280e+04 7.416596449783236267e+02 7.221650403146373520e-01 1.890209884159503931e-02 2.589328608437676538e-01
5.793328203999999823e+04 nan nan nan nan
5.792526272800000152e+04 6.682573309464860358e+02 6.953952216770280526e-01 8.871983834649670511e-03 2.957327944883222925e-01
5.791636026799999672e+04 7.515996799727128064e+02 7.275001901938954463e-01 1.663144379098290340e-02 2.558683660151215844e-01
5.791335616399999708e+04 7.337892725120351543e+02 7.229660742328607448e-01 1.192969058327394104e-02 2.651042351838653333e-01
5.790637637199999881e+04 7.435844415435882411e+02 7.311807967163250765e-01 4.753188270241796159e-03 2.640660150134330753e-01
5.790337216400000034e+04 6.972506363673930991e+02 7.117350425726758356e-01 3.699352859383232047e-03 2.845656045679408330e-01
5.785732145399999717e+04 5.626478284622448882e+02 6.348849965912178872e-01 1.738642873375152373e-02 3.477285746750304885e-01
5.806523226199999772e+04 6.556058266658999401e+02 6.867242638902986140e-01 1.363371209277036006e-02 2.996420240169309634e-01
5.775210959000000003e+04 6.252345712768761814e+02 6.757358705285222422e-01 5.263510217687538892e-03 3.190006192537902519e-01
5.774910542200000054e+04 6.206486322362856072e+02 6.735419877931140276e-01 4.824502643451517372e-03 3.216335095634343944e-01
5.774603408399999898e+04 6.363275601781399473e+02 6.769797586962812419e-01 1.390996254417928291e-02 3.091102787595395585e-01
5.774214848799999891e+04 6.351799842170031525e+02 6.770963447696263238e-01 1.256857091478148780e-02 3.103350843155923133e-01
5.773914360599999782e+04 6.186927659881039290e+02 6.351657582067292696e-01 7.699657568418141751e-02 2.878376661090894517e-01
5.773613954599999852e+04 6.272798498977758754e+02 6.792710974674525115e-01 4.803727946069114257e-04 3.202485297379405460e-01
5.773313540800000192e+04 6.196715465377918690e+02 6.754033818088638341e-01 1.622172004953184902e-04 3.244344009906410253e-01
5.772813394400000107e+04 6.516412584421615293e+02 6.886197399395019847e-01 6.404491147179686844e-03 3.049757689133184013e-01
5.772421321799999714e+04 nan nan nan nan
5.772021227799999906e+04 6.471311135100114598e+02 6.886872719946837140e-01 2.010464711410388933e-03 3.093022632939058658e-01
5.806222611399999732e+04 6.785002704030461018e+02 6.903111179809707787e-01 2.699706821799843434e-02 2.826918138010307002e-01
5.771422909600000276e+04 6.294545913590764030e+02 6.782850373635438412e-01 4.598193157445654156e-03 3.171167694790106295e-01
5.770322236400000111e+04 6.730851639244438047e+02 6.929916503240843850e-01 1.751438487071465752e-02 2.894939648052008985e-01
5.769427273799999966e+04 6.781162285368133098e+02 7.029019510030756202e-01 3.667877148110175543e-03 2.934301718488140365e-01
5.769003639600000315e+04 7.098114450728131715e+02 7.160014034268025185e-01 6.113472724667653145e-03 2.778851238485297026e-01
5.763231214400000317e+04 7.250613366805881697e+02 7.202616574608076139e-01 1.024090271338084016e-02 2.694974398258115911e-01
5.762929125400000339e+04 7.282753452395277236e+02 7.255504243560843003e-01 3.388266365974265237e-03 2.710613092779413091e-01
5.762619176000000152e+04 7.242537954361592938e+02 7.238178534320635071e-01 3.409656130468350591e-03 2.727724904374679848e-01
5.762318751199999679e+04 7.370346707941022260e+02 7.300447672800597365e-01 2.009592303126107697e-03 2.679456404168142902e-01
5.761939571199999773e+04 7.309848220522663951e+02 7.274042689128166206e-01 2.163458183231613957e-03 2.704322729039517204e-01
5.805629088600000250e+04 nan nan nan nan
5.761623948399999790e+04 7.382931072472754295e+02 7.315768728199553150e-01 2.681549722078362032e-04 2.681549722078367393e-01
5.761322177599999850e+04 7.258431412544930481e+02 7.195424545870590105e-01 1.207711918046158045e-02 2.683804262324795409e-01
5.760943312799999694e+04 7.300006806344213146e+02 7.278367945831212271e-01 6.787112354535625993e-04 2.714844941814252843e-01
5.760642889399999694e+04 nan nan nan nan
5.760041762200000085e+04 7.310222171309585519e+02 7.274975113660108184e-01 2.028554505960220890e-03 2.704739341280291143e-01
5.759727232599999843e+04 nan nan nan nan
5.759342271600000095e+04 7.364938785437433353e+02 7.288944876791418892e-01 3.611173573094805626e-03 2.674943387477632939e-01
5.797328611999999703e+04 6.871630519992220343e+02 7.044871208147307495e-01 8.467828981025197002e-03 2.870450502042439789e-01
5.787636818599999970e+04 7.958830770432904274e+02 7.517304440315918379e-01 4.629167383120465912e-03 2.436403885852877205e-01
5.770016520399999717e+04 6.925551715326271278e+02 7.066067736177638059e-01 9.097464383945305655e-03 2.842957619982908746e-01
5.759041317200000049e+04 6.218134863129063206e+02 6.754738018514697684e-01 2.255892142045393470e-03 3.222703060064848746e-01
5.758735726599999907e+04 5.590170960844309320e+02 6.406246133107598162e-01 7.173161410962870669e-04 3.586580705481438036e-01
5.758430321199999889e+04 7.430142517578362913e+02 7.329317037171739768e-01 1.328697991456846738e-03 2.657395982913692278e-01
5.805327823499999795e+04 5.108073688553461693e+02 6.011452913001935627e-01 2.061411351948267204e-02 3.782405951803238242e-01
5.758129911400000128e+04 7.389065483710655826e+02 7.306777679980432927e-01 2.269944444240587327e-03 2.670522875577161503e-01
5.757636160399999790e+04 7.478735147728100401e+02 7.337965773665711122e-01 3.286462007820109554e-03 2.629169606256087088e-01
5.756941082399999868e+04 6.292853759263591655e+02 6.688258551042787214e-01 2.267470856994459674e-02 3.084994363257767547e-01
5.756640616399999999e+04 7.312023107331576739e+02 7.173972748529856558e-01 1.971646919630332465e-02 2.628862559507109675e-01
5.756133278399999836e+04 7.491682095779150359e+02 7.349398776466581351e-01 2.234021854242345360e-03 2.628261004990994909e-01
5.755737514999999985e+04 7.466174574305152873e+02 7.287533233758679563e-01 1.105801799187109032e-02 2.601886586322610384e-01
5.755426544399999693e+04 4.942795602015017380e+02 5.935636533621393429e-01 1.260267741512745981e-02 3.938336692227330516e-01
5.755039621199999965e+04 7.411647965268275584e+02 7.221018410064182769e-01 1.866480172344952074e-02 2.592333572701321920e-01
5.754629755200000363e+04 7.350831893630254399e+02 7.237435486369452331e-01 1.151620089534535589e-02 2.647402504677093815e-01
5.753429346400000213e+04 7.422977185192756906e+02 7.258276657499582729e-01 1.305582544047818525e-02 2.611165088095636633e-01
5.805024283200000355e+04 6.281710704320861396e+02 6.799865134960174640e-01 3.552863409072932861e-19 3.200134865039825360e-01
5.752940875599999708e+04 7.296428603163801654e+02 7.152556175280490036e-01 2.230716360379340207e-02 2.624372188681576845e-01
5.752333647667000332e+04 nan nan nan nan
5.804723859600000287e+04 6.892427505783728066e+02 7.055357571590001875e-01 8.298797903196299119e-03 2.861654449378033260e-01
5.770724963199999911e+04 nan nan nan nan
