5.771122439228009898e+04 1.782988977451211667e+02 1.173226097584947752e-01 8.824130070998689179e-01 2.643831416362961493e-04
5.797027938540509786e+04 2.345961801407452469e+02 1.433406061979949353e-01 8.564314308634692896e-01 2.279629385357631415e-04
5.805024026468749798e+04 9.949338044160116112e+01 8.726778097918998223e-02 9.122624470100291205e-01 4.697720107810264903e-04
5.753429294650460361e+04 2.322445548963264912e+02 1.354236495530433959e-01 8.643687321656201572e-01 2.076182813364862154e-04
5.808622070533560327e+04 1.271343417793728463e+02 6.390027824299836234e-02 9.359454638670955395e-01 1.542578899060650813e-04
5.834437296673609671e+04 2.087097685040783404e+02 1.813991104442717606e-01 8.181396225413212209e-01 4.612670144071541402e-04
5.823926595738429751e+04 nan nan nan nan
5.775210909396989882e+04 2.057441810696684854e+02 1.709883034375600519e-01 8.285899560418958920e-01 4.217405205441345818e-04
5.759342219388890226e+04 2.419222229586056017e+02 1.500391258100598479e-01 8.497260054774983251e-01 2.348687124419118093e-04
5.824428524973380263e+04 nan nan nan nan
5.806222562383100012e+04 1.324725693455916087e+02 6.096878817596362854e-02 9.389018724209347022e-01 1.293394031015444293e-04
5.785732096162039670e+04 nan nan nan nan
5.754629907357640332e+04 2.911152826076004771e+02 2.317876044269633895e-01 7.678253001382817633e-01 3.870954347549034709e-04
5.755039775870370067e+04 2.969552420804893131e+02 2.405710248871027745e-01 7.590282262579741701e-01 4.007488549231885363e-04
5.833127475625000079e+04 1.711264929949492171e+02 1.215339620998499987e-01 8.781580536851978369e-01 3.079842149522031970e-04
5.752032425738430175e+04 nan nan nan nan
5.757335886174769985e+04 nan nan nan nan
5.773614109170140000e+04 9.587710302115300465e+01 3.786565917404881992e-02 9.620390987435264440e-01 9.524208242468116918e-05
5.754629702839120000e+04 2.907842576960381393e+02 2.342871138083162663e-01 7.653164962116780767e-01 3.963899800057928548e-04
5.802104939627309795e+04 1.830743594607077398e+02 9.828469498383174408e-02 9.015393164765369560e-01 1.759885396312707898e-04
5.807123806574069749e+04 2.247568005332477696e+02 1.851037868803903641e-01 8.144820489057046364e-01 4.141642139050428356e-04
5.761624100755790278e+04 1.616023425520293415e+02 7.537070774097680281e-02 9.244964679612338587e-01 1.328242977893305760e-04
5.790637585583329928e+04 3.010105165317058891e+02 2.421628984678806940e-01 7.574418991807652102e-01 3.952023513542679339e-04
5.804723807749999833e+04 2.473633033171588522e+02 2.025078042178341253e-01 7.970829533743711837e-01 4.092424077947064598e-04
5.753429499166669848e+04 2.296592974892537029e+02 1.325452322929617510e-01 8.672513785469663228e-01 2.033891600719901955e-04
5.828425889914349682e+04 2.101738172254742096e+02 1.830854787048826759e-01 8.164511616352672085e-01 4.633596598501770413e-04
5.796527198114580096e+04 5.517112482907641180e+01 5.144763488171934934e-02 9.480213892330098258e-01 5.309758852708740132e-04
5.802105348754629813e+04 1.812732388923065514e+02 9.487103521635929793e-02 9.049617142409381865e-01 1.672505427025801133e-04
5.828824002586810093e+04 2.147255522320647003e+02 1.867202799053548357e-01 8.128179953301302163e-01 4.617247645151238960e-04
5.760642632716440130e+04 2.539799128664228078e+02 2.081758851993330273e-01 7.914138826007319771e-01 4.102321999351053760e-04
5.787636561278929730e+04 3.187334358243669499e+02 2.466881804101210551e-01 7.529460487493566667e-01 3.657708405223575147e-04
5.762618919959489722e+04 nan nan nan nan
5.762318700912039640e+04 2.823744877482923243e+02 2.121933710351416591e-01 7.874618185633985856e-01 3.448104014597764199e-04
5.763231162777780264e+04 2.675885248392964399e+02 2.198220287555379959e-01 7.797658973536660820e-01 4.120738907959950697e-04
5.757636109031250089e+04 3.019540707715440249e+02 2.470643601020127422e-01 7.525268444316208782e-01 4.087954663664008928e-04
5.787323558943290118e+04 6.419989027468501774e+01 5.939213522118511057e-02 9.400852797641222613e-01 5.225850146926395729e-04
5.827427001928239770e+04 1.579098917664575197e+02 9.308447349023027395e-02 9.067033469875415141e-01 2.121795222282306869e-04
5.751622588629629900e+04 nan nan nan nan
5.762929076252310188e+04 2.906733422068039090e+02 2.390848042710297661e-01 7.605020900307724041e-01 4.131056981979973385e-04
5.799617709755789838e+04 nan nan nan nan
5.829733242995369801e+04 1.459766915989330869e+02 7.735450827633783000e-02 9.224740281496567329e-01 1.714635740055124005e-04
5.800711510732639726e+04 2.718783360612213755e+02 2.274351369894433150e-01 7.721375623536465005e-01 4.273006569102903024e-04
5.771422651776619750e+04 1.991622802118995992e+02 1.661907640978333989e-01 8.333840613772526273e-01 4.251745249140725545e-04
5.828426096879629767e+04 2.166564385945922595e+02 1.867257383282216465e-01 8.128207036874942615e-01 4.535579842841487011e-04
5.832431320015050005e+04 1.203956611522435622e+02 6.228203169842695675e-02 9.375545609782541812e-01 1.634073233189279619e-04
5.801012141791670001e+04 2.938923114061672663e+02 2.391408880072506682e-01 7.604548165259570336e-01 4.042954667922662895e-04
5.795434915491900028e+04 2.211260849375542250e+02 1.873637372234925325e-01 8.121978746601371535e-01 4.383881163703861510e-04
5.751128002734950132e+04 2.784063365005832225e+02 2.100161927249996063e-01 7.896363391451478586e-01 3.474681298526531808e-04
5.834136940956019680e+04 2.233830663300756498e+02 1.924424275941145068e-01 8.071043944220495092e-01 4.531779838360323106e-04
5.758430269878469699e+04 2.866150456007298999e+02 2.229521920897269138e-01 7.766783260087607443e-01 3.694819015123782663e-04
5.832431525006939773e+04 1.240460763576468537e+02 6.579910115010369209e-02 9.340290915929972959e-01 1.718072568990379890e-04
5.762619330261569849e+04 nan nan nan nan
5.760041916413189756e+04 nan nan nan nan
5.808221126275460119e+04 1.333035732159994211e+02 1.137364557188970532e-01 8.858190323267832733e-01 4.445119543197047218e-04
5.808221538364580192e+04 1.931723106339634910e+02 1.621922633725264018e-01 8.373772713110629873e-01 4.304653164106677331e-04
5.762318905652780086e+04 2.821502044168209409e+02 2.107226964792098256e-01 7.889367153679304190e-01 3.405881528599268774e-04
5.758430476832180284e+04 2.847065465474022972e+02 2.215730294871404160e-01 7.780571367721987874e-01 3.698337406609320216e-04
5.797328561118060315e+04 9.316769873482844844e+01 2.832533659156864780e-02 9.716182234003309937e-01 5.644000810044808909e-05
5.796526993535880320e+04 8.624328198982649951e+01 7.758659068106774082e-02 9.219192233255409930e-01 4.941859933912753390e-04
5.805629039309029758e+04 1.847948849804464544e+02 1.371685910845683587e-01 8.624949770611055611e-01 3.364318543261429696e-04
5.833428754302080051e+04 1.958624554173426588e+02 1.596533657593525446e-01 8.399409189147399868e-01 4.057153259075802344e-04
5.802708766583329998e+04 1.468741644996318882e+02 7.836457583547423722e-02 9.214615974979584179e-01 1.738266665673025737e-04
5.794228652329860051e+04 nan nan nan nan
5.760643043196760118e+04 2.442829398870372017e+02 1.972171895841866307e-01 8.023848215695689179e-01 3.979888462446422846e-04
5.824428320671300025e+04 nan nan nan nan
5.823538053755790315e+04 8.830678600420263535e+01 7.388079589493505572e-02 9.256917961322509436e-01 4.274079728140381287e-04
5.831336456532409647e+04 2.059697611712350067e+02 1.782315317302332336e-01 8.213112434538235584e-01 4.572248159433657685e-04
5.751622383775460185e+04 nan nan nan nan
5.769427222827549849e+04 2.020459010264415554e+02 1.640741966275113539e-01 8.355231344336463417e-01 4.026689388424326303e-04
5.809417043305560219e+04 1.627066376171911202e+02 9.828008112597128032e-02 9.014971327603812368e-01 2.227861136475966684e-04
5.762928869053239760e+04 2.904511644875007050e+02 2.407166065996003135e-01 7.588639884940950875e-01 4.194049063047331502e-04
5.757335477071759669e+04 1.703413508754826466e+01 1.601290020589072813e-02 9.834475053544792233e-01 5.395944396301028409e-04
5.761321910018519702e+04 2.292939194544773045e+02 1.659276470394305258e-01 8.337525959471052683e-01 3.197570134643071922e-04
5.807124218600690074e+04 2.247004933206168573e+02 1.846319841709990750e-01 8.149557536753180287e-01 4.122621536828676380e-04
5.793328153189810109e+04 2.115198796185415233e+02 1.809215844430850650e-01 8.186316846198244956e-01 4.467309370904238674e-04
5.800314683020830125e+04 1.470632363206331092e+02 7.594775097710070033e-02 9.238893984678218096e-01 1.628505550775431754e-04
5.761322332181710226e+04 2.449079847149224065e+02 1.739650212587527944e-01 8.257268830495139156e-01 3.080956917333552581e-04
5.760342418274310330e+04 2.673337502599989648e+02 2.243279297217988522e-01 7.752421115589016587e-01 4.299587192996208213e-04
5.834437502118059638e+04 2.085819015791576021e+02 1.802837192413013212e-01 8.192601100254164326e-01 4.561707332824098274e-04
5.801011937150460290e+04 2.882696209167519896e+02 2.380850550034707136e-01 7.614984266253131961e-01 4.165183712161037535e-04
5.761623896099539706e+04 1.658037429851733293e+02 7.810188997644067210e-02 9.217626216368153269e-01 1.354883867437939055e-04
5.831828703347220289e+04 1.872977115056730497e+02 1.671643066448532666e-01 8.323492975661611615e-01 4.863957889855067911e-04
5.772421063494210102e+04 1.872619167358785148e+02 1.537864202992274276e-01 8.458017623002778151e-01 4.118174004948455436e-04
5.829430911765049677e+04 1.503421698508017528e+02 9.941208049917805989e-02 9.003209360492866464e-01 2.669834515354028602e-04
5.799317696175930178e+04 2.917233080426817082e+02 2.403881815387991505e-01 7.591971971595885549e-01 4.146213016122783927e-04
5.793327861822919658e+04 2.080337238061307232e+02 1.813912530927421496e-01 8.181445172929567855e-01 4.642296143012322003e-04
5.774910491856480076e+04 1.820137561929082892e+02 1.517425376594372932e-01 8.478330637757370836e-01 4.243985648256952056e-04
5.807822860027779825e+04 2.105441449807009917e+02 1.713351349271736157e-01 8.282604995027669226e-01 4.043655700595745321e-04
5.760943263361109712e+04 2.307543584664105083e+02 1.647419310714489382e-01 8.349468427465090992e-01 3.112261820420573772e-04
5.798637001756940299e+04 2.540511483410848257e+02 2.100070997181678889e-01 7.895756532312598885e-01 4.172470505723645858e-04
5.828823795074070222e+04 2.103046239055672118e+02 1.830404810833020923e-01 8.164969629368553639e-01 4.625559798425324344e-04
5.757636313547450118e+04 2.999621875994896527e+02 2.436637253268122139e-01 7.559333569410847664e-01 4.029177321029944162e-04
5.823538261229170166e+04 nan nan nan nan
5.755426493841440242e+04 1.571144941399707875e+02 1.119015367902454761e-01 8.877887161129026650e-01 3.097470968519344865e-04
5.752333383954859892e+04 9.076461038839393325e+01 7.579802531831901502e-02 9.237761308770403579e-01 4.258438046407773698e-04
5.806823805357640231e+04 2.285003851204164960e+02 1.858885959216016182e-01 8.137072943859076091e-01 4.041096924908553923e-04
5.769427429901620053e+04 2.006600966835639213e+02 1.619747394192374845e-01 8.376273914993715985e-01 3.978690813910272408e-04
5.801708028812499833e+04 2.958687536028527916e+02 2.397379410746721118e-01 7.598611525305299930e-01 4.009063947980310997e-04
5.834737719356479647e+04 2.173841923197849439e+02 1.882320700738544794e-01 8.113101054970995873e-01 4.578244290460155796e-04
5.834822258515049907e+04 1.531686875977921147e+02 1.360169967882670639e-01 8.635014835487418994e-01 4.815196629911885017e-04
5.800711715050930070e+04 2.804614406568165350e+02 2.336476305418309363e-01 7.659285859158648790e-01 4.237835423043323588e-04
5.805628832104169851e+04 1.851748130613063950e+02 1.344270723751795904e-01 8.652511341030736380e-01 3.217935217467215786e-04
5.758430065474539879e+04 2.831789013098655801e+02 2.189338165032270467e-01 7.807012014044623083e-01 3.649820923107552546e-04
5.811810339833330363e+04 1.305206432490780344e+02 6.625172891342331893e-02 9.335909439396139486e-01 1.573271469627361089e-04
5.791635771358799684e+04 1.914004411143640425e+02 1.087232610654128018e-01 8.910797114932745844e-01 1.970274413126761094e-04
5.835129008620369859e+04 1.932631888411701482e+02 1.410354049666912579e-01 8.586394136582090608e-01 3.251813750996584355e-04
5.832128978122679837e+04 1.717274099898080806e+02 1.453030655813523087e-01 8.542597768921241785e-01 4.371575265236035549e-04
5.790938211894679989e+04 nan nan nan nan
5.811209092512729694e+04 2.170861982025542716e+02 1.569678208160504573e-01 8.427129339092898075e-01 3.192452746597657532e-04
5.829430707340280060e+04 1.479485568504496484e+02 9.814348884931076156e-02 9.015878102241147163e-01 2.687009265746081359e-04
5.774215002598379942e+04 2.237884769407144745e+02 1.869312791753312830e-01 8.126426751503180723e-01 4.260456743506522005e-04
5.756640813357639854e+04 2.605389924030135944e+02 1.793588596866255158e-01 8.203517607510429910e-01 2.893795623316137099e-04
5.811809930796299886e+04 1.338419088181082941e+02 6.938103738171540191e-02 9.304548790921884915e-01 1.640835260961143801e-04
5.756941031233799731e+04 2.551055277902220837e+02 1.996187002930465137e-01 8.000074213251895383e-01 3.738783817640223728e-04
5.759342423879630223e+04 2.448645372356628229e+02 1.531849095537974603e-01 8.465761179997732810e-01 2.389724464292541884e-04
5.827123576915510057e+04 1.078734575405010361e+02 5.222777640921571346e-02 9.476290900152375407e-01 1.431335755466189223e-04
5.759727180795140157e+04 1.359477103252074812e+02 1.182590208140563703e-01 8.812789255328862259e-01 4.620536530575290908e-04
5.829127869806710078e+04 2.024967392855448054e+02 1.737942541256462248e-01 8.257559635287784472e-01 4.497823455754300045e-04
5.795825764436340251e+04 2.998733292783287538e+02 2.530852923324629078e-01 7.464797712449300349e-01 4.349364226071020614e-04
5.805024438494210335e+04 2.434115559572085488e+02 2.054985065984457904e-01 7.940662796585417071e-01 4.352137430125711695e-04
5.770322185409720259e+04 1.575697710811997752e+02 7.808010764872112819e-02 9.217699574823382536e-01 1.499348689405616806e-04
5.758735471921299904e+04 1.042069781537376230e+02 4.890168858164516824e-02 9.509638425492159541e-01 1.344688691387465967e-04
5.750823888879630249e+04 1.484338411942936204e+02 1.019627720769474971e-01 8.977491001906038326e-01 2.881277324488426268e-04
5.832129390026620240e+04 1.475908122507591997e+02 1.250793715717879728e-01 8.744820771500158019e-01 4.385512781962857469e-04
5.795132316312500188e+04 2.473453973001598456e+02 1.986628214380543878e-01 8.009432720347154921e-01 3.939065272301880754e-04
5.834437706734950189e+04 2.071486349764880970e+02 1.779870386494493695e-01 8.215621651482947208e-01 4.507962022558723676e-04
5.771122646682870254e+04 1.702986379967535413e+02 1.072081462664058460e-01 8.925498618110664362e-01 2.419919225277362171e-04
5.770725116266200348e+04 8.143170478285438207e+01 3.031977394258576070e-02 9.695955749761476783e-01 8.465108126645650886e-05
5.770016469395830063e+04 2.288342527526665435e+02 1.487120602130477531e-01 8.510300596081762370e-01 2.578801787760272302e-04
5.792224023196759663e+04 2.200366229591302769e+01 2.009627871203252189e-02 9.793943798684714430e-01 5.093414194960333569e-04
5.772021178789350233e+04 2.139957322977310241e+02 1.764259998776501748e-01 8.231589671545717080e-01 4.150329677783052684e-04
5.787636768714120262e+04 3.265144979939647669e+02 2.538538624412124411e-01 7.457770492764635994e-01 3.690882823239334922e-04
5.771423062320600002e+04 1.963929871506053644e+02 1.630784472153683218e-01 8.365005268688637807e-01 4.210259157680135058e-04
5.750823479354169831e+04 1.205822522902205094e+02 8.552962825040157091e-02 9.141631626811878020e-01 3.072090684107346703e-04
5.796226476614580315e+04 2.391534159180667700e+02 2.035119101629708216e-01 7.960459148925326245e-01 4.421749444967573738e-04
5.770724706540509942e+04 8.442550477089250194e+01 3.242411094869987465e-02 9.674858239654243741e-01 9.006508587577560592e-05
5.756133432156249910e+04 2.080252133291022574e+02 1.054649123189796145e-01 8.943781411628392020e-01 1.569465181811268437e-04
5.770724911196759786e+04 8.280961986872443958e+01 3.127097110275375846e-02 9.686419548361925314e-01 8.707406105364677107e-05
5.832827059204859688e+04 1.021338571318511868e+02 4.272375320286858624e-02 9.571693986552890498e-01 1.068481418423496918e-04
5.760342213885419915e+04 2.640653909303953810e+02 2.223063790485325930e-01 7.772608595435556156e-01 4.327614079119328954e-04
5.831035831250000047e+04 1.942506649286985123e+02 1.699366917694536960e-01 8.295959854669516798e-01 4.673227635947972518e-04
5.806523176767359837e+04 1.696906629317705892e+02 1.053397314834552262e-01 8.944249608013208341e-01 2.353077152240652236e-04
5.774603562748840341e+04 2.109010566485422089e+02 1.424988256640309925e-01 8.572224128922621977e-01 2.787614437068348201e-04
5.795434710633099894e+04 2.202243291554239875e+02 1.847944029557062329e-01 8.147756502842089521e-01 4.299467600848268993e-04
5.806823600857640122e+04 2.356745893680651989e+02 1.931905399831588266e-01 8.063991483741814736e-01 4.103116426598616426e-04
5.759041060892360110e+04 6.171575694376779353e+01 1.898599070718893361e-02 9.809562207087295649e-01 5.778858408152560711e-05
5.827123162187499838e+04 1.049147091237805824e+02 5.000591138817091219e-02 9.498553690916851089e-01 1.387195201438548109e-04
5.774214593089120171e+04 2.258303076723499601e+02 1.883219915105847353e-01 8.112533837731878972e-01 4.246247162274363195e-04
5.790637790084489825e+04 3.064561445316958839e+02 2.443402306861186535e-01 7.552716002342960699e-01 3.881690795854038627e-04
5.832827470641199761e+04 1.008080945285412611e+02 4.093441694980819168e-02 9.589649005360328937e-01 1.006825141587495889e-04
5.772421270884259866e+04 1.828504827405022581e+02 1.513925327681470423e-01 8.481888815848835916e-01 4.185856469693634632e-04
5.795132111849539797e+04 2.450635327264756995e+02 1.976748670229401816e-01 8.019278379064134210e-01 3.972950706464958522e-04
5.773613697483800206e+04 9.807335468319790550e+01 3.885657975852489787e-02 9.610475696660344402e-01 9.585057544062016105e-05
5.800014462671300134e+04 1.639809934400736040e+02 7.586361192249335694e-02 9.240056964846183885e-01 1.306915928882693492e-04
5.826534876859949873e+04 1.764799982301935302e+02 1.197524827017607124e-01 8.799663623598877882e-01 2.811549383516263119e-04
5.811509719284719904e+04 1.675268908783480697e+02 1.069120554747721441e-01 8.928392581757731428e-01 2.486863494547523774e-04
5.832431115395829693e+04 1.203005873998372266e+02 6.300547383410337599e-02 9.368270362309328858e-01 1.674899349638139931e-04
5.830734518155090336e+04 2.295078327897197426e+02 1.955664396988116560e-01 8.039901954293864339e-01 4.433648718021044309e-04
5.807520775504630001e+04 2.263242531311028642e+02 1.894534008678138703e-01 8.101187306807559052e-01 4.278684514302002182e-04
5.759342014512729656e+04 2.380215796921339688e+02 1.453665871400912357e-01 8.544056598275197034e-01 2.277530323891594421e-04
5.801011732460650092e+04 2.880531867094754261e+02 2.386169056061741567e-01 7.609640840962691444e-01 4.190102975568156551e-04
5.831336047291669820e+04 2.005487834821558124e+02 1.717893232835088213e-01 8.277626334862951962e-01 4.480432301961262864e-04
5.833127687896989664e+04 1.675943681358599520e+02 1.146753622034123038e-01 8.850387543259369272e-01 2.858834706508250759e-04
5.822336692063660303e+04 2.173043535626287337e+02 1.774018606715403457e-01 8.221911836316337929e-01 4.069556968258844520e-04
5.827123369481480040e+04 nan nan nan nan
5.798637413616899721e+04 2.497697944579547027e+02 2.034854979113858986e-01 7.961092224929712247e-01 4.052795956428846590e-04
5.833428344784719957e+04 1.943085961979338094e+02 1.590321829594865399e-01 8.405587884571940060e-01 4.090285833195121332e-04
5.770322392438659881e+04 1.529945450576563246e+02 7.429974053196947148e-02 9.255562502318748219e-01 1.440092361557262775e-04
5.755737465321760101e+04 2.589929050393895977e+02 1.735612891676469871e-01 8.261644917669974664e-01 2.742190653556311427e-04
5.760041507263889798e+04 2.806587095309494089e+02 2.307458961777278106e-01 7.688413619124945253e-01 4.127419097777899394e-04
5.807124011413189874e+04 2.213788884087522035e+02 1.801214401783798602e-01 8.194743321292881078e-01 4.042276923321174212e-04
5.773313491203699959e+04 1.422620882622371994e+02 7.234438820045942242e-02 9.274977056719008184e-01 1.579061276397601460e-04
5.830734313171300164e+04 2.262965588537970234e+02 1.910023346499568619e-01 8.085626655100703886e-01 4.349998399728727109e-04
5.798009717217589787e+04 2.700976375739821833e+02 2.173703665214095360e-01 7.822341514531010453e-01 3.954820254893590559e-04
5.811509514637730172e+04 1.684720280052947032e+02 1.076921018860816093e-01 8.920583928313932098e-01 2.495052825253551792e-04
5.834136736096059758e+04 2.231013693978317747e+02 1.926195508989418936e-01 8.069252892930308674e-01 4.551598080274059550e-04
5.792526005879630247e+04 2.340156894110029384e+02 1.984606931222745452e-01 8.011001429075618185e-01 4.391639701637328882e-04
5.791636182935190300e+04 1.875753473825103868e+02 1.027562808095544705e-01 8.970604738751490892e-01 1.832453152964912384e-04
5.755426286537040141e+04 1.651111874236615051e+02 1.169673799505364375e-01 8.827261809566093742e-01 3.064390928542025014e-04
5.755039358618060214e+04 2.910729251215488489e+02 2.342811611787545545e-01 7.653232547819026621e-01 3.955840393428166962e-04
5.825840302037040237e+04 1.894266908962885338e+02 1.596810480546244637e-01 8.398850495484229128e-01 4.339023969527149548e-04
5.760041711899310030e+04 nan nan nan nan
5.793628368734950345e+04 2.802477733507352013e+02 2.374410831517228815e-01 7.621205930671527407e-01 4.383237811244240518e-04
5.799017272325229715e+04 2.893543233217315560e+02 2.443101656562997326e-01 7.552545322352651747e-01 4.353021084352513251e-04
5.752032221108800150e+04 nan nan nan nan
5.787323970866900345e+04 1.020820068883564176e+02 9.112874594325968969e-02 9.083846451719000958e-01 4.866088848402458605e-04
5.763231367187500291e+04 2.685743948429595207e+02 2.206223285274694634e-01 7.789656333857541970e-01 4.120380867764156306e-04
5.797328356476849876e+04 1.198094839030275409e+02 4.150103745452104337e-02 9.584256964314024074e-01 7.326611407644386092e-05
5.756640274435179890e+04 2.546734666180678914e+02 1.745390117776436933e-01 8.251741841780459996e-01 2.868040443102782525e-04
5.802105144168980041e+04 1.827619149494589408e+02 9.697208280590108309e-02 9.028560117252173445e-01 1.719054688816184834e-04
5.805327784341439838e+04 1.487449019752173456e+02 1.231017793031258523e-01 8.764799936392562163e-01 4.182270576180530347e-04
5.798637209084490314e+04 2.467790233290712649e+02 2.030610132971878423e-01 7.965255545379638091e-01 4.134321648483561384e-04
5.829128281405090092e+04 1.951688810675010757e+02 1.643204442679882527e-01 8.352467134260725956e-01 4.328423059391434992e-04
5.800315097386569687e+04 1.569240263178741657e+02 7.838597507838666878e-02 9.214616668417784373e-01 1.523580798349501273e-04
5.758129862053239776e+04 2.920765555066699903e+02 2.448391409768941041e-01 7.547317813237937045e-01 4.290776993123564882e-04
5.802408347208330088e+04 1.322413347728852955e+02 9.043678739636749897e-02 9.092776354568182784e-01 2.855771468143273716e-04
5.751622793262729829e+04 nan nan nan nan
5.805024233653939882e+04 2.228010973307639802e+02 1.887817420354619413e-01 8.107798757023633174e-01 4.383822621748599655e-04
5.773613904766199994e+04 9.343860475593034209e+01 3.575831996945849633e-02 9.641522529262297470e-01 8.942710431173922828e-05
5.800711306057869660e+04 2.668950231327586948e+02 2.240893217451245256e-01 7.754802220037975147e-01 4.304562510780105553e-04
5.752941032322919636e+04 1.937278072339031212e+02 9.681925282581115011e-02 9.030282340654330886e-01 1.525131087558383549e-04
5.825840713835650240e+04 1.663606844533298101e+02 1.433632672827182819e-01 8.561832695376998537e-01 4.534631795820060363e-04
5.811209296942129731e+04 2.118274385215341340e+02 1.485941735468197522e-01 8.511053525364652428e-01 3.004739167151348404e-04
5.822336484763889894e+04 2.142134397825929852e+02 1.761886411337630909e-01 8.233982828046293445e-01 4.130760616076735664e-04
5.773914310640050098e+04 1.503910989233426108e+02 8.700223044143975959e-02 9.127934150831489291e-01 2.043544754113693314e-04
5.835129213258100208e+04 1.968855764729202917e+02 1.470099821758007186e-01 8.526495833815265213e-01 3.404344426727377404e-04
5.826231871686340310e+04 2.044466659787498202e+02 1.786901065675191302e-01 8.208434396748433004e-01 4.664537576375914186e-04
5.833428549665510218e+04 1.941068704522145936e+02 1.581473906315440103e-01 8.414472783016686552e-01 4.053310667874016038e-04
5.807521185368060105e+04 2.223734138818125814e+02 1.861299862818893147e-01 8.134422197965193169e-01 4.277939215914690883e-04
5.755737257791669981e+04 2.484962239566634707e+02 1.662295550881960349e-01 8.334972047441513432e-01 2.732401676526050754e-04
5.794831891516200267e+04 2.426054829538832678e+02 1.721483077901165282e-01 8.275442440217677387e-01 3.074481881158183747e-04
5.796226067233800131e+04 1.887333627862884669e+02 1.586637527850379981e-01 8.409047025679360354e-01 4.315446470260448980e-04
5.752333588821760350e+04 6.956701185076333616e+01 5.809943592723485623e-02 9.414746668784954586e-01 4.258971942697152829e-04
5.757335681866900268e+04 nan nan nan nan
5.774603357987270283e+04 1.942106089744137591e+02 1.237850431032266191e-01 8.759668961252996544e-01 2.480607714736437369e-04
5.769003794601849950e+04 2.657870598326281311e+02 2.201910861456877755e-01 7.793898314303487895e-01 4.190824239634774809e-04
5.805327577043980273e+04 2.256561575320291126e+02 1.862560899347013299e-01 8.133279092024422452e-01 4.160008628564435505e-04
5.762929280788190226e+04 2.885312261522347512e+02 2.391924671852323769e-01 7.603878926973850483e-01 4.196401173826627674e-04
5.831828907890050323e+04 1.829556876277661672e+02 1.608223098992806466e-01 8.387058787263214077e-01 4.718113743980890148e-04
5.834137145361110015e+04 2.246711202493721089e+02 1.934572312575010555e-01 8.060900347748332084e-01 4.527339676657985952e-04
5.774910287126160256e+04 1.795974241810529008e+02 1.510659297990847028e-01 8.485020535413504428e-01 4.320166595648281742e-04
5.833824508746530046e+04 2.216447376908971023e+02 1.897099951886140612e-01 8.098426694579621277e-01 4.473353534239970304e-04
5.794831481783559866e+04 2.286616812994307395e+02 1.606679794778612114e-01 8.390305536985189772e-01 3.014668236199189192e-04
5.827735880615739734e+04 1.852561590603006323e+02 1.406269172685286339e-01 8.590212313603869942e-01 3.518513710845251174e-04
5.790337370518520038e+04 2.678280813300742125e+02 2.221881259588991131e-01 7.773916343028566267e-01 4.202397382443365790e-04
5.829128076983799838e+04 1.947470985981249498e+02 1.648344651280718443e-01 8.347280916417906260e-01 4.374432301375807920e-04
5.800314890200230002e+04 1.592423610540960226e+02 8.121355826520386401e-02 9.186276208879975425e-01 1.588208467986198592e-04
5.760943056070600142e+04 2.511856152939991205e+02 1.919234296139915030e-01 8.077200912576174563e-01 3.564791283910544476e-04
5.792223818324069725e+04 4.229313185232717132e+01 3.700044126177615134e-02 9.625322092624275516e-01 4.673494757963880071e-04
5.826232078871529666e+04 2.081858483378936455e+02 1.814306346532976733e-01 8.181056126200121348e-01 4.637527266902344639e-04
5.828425685040510143e+04 2.152538799550723638e+02 1.873420154659800885e-01 8.121954586464080750e-01 4.625258876118496692e-04
5.806222355206019711e+04 1.353857966272162230e+02 6.349668120731333243e-02 9.363690041103611694e-01 1.343146823253535958e-04
5.759041265638890036e+04 1.017668962609397596e+02 3.692560106230794587e-02 9.629940075114616915e-01 8.039142623028763335e-05
5.773313283907409641e+04 1.243894475536481252e+02 6.243529954044031716e-02 9.374108634011625307e-01 1.538370583972765277e-04
5.772021386024310050e+04 2.102112627763293631e+02 1.706577708905887003e-01 8.289397829189508737e-01 4.024461904605311784e-04
5.809417247935190244e+04 1.574871627143228068e+02 9.371792966720091100e-02 9.060658369711970250e-01 2.162333616021630631e-04
5.802708559285879892e+04 1.505975778099064826e+02 8.339764314056387351e-02 9.164150993568682679e-01 1.872575025678507789e-04
5.756133227755789994e+04 2.078293322668862970e+02 1.071312332484325586e-01 8.927065162044903746e-01 1.622505470770888307e-04
5.830734722672450152e+04 2.295470405295032492e+02 1.955440373062753145e-01 8.040128508022421627e-01 4.431118914826062617e-04
5.794228856964119768e+04 nan nan nan nan
5.753429089564809692e+04 2.283470363485965322e+02 1.322669484610708157e-01 8.675281809787498410e-01 2.048705601793570383e-04
5.806222766803239938e+04 1.313023277829684616e+02 6.051761765969434353e-02 9.393526684630074675e-01 1.297138772980729426e-04
5.792526223586809647e+04 2.341310432738429768e+02 1.980051350343316197e-01 8.015581454982286802e-01 4.367194674399099306e-04
5.798336990800929925e+04 3.055715235750323018e+02 2.523044224223562892e-01 7.472792917627227860e-01 4.162858149210513377e-04
5.756133022916669870e+04 2.143483725547582708e+02 1.131213050283360610e-01 8.867086295272896823e-01 1.700654443743026059e-04
5.799017067341440270e+04 2.848778598848155639e+02 2.380010154403052469e-01 7.615727900316269228e-01 4.261945280679963594e-04
5.823926800362270296e+04 nan nan nan nan
5.758735676368059649e+04 1.069171766642275543e+02 5.074336533187517873e-02 9.491190939730169696e-01 1.375406951076557215e-04
5.832827263697919989e+04 1.029364388932917507e+02 4.306916509511547753e-02 9.568239387035860632e-01 1.068962012984194898e-04
5.808221331371529959e+04 1.781214415502201120e+02 1.464215355700827503e-01 8.531658492917988390e-01 4.126151381184811899e-04
5.806523383688659669e+04 1.665017316989653011e+02 1.033426239966563631e-01 8.964221479549300264e-01 2.352280484137272694e-04
5.752940825335650152e+04 1.871900231682032825e+02 9.302563314111229886e-02 9.068235647139796241e-01 1.508021449080897429e-04
5.799016862412040064e+04 2.908715258220229316e+02 2.477833506389081342e-01 7.517735414843000896e-01 4.431078767917417342e-04
5.785732303363429673e+04 nan nan nan nan
5.831828496164349781e+04 1.782081277637424819e+02 1.573531060286144367e-01 8.421708322414108716e-01 4.760617299748366618e-04
5.771422857567130268e+04 1.990806589790135490e+02 1.662068711883227246e-01 8.333675230932178213e-01 4.256057184595007296e-04
5.807822652960650157e+04 2.140354636673067432e+02 1.746443907361904246e-01 8.249490672324292229e-01 4.065420313805138269e-04
5.795825969094909669e+04 nan nan nan nan
5.794528865236110141e+04 9.858033414462643407e+01 4.400484275608989443e-02 9.558734859796342853e-01 1.216712642756687801e-04
5.809417454857639677e+04 1.556064829309424056e+02 9.117402482681861986e-02 9.086163446462522941e-01 2.096305269290154054e-04
5.798009921662040142e+04 2.779007604619350218e+02 2.277597155167132292e-01 7.718301351606687843e-01 4.101493226179846879e-04
5.796226272096070170e+04 2.474351471760720642e+02 2.102626492741053454e-01 7.892964212511411892e-01 4.409294747533893310e-04
5.750823684359950130e+04 1.372199886381004603e+02 9.655965211557018812e-02 9.031379879291415724e-01 3.023599552882504505e-04
5.761623691380790115e+04 1.648847115920257806e+02 8.028100041690987287e-02 9.195742449678383501e-01 1.447546152517372288e-04
5.795435120121530053e+04 1.883008290348070091e+02 1.598416163543391333e-01 8.397183935437315672e-01 4.399901019292717388e-04
5.755039571016200352e+04 2.903494066108740412e+02 2.322014448328664216e-01 7.674080240933526253e-01 3.905310737809206145e-04
5.792224230149309733e+04 3.853976735579109203e+01 3.380150865894836210e-02 9.657287901761407722e-01 4.697011649109368429e-04
5.795131904060189845e+04 2.398655339834903373e+02 1.987361761215451494e-01 8.008446581122997676e-01 4.191657661550846222e-04
5.790336961260419775e+04 2.615808392201675474e+02 2.228736002420997619e-01 7.766831249550385508e-01 4.432748028618000574e-04
5.829733038506939920e+04 1.435524171594876179e+02 7.466049283234636735e-02 9.251743382468449184e-01 1.651689208087827535e-04
5.761939725003470085e+04 1.192621820001881190e+02 4.255447725938796277e-02 9.573677812857247504e-01 7.774145488718119947e-05
5.827736085368059867e+04 1.847547869274843322e+02 1.408622469098015639e-01 8.587828044885148504e-01 3.549486016837250370e-04
5.827023104541670182e+04 nan nan nan nan
5.801707824304400128e+04 2.819348195740186611e+02 2.296399259956400651e-01 7.699549714224823704e-01 4.051025818776051390e-04
5.774214797937499679e+04 2.264248014104628055e+02 1.905637000092460509e-01 8.090037861520240625e-01 4.325138387300601060e-04
5.832129183077550260e+04 1.758868163047879989e+02 1.487166537104408770e-01 8.508468100736938933e-01 4.365362158654209797e-04
5.758129654758099787e+04 nan nan nan nan
5.800014669960649917e+04 1.722665151156236050e+02 8.102253783753905758e-02 9.188423863483092813e-01 1.350758141514875907e-04
5.793328357708329713e+04 2.236774376984280650e+02 1.940338008094406042e-01 8.055067070691434017e-01 4.594921214161005736e-04
5.769003383031250269e+04 2.801771196956373728e+02 2.320445080605778032e-01 7.675366550732918292e-01 4.188368661304308987e-04
5.793628576050930133e+04 2.915082725466820079e+02 2.428830998734684554e-01 7.566930030005285523e-01 4.238971260031177812e-04
5.826535084216429823e+04 1.773583870912260352e+02 1.186056500258325375e-01 8.811212793767266849e-01 2.730705974407908357e-04
5.762619125050929870e+04 nan nan nan nan
5.759726976038190332e+04 7.419170856382280022e+01 6.610802043694603836e-02 9.334071766665857917e-01 4.848028964681021691e-04
5.763230957098380168e+04 2.659241343814359197e+02 2.187527887022198969e-01 7.808340122294537000e-01 4.131990683264023150e-04
5.829732833850690076e+04 1.400502313746758887e+02 7.418137464680479853e-02 9.256473125828527104e-01 1.713127703425711612e-04
5.761322127516200271e+04 2.409847170366286946e+02 1.710760112213891848e-01 8.286162608771535654e-01 3.077279014573029996e-04
5.791335564643520047e+04 1.712361365191754885e+02 9.222053575813578263e-02 9.076023587263766235e-01 1.771055154875896182e-04
5.799618119494210259e+04 5.748762279319821999e+01 3.330035140426068629e-02 9.664947605698027688e-01 2.048880259365650912e-04
5.760342622562500037e+04 2.585885735369272993e+02 2.106041853845279643e-01 7.889907885433246060e-01 4.050260721474972401e-04
5.831336252050929761e+04 2.016601823040239765e+02 1.714307176492228801e-01 8.281280121288050466e-01 4.412702219721680312e-04
5.756941235986109677e+04 2.607342521902025396e+02 2.071400525638077417e-01 7.924745581517885773e-01 3.853892844037876630e-04
5.770321977893519943e+04 1.571693173869559530e+02 7.791974136691795505e-02 9.219301771486958508e-01 1.500814843862684157e-04
5.758130066709490347e+04 nan nan nan nan
5.790637381167819694e+04 3.007720611348313469e+02 2.361087932556413249e-01 7.635149216762396884e-01 3.762850681190550131e-04
5.804723603105320217e+04 2.513107465954182942e+02 2.064596179090279204e-01 7.931282696138172161e-01 4.121124771548753045e-04
5.755737672369209758e+04 2.588065594081429026e+02 1.718771070725613748e-01 8.278535825070915122e-01 2.693104203471372872e-04
5.751128210050929920e+04 2.837972615640325671e+02 2.147255352382854421e-01 7.849249072553496909e-01 3.495575063649541589e-04
5.787323766340279690e+04 nan nan nan nan
5.823927007418980065e+04 nan nan nan nan
5.831035626645830052e+04 1.884329184472426562e+02 1.629144717882674287e-01 8.366290990060946120e-01 4.564292056380573671e-04
5.760943467989579949e+04 2.110824816590260298e+02 1.362834437783579100e-01 8.634620200771963017e-01 2.545361444458500602e-04
5.798336786162039789e+04 2.946594697983820765e+02 2.405379098756883216e-01 7.590551843008281896e-01 4.069058234835677343e-04
5.807822445435189729e+04 2.148347879938323217e+02 1.738673927619204806e-01 8.257326673563801789e-01 3.999398816993158601e-04
5.752940620478009805e+04 1.909227183846888920e+02 9.726592326524612087e-02 9.025755969567434978e-01 1.584797780103189009e-04
5.756640565740739839e+04 2.662428157472763814e+02 1.820770999917756539e-01 8.176373234826367353e-01 2.855765255876952240e-04
5.787636973238430073e+04 3.228283308776441913e+02 2.501016460334605229e-01 7.495318679029143727e-01 3.664860636251120293e-04
5.769003590199069731e+04 2.786035599349930862e+02 2.304424891145423482e-01 7.691397580195430406e-01 4.177528659146460517e-04
5.809021082665510039e+04 8.629603568920346390e+01 3.485402822145502316e-02 9.650463643079180143e-01 9.960747062691312909e-05
5.772813138064809755e+04 2.052923545682894257e+02 1.490082809179453238e-01 8.506700251250668421e-01 3.216939569877980457e-04
5.790938007233799726e+04 nan nan nan nan
5.759041472459489887e+04 7.566134844712664176e+01 2.503057266488321539e-02 9.749025989351695065e-01 6.682839994731790362e-05
5.773313695576389728e+04 1.471971135888004483e+02 7.545278043594651207e-02 9.243867770146872997e-01 1.604425493661388224e-04
5.806823395875000278e+04 2.347464839384740856e+02 1.944277951870920507e-01 8.051533281585248059e-01 4.188766543831601730e-04
5.829430420554400189e+04 1.406766822359131197e+02 9.082144332223222871e-02 9.089240493975192514e-01 2.545072802486174519e-04
5.790937800020830036e+04 nan nan nan nan
5.794831686872689897e+04 2.295220129730205940e+02 1.610306947846563141e-01 8.386687416796823058e-01 3.005635356614322047e-04
5.797028143182869826e+04 2.311871429974800094e+02 1.422338414978690790e-01 8.575350339039310432e-01 2.311245981999202677e-04
5.802708970991899696e+04 1.455591961468429076e+02 7.658464706476776629e-02 9.232463198263349824e-01 1.690331088973570531e-04
5.772020971459490102e+04 2.121637886959530306e+02 1.741444743429309827e-01 8.254441443831037617e-01 4.113812739652945665e-04
5.758735880907410319e+04 1.005687570618011790e+02 4.797547689071304106e-02 9.518855662206866519e-01 1.389568886003078672e-04
5.799317489197920077e+04 2.940503585255787016e+02 2.430640537309887994e-01 7.565187257178976887e-01 4.172205511135527361e-04
5.790337165991900110e+04 2.534320628427752524e+02 2.093745166479910047e-01 7.902087174572698380e-01 4.167658947391514063e-04
5.805629246236110339e+04 1.930622893880824904e+02 1.456475102008134570e-01 8.540049705448503614e-01 3.475192543362181198e-04
5.760642838563660189e+04 2.498764481746323725e+02 2.046440140998907753e-01 7.949464282058931186e-01 4.095576942162405462e-04
5.785731888864580105e+04 nan nan nan nan
5.791335360002310335e+04 1.666275755114505444e+02 8.815039937373173040e-02 9.116787083385347046e-01 1.708922877335492701e-04
5.771122231931710121e+04 1.830082181724444297e+02 1.215427194638252217e-01 8.781879507669401175e-01 2.693297692347267069e-04
5.757635904164350359e+04 2.999944634332627516e+02 2.495042392074654503e-01 7.500733869407076870e-01 4.223738518269605610e-04
5.756940826380789804e+04 2.147410198932196579e+02 1.676635829303761427e-01 8.319641838676062884e-01 3.722332020176541498e-04
5.774910696269680193e+04 1.850499560699711310e+02 1.552702453849813258e-01 8.442998558953336286e-01 4.298987196852025014e-04
5.775210701935189718e+04 2.036888471329883430e+02 1.686921654167274076e-01 8.308890188658427656e-01 4.188157174300123240e-04
5.811209502422450169e+04 2.144083488287701584e+02 1.519079808960027422e-01 8.477855085425264337e-01 3.065105614709187133e-04
5.834822050653940096e+04 1.458912592542241384e+02 1.320556826358154079e-01 8.674440256744035960e-01 5.002916897811704802e-04
5.761939520490739960e+04 1.244360718167179698e+02 4.553899027972282271e-02 9.543792307093434957e-01 8.177901093365918790e-05
5.825840509017359727e+04 1.627128329549891532e+02 1.366646363480661930e-01 8.629046026953313131e-01 4.307609566025010178e-04
5.752333793572919967e+04 nan nan nan nan
5.775211113959489739e+04 1.994498420999982216e+02 1.634102818613798747e-01 8.361798359842621542e-01 4.098821543579508767e-04
5.831036035766200075e+04 2.039653886975148964e+02 1.770169974871033669e-01 8.225230800395899600e-01 4.599224733066877664e-04
5.806522972351850331e+04 1.737964926064905740e+02 1.092788115787948211e-01 8.904797771421754105e-01 2.414112790297751119e-04
5.827735675774310221e+04 1.788534328203123493e+02 1.378730064039503656e-01 8.617641398786158868e-01 3.628537174337631717e-04
5.794529069642360264e+04 9.500333421940652556e+01 4.329563645540962513e-02 9.565775463308471283e-01 1.268172137431644597e-04
