5.750823479354169831e+04 2.899604247037580080e+02 4.986137475530045271e-01 4.941638999721069681e-01 7.222352474888395560e-03
5.750823684359950130e+04 3.289255970651507255e+02 5.610645889052778834e-01 4.318288742419378878e-01 7.106536852784194058e-03
5.750823888879630249e+04 3.587601702554557619e+02 6.008673918675306869e-01 3.922812532023712828e-01 6.851354930098146542e-03
5.751127795192129997e+04 5.522183346275652411e+02 7.838377207416945547e-01 2.112412232066562812e-01 4.921056051649140735e-03
5.751128002734950132e+04 5.571849094481293605e+02 7.899212898388432436e-01 2.051696700158238684e-01 4.909040145332889751e-03
5.751128210050929920e+04 5.425308086893915061e+02 7.442393785773040449e-01 2.511643664085862482e-01 4.596255014109724285e-03
5.751622383775460185e+04 nan nan nan nan
5.751622588629629900e+04 nan nan nan nan
5.751622793262729829e+04 nan nan nan nan
5.752032221108800150e+04 nan nan nan nan
5.752032425738430175e+04 nan nan nan nan
5.752032630150460318e+04 nan nan nan nan
5.752333383954859892e+04 1.743499496199439420e+02 2.228569067123921110e-01 7.731525118244161332e-01 3.990581463191818223e-03
5.752333588821760350e+04 1.388911686567732318e+02 1.867467906837843028e-01 8.088376607414183850e-01 4.415548574797575898e-03
5.794831891516200267e+04 3.866961093313692004e+02 3.802604383829503165e-01 6.173777224463424806e-01 2.361839170707262254e-03
5.795131904060189845e+04 5.865204847151173908e+02 9.263113366871732479e-01 6.759644825394432732e-02 6.092215058882429965e-03
5.795132111849539797e+04 5.647194922587398196e+02 8.427841904600759104e-01 1.517758603842634391e-01 5.439949155660622759e-03
5.795132316312500188e+04 5.610168555498926253e+02 8.262334366350891912e-01 1.684689366880970374e-01 5.297626676813754071e-03
5.795434710633099894e+04 3.571210108179882354e+02 4.194509920226514588e-01 5.771795558965203687e-01 3.369452080828176394e-03
5.795434915491900028e+04 3.622069421615155420e+02 4.253969604420556605e-01 5.712340251976433247e-01 3.369014360301091516e-03
5.795435120121530053e+04 3.019926944630207117e+02 3.434461646042307748e-01 6.533948173662539327e-01 3.159018029515414400e-03
5.795825557232640131e+04 5.819207528968388488e+02 8.629458213411606016e-01 1.316830320612167593e-01 5.371146597622676426e-03
5.795825764436340251e+04 5.529829301781724098e+02 7.771478643206382042e-01 2.180280889968251035e-01 4.824046682536718353e-03
5.795825969094909669e+04 5.520191668776240022e+02 7.731650912441297985e-01 2.220434936602982967e-01 4.791415095571962927e-03
5.796226067233800131e+04 3.624099298806666525e+02 4.979342259844772300e-01 4.974550256859899267e-01 4.610748329533081828e-03
5.796226272096070170e+04 4.898342781940217492e+02 7.263047903895134549e-01 2.683252983693321658e-01 5.369911241154460765e-03
5.796226476614580315e+04 5.375094361632031905e+02 8.924166004300426724e-01 1.008506768034470175e-01 6.732722766510305761e-03
5.796526788873840269e+04 8.516093749456817363e+01 9.815171775265819909e-02 8.986038210932340009e-01 3.244461154107851613e-03
5.796526993535880320e+04 1.199210043954001890e+02 1.445510368238719923e-01 8.519001793542397838e-01 3.548783821888241725e-03
5.796527198114580096e+04 6.945765601873598882e+01 7.768560167985673337e-02 9.192589956192372957e-01 3.055402700906010346e-03
5.797027938540509786e+04 4.121642876767757002e+02 4.257474353340640616e-01 5.716464651266480734e-01 2.606099539287962986e-03
5.797028143182869826e+04 4.228295565605735646e+02 4.502608079976207489e-01 5.469695396840539292e-01 2.769652318325364383e-03
5.797028347689809743e+04 4.963440840172719390e+02 6.205236616487538326e-01 3.756588420017612506e-01 3.817496349485091558e-03
5.797328356476849876e+04 nan nan nan nan
5.797328561118060315e+04 nan nan nan nan
5.797328765510419908e+04 nan nan nan nan
5.798009512350690056e+04 5.851072900166321915e+02 9.242785072867840679e-01 6.962665245839276540e-02 6.094840254823213552e-03
5.798009717217589787e+04 5.890241059611902301e+02 9.244876469726862611e-01 6.949557867464872807e-02 6.016774352665072399e-03
5.798009921662040142e+04 5.826895424906273320e+02 8.999614410636894712e-01 9.421214958328535949e-02 5.826409353025152789e-03
5.798336581408559869e+04 5.885231014029315020e+02 9.322410719791751621e-01 6.163038734690305664e-02 6.128540673921815951e-03
5.798336786162039789e+04 5.952729923110991876e+02 9.588381033294296474e-01 3.482486544030061887e-02 6.337031230269725944e-03
5.798336990800929925e+04 5.908260739202514742e+02 9.331789143514045426e-01 6.072798762191752159e-02 6.093098026677908063e-03
5.798637001756940299e+04 5.781298384130634531e+02 9.296304055008776102e-01 6.405424329654409166e-02 6.315351202578189764e-03
5.798637209084490314e+04 5.456855854510311019e+02 8.344023744507015339e-01 1.598868678243698938e-01 5.710757724928555885e-03
5.773313283907409641e+04 1.646558060822165999e+02 1.103691211784545156e-01 8.885334693424886687e-01 1.097409479056685958e-03
5.773313491203699959e+04 1.885617858232069466e+02 1.292546390735140882e-01 8.695977027627985745e-01 1.147658163687348149e-03
5.773313695576389728e+04 1.953334525994468720e+02 1.347999673005719490e-01 8.640368338665396220e-01 1.163198832888430586e-03
5.773613697483800206e+04 nan nan nan nan
5.773613904766199994e+04 nan nan nan nan
5.773614109170140000e+04 1.324013527250817219e+02 6.754529493526023609e-02 9.318190331889770750e-01 6.356718757627062566e-04
5.773914103421299660e+04 2.393644446483972672e+02 2.173323876714927938e-01 7.806540862507236334e-01 2.013526077783521669e-03
5.773914310640050098e+04 2.313726792205146978e+02 2.035131372067212063e-01 7.945971822824834385e-01 1.889680510795308964e-03
5.773914515188660152e+04 2.123533628035402216e+02 1.748951484867871387e-01 8.234480713869436475e-01 1.656780126269219097e-03
5.774214593089120171e+04 4.847396472071490621e+02 9.549450012314595337e-01 3.557589513152223382e-02 9.479103637018261933e-03
5.774214797937499679e+04 4.863237198104511663e+02 9.732204165781241922e-01 1.699822541425866085e-02 9.781358007617084460e-03
5.774215002598379942e+04 4.661134885289904446e+02 9.063476948673897526e-01 8.441736755218377797e-02 9.234937580426519702e-03
5.774603153121530340e+04 nan nan nan nan
5.774603357987270283e+04 3.141994735094971816e+02 3.022113889008132270e-01 6.955289756224460884e-01 2.259635476740648550e-03
5.774603562748840341e+04 3.747310227934292470e+02 4.263947286567355555e-01 5.704429063471487815e-01 3.162364996115745418e-03
5.774910287126160256e+04 3.409245090826394744e+02 4.534952634783566139e-01 5.421830157820652918e-01 4.321720739578294689e-03
5.774910491856480076e+04 3.585809264719856060e+02 4.991288393572110849e-01 4.961387917085792743e-01 4.732368934209598386e-03
5.774910696269680193e+04 3.425030282564609365e+02 4.603108167125548600e-01 5.352775321072648085e-01 4.411651180180494597e-03
5.775210701935189718e+04 4.895234473079323152e+02 9.312816579811244999e-01 5.987853592408323017e-02 8.839806094792169305e-03
5.775210909396989882e+04 4.534668030022735365e+02 8.055144886707081842e-01 1.867785469522071917e-01 7.706964377084546056e-03
5.775211113959489739e+04 4.921739986073314981e+02 9.621463024327384650e-01 2.851959573286026728e-02 9.334101834401274667e-03
5.785731888864580105e+04 nan nan nan nan
5.785732096162039670e+04 nan nan nan nan
5.785732303363429673e+04 nan nan nan nan
5.787323558943290118e+04 nan nan nan nan
5.787323766340279690e+04 nan nan nan nan
5.787323970866900345e+04 2.379944842848661324e+02 4.898336435078242124e-01 4.998199133780432124e-01 1.034644311413260298e-02
5.787636561278929730e+04 5.847543235236661303e+02 7.741981486487562458e-01 2.215204591781224086e-01 4.281392173121472203e-03
5.787636768714120262e+04 6.084345456172783315e+02 8.277395244818674946e-01 1.677399669719188968e-01 4.520508546213694405e-03
5.787636973238430073e+04 6.218968275457660866e+02 8.650324538681949393e-01 1.302419591973184854e-01 4.725586934486563154e-03
5.790336961260419775e+04 5.787545945787846904e+02 8.602057177043712644e-01 1.343986371061592633e-01 5.395645189469424653e-03
5.759727180795140157e+04 1.903719839143185766e+02 2.012588839003607855e-01 7.960113107203589111e-01 2.729805379280337251e-03
5.759727385310189857e+04 8.735939019101935799e+01 8.883793815813514905e-02 9.086362244375189023e-01 2.525837404346079149e-03
5.760041507263889798e+04 5.797334540914646368e+02 8.326719455837963135e-01 1.622893512174179709e-01 5.038703198785739884e-03
5.760041711899310030e+04 5.554115029411235582e+02 7.502202459439349935e-01 2.453234434137589737e-01 4.456310642306034533e-03
5.760041916413189756e+04 5.664105131667962496e+02 7.833749480531991827e-01 2.119530352800350348e-01 4.672016666765805952e-03
5.760342213885419915e+04 5.483862989530728100e+02 7.635420661975024226e-01 2.317229294420519448e-01 4.735004360445567613e-03
5.760342418274310330e+04 6.070115866990499853e+02 9.273876241795779851e-01 6.691130721804297576e-02 5.701068602378984475e-03
5.760342622562500037e+04 5.880970518242907019e+02 8.749916952110796675e-01 1.196015397793239593e-01 5.406765009596387929e-03
5.760642632716440130e+04 5.922383862933644423e+02 9.381569674151005733e-01 5.571409007665432955e-02 6.128942508245067630e-03
5.760642838563660189e+04 5.863144299641655834e+02 9.318793582225253225e-01 6.195063195971685366e-02 6.170009817757763151e-03
5.760643043196760118e+04 5.401312142044848770e+02 7.925787223676571402e-01 2.021621476679539842e-01 5.259129964388838292e-03
5.760943056070600142e+04 5.870642200786548983e+02 9.307325468852409855e-01 6.312833180983067061e-02 6.139121304928372470e-03
5.760943263361109712e+04 4.979810713055925362e+02 6.718247130856689342e-01 3.237298554677519591e-01 4.445431446579156155e-03
5.760943467989579949e+04 4.220906627208201485e+02 4.845714062269013134e-01 5.122095141864818624e-01 3.219079586616994688e-03
5.761321910018519702e+04 3.702898802771841815e+02 3.282815331861644870e-01 6.697987513797841741e-01 1.919715434051300551e-03
5.761322127516200271e+04 3.791020970855202563e+02 3.365171538897976378e-01 6.615582939869293355e-01 1.924552123272959062e-03
5.761322332181710226e+04 4.001718186048018424e+02 3.714360503797907165e-01 6.264596734337257722e-01 2.104276186483406818e-03
5.761623691380790115e+04 3.200427544190229128e+02 2.442910194472269758e-01 7.542859093125906522e-01 1.423071240182317105e-03
5.761623896099539706e+04 3.028937544017372829e+02 2.152347919926089481e-01 7.835318988671849949e-01 1.233309140206055457e-03
5.761624100755790278e+04 3.044046781947307636e+02 2.190421945368822287e-01 7.796931257391805925e-01 1.264679723937167481e-03
5.761939315737270226e+04 2.681121062232522263e+02 1.851049524941609792e-01 8.137308387393241693e-01 1.164208766514792303e-03
5.761939520490739960e+04 2.901967734648874853e+02 2.160497644874741219e-01 7.825964493442920666e-01 1.353786168233756405e-03
5.761939725003470085e+04 2.610290440457864065e+02 1.758343488174438085e-01 8.230573509967328283e-01 1.108300185823173903e-03
5.762318496390050132e+04 4.576425847882923108e+02 5.016343018679111365e-01 4.954310959963309502e-01 2.934602135757976606e-03
5.762318700912039640e+04 4.507004480268481075e+02 4.790262597856515536e-01 5.182146220470079667e-01 2.759118167340554248e-03
5.762318905652780086e+04 5.203742967032144406e+02 6.362077169501834106e-01 3.601414344064275963e-01 3.650848643389063321e-03
5.762618919959489722e+04 5.771271190654775864e+02 8.160840095183697906e-01 1.790322294049554452e-01 4.883761076674686917e-03
5.762619125050929870e+04 6.245614731772851655e+02 9.509087521845390745e-01 4.342944232998161708e-02 5.661805485479274626e-03
5.762619330261569849e+04 6.026022932479102110e+02 8.821257230064765142e-01 1.126403573619182280e-01 5.233919631605206575e-03
5.762928869053239760e+04 5.718072351626733507e+02 7.881147569729565205e-01 2.072453575269477544e-01 4.639885500095925451e-03
5.762929076252310188e+04 6.111613457630465973e+02 9.012584684730485796e-01 9.343006318936081245e-02 5.311468337590548143e-03
5.752333793572919967e+04 nan nan nan nan
5.755737465321760101e+04 5.356617594097787105e+02 6.561969186222882389e-01 3.401377375196520947e-01 3.665343858059734970e-03
5.759726976038190332e+04 1.064743078745624985e+02 1.184538222962218668e-01 8.785231916468143609e-01 3.022986056963957498e-03
5.762929280788190226e+04 5.867606570950729292e+02 8.273170394880157152e-01 1.678272856013404701e-01 4.855674910643897023e-03
5.772813550339119683e+04 3.764061871475684029e+02 4.522200204114947275e-01 5.442545365624911202e-01 3.525443026014275436e-03
5.790337165991900110e+04 5.667202856797637196e+02 8.262278859884564230e-01 1.685806503598999695e-01 5.191463651643623937e-03
5.792224230149309733e+04 6.060870237640543223e+01 7.321425724524432965e-02 9.232216500911668566e-01 3.564092663588937747e-03
5.794831686872689897e+04 3.598207662956892250e+02 3.334292653682682794e-01 6.644734246689310009e-01 2.097309962800766956e-03
5.798637413616899721e+04 5.611691849303946356e+02 8.806601342770066232e-01 1.133245741754774077e-01 6.015291547515932633e-03
5.802708766583329998e+04 nan nan nan nan
5.752940620478009805e+04 2.668166562146271872e+02 1.662642539936525776e-01 8.327873285505373868e-01 9.484174558099229104e-04
5.752940825335650152e+04 2.587699305726308694e+02 1.557152643156805849e-01 8.434003078685025079e-01 8.844278158167974933e-04
5.752941032322919636e+04 2.549195641624079940e+02 1.505124688455096171e-01 8.486360672118063997e-01 8.514639426839540120e-04
5.753429089564809692e+04 3.911791199616025665e+02 3.524002491193715114e-01 6.456175451842295354e-01 1.982205696398970079e-03
5.753429294650460361e+04 4.034325361227537314e+02 3.721794864110973822e-01 6.257418191186622236e-01 2.078694470240403762e-03
5.753429499166669848e+04 3.944057509449902454e+02 3.530260856723176355e-01 6.450170768663724408e-01 1.956837461309890794e-03
5.754629497972220270e+04 6.395176460490298496e+02 9.610866224707079741e-01 3.339708057908599009e-02 5.516296950206046185e-03
5.754629702839120000e+04 6.509432061641203973e+02 9.942753801534107705e-01 2.619518193531703061e-05 5.698424664653877619e-03
5.754629907357640332e+04 6.294497915409519919e+02 9.292491815762101703e-01 6.542765470588865484e-02 5.323163717901149665e-03
5.755039358618060214e+04 6.016644884776517301e+02 8.283043763169902762e-01 1.670664999386779481e-01 4.629123744331987284e-03
5.755039571016200352e+04 6.139963836377888811e+02 8.592740979819664116e-01 1.359422514105212698e-01 4.783650607512296080e-03
5.755039775870370067e+04 5.789520585554348600e+02 7.617493588496534462e-01 2.340223330341021646e-01 4.228308116244489795e-03
5.755426286537040141e+04 4.460113189598001213e+02 7.346190495086769578e-01 2.587548159796072000e-01 6.626134511715773591e-03
5.755426493841440242e+04 4.538760018266225416e+02 8.064309253841457359e-01 1.858584858034822707e-01 7.710588812372057635e-03
5.755426700672449806e+04 5.184950529901327627e+02 6.901142714953636403e-01 3.055587930171158040e-01 4.326935487520781193e-03
5.755737257791669981e+04 5.633189931125987187e+02 7.325304026143256708e-01 2.633394061894300808e-01 4.130191196244316007e-03
5.790337370518520038e+04 6.034800831084272659e+02 9.259552768664227607e-01 6.829453868131667160e-02 5.750184452260524368e-03
5.790637381167819694e+04 6.261577524091903797e+02 9.639639291917597719e-01 3.024736231981426521e-02 5.788708488425960315e-03
5.790637585583329928e+04 5.898033975838936840e+02 8.634796182506182527e-01 1.312853746049860437e-01 5.235007144395656745e-03
5.790637790084489825e+04 5.159495085248252053e+02 6.488221937498247494e-01 3.473153406471968241e-01 3.862465602978455616e-03
5.790937800020830036e+04 nan nan nan nan
5.790938007233799726e+04 nan nan nan nan
5.790938211894679989e+04 nan nan nan nan
5.791335360002310335e+04 5.127224423827074133e+02 6.754532292597621446e-01 3.203078670733186528e-01 4.238903666919382161e-03
5.791335564643520047e+04 4.703480768265484357e+02 5.659734689824524878e-01 4.304899709533025476e-01 3.536560064245105120e-03
5.791335771677079902e+04 4.296152542241614469e+02 4.693514513717995107e-01 5.277333739652275701e-01 2.915174662972981178e-03
5.791635771358799684e+04 3.529748239786431441e+02 3.201563026865834605e-01 6.778343070750516564e-01 2.009390238364780392e-03
5.791635976077550004e+04 3.487623460404295770e+02 3.119820159896469769e-01 6.860635204558703792e-01 1.954463554482606565e-03
5.791636182935190300e+04 3.408322059294495148e+02 2.944700830424786808e-01 7.037067403336840776e-01 1.823176623837118602e-03
5.792223818324069725e+04 6.297539462746944849e+01 7.149891394071872242e-02 9.253527235535450313e-01 3.148362505736355173e-03
5.792224023196759663e+04 3.676687499280164673e+01 5.061882653323254710e-02 9.447516280828761603e-01 4.629545383891309901e-03
5.763230957098380168e+04 5.314269561817330896e+02 6.944426310553278858e-01 3.013866279095096523e-01 4.170741035162510435e-03
5.763231162777780264e+04 5.382642101566297015e+02 7.153203811431179115e-01 2.803660391484896208e-01 4.313579708392503188e-03
5.763231367187500291e+04 5.264769601897306757e+02 6.831179803206453016e-01 3.127699512840850793e-01 4.112068395269720573e-03
5.769003383031250269e+04 5.786866638930018780e+02 8.454186014459945664e-01 1.493684398141549297e-01 5.212958739850418084e-03
5.769003590199069731e+04 6.008719067245750693e+02 9.067555999072427486e-01 8.768222916328939631e-02 5.562170929467853339e-03
5.769003794601849950e+04 6.070096927418131827e+02 9.390262830032428676e-01 5.512861786038723150e-02 5.845099136369896579e-03
5.769427015548609779e+04 4.278102428055388486e+02 6.702340043524696034e-01 3.237711473687580610e-01 5.994848278772362503e-03
5.769427222827549849e+04 3.754778244699350012e+02 5.204999177391700371e-01 4.748065437930936161e-01 4.693538467736286038e-03
5.769427429901620053e+04 3.912300757948821683e+02 5.682541950766066829e-01 4.265929434113781560e-01 5.152861512015229593e-03
5.770016264601849980e+04 3.698610111805673455e+02 3.737609148138390514e-01 6.237448448409733670e-01 2.494240345187546948e-03
5.770016469395830063e+04 3.635434783337051385e+02 3.623449212300317024e-01 6.352286961998480086e-01 2.426382570120331518e-03
5.770016674040509679e+04 3.717668746114790110e+02 3.770700334955096045e-01 6.204173263539800587e-01 2.512640150510339447e-03
5.770321977893519943e+04 2.450531308425241264e+02 1.859681104595059531e-01 8.126252459138023632e-01 1.406643626691690034e-03
5.770322185409720259e+04 2.281215865372276994e+02 1.610520430186179464e-01 8.377305736609217401e-01 1.217383320460310898e-03
5.770322392438659881e+04 2.309689085877943739e+02 1.669526166871661832e-01 8.317712176556385506e-01 1.276165657195216978e-03
5.770724706540509942e+04 9.727186183082933724e+01 4.051754490241021855e-02 9.590586761051770326e-01 4.237789924127234316e-04
5.770724911196759786e+04 9.065850991090822220e+01 3.622339611640829071e-02 9.633866719404564627e-01 3.899319431353326804e-04
5.770725116266200348e+04 9.165074170933958442e+01 3.715035380059865389e-02 9.624483347250706311e-01 4.013114743306920272e-04
5.771122231931710121e+04 3.613265221513229335e+02 4.747875954751916705e-01 5.209951803936881953e-01 4.217224131120165392e-03
5.771122439228009898e+04 3.441346743025208070e+02 4.339051167057798031e-01 5.622119465734077837e-01 3.882936720812587596e-03
5.771122646682870254e+04 3.388616170365346534e+02 4.295642096922162589e-01 5.665107957523184412e-01 3.924994555465440363e-03
5.771422651776619750e+04 3.937067339255583533e+02 6.506865669804849928e-01 3.426419001018604082e-01 6.671532917654648433e-03
5.771422857567130268e+04 4.185219391282687411e+02 7.411692946928312153e-01 2.511707538530654760e-01 7.659951454103302616e-03
5.771423062320600002e+04 3.776515725137911659e+02 6.149543733125243383e-01 3.785692689366531027e-01 6.476357750822602302e-03
5.772020971459490102e+04 4.550389710112863213e+02 8.324038799558203250e-01 1.594227973946783505e-01 8.173322649501419887e-03
5.772021178789350233e+04 4.409372432613716342e+02 7.861486769049481627e-01 2.060873602648466696e-01 7.763962830205205050e-03
5.772021386024310050e+04 4.549224133914131016e+02 8.546339717349827891e-01 1.367459090476451367e-01 8.620119217372159207e-03
5.772421063494210102e+04 3.606383246272208680e+02 6.223716983575470207e-01 3.703541298391141989e-01 7.274171803338628541e-03
5.772421270884259866e+04 3.422827989013096044e+02 5.801680642482629491e-01 4.128147152118870067e-01 7.017220539849941020e-03
5.772813138064809755e+04 3.500972607056884272e+02 3.894879885195913771e-01 6.074890100721462849e-01 3.023001408262484570e-03
5.772813342998839653e+04 3.277438683410265980e+02 3.423095215238471933e-01 6.550260967572920645e-01 2.664381718860776849e-03
5.799016862412040064e+04 5.443500784413647580e+02 7.687071593558589822e-01 2.264221235059788451e-01 4.870717138162249105e-03
5.799017067341440270e+04 6.021607053199115853e+02 9.384185521168092459e-01 5.564951834648969309e-02 5.931929536701015943e-03
5.799017272325229715e+04 5.283185885123339176e+02 7.174726333438674608e-01 2.780228672381357957e-01 4.504499417996807656e-03
5.799317281408570125e+04 5.156601012197327236e+02 6.950378067617926092e-01 3.005249070953460166e-01 4.437286142861424434e-03
5.799317489197920077e+04 5.564631886455258609e+02 8.024053671343638339e-01 1.925160515933542760e-01 5.078581272281864137e-03
5.799317696175930178e+04 5.079583571921050407e+02 6.716670223633355308e-01 3.240624703366762893e-01 4.270507299988374195e-03
5.799617709755789838e+04 nan nan nan nan
5.799617914864580234e+04 nan nan nan nan
5.799618119494210259e+04 1.493124882499926116e+02 1.901515136949211426e-01 8.058872117430972981e-01 3.961274561981594812e-03
5.800014257973380154e+04 2.378643572762485974e+02 1.496925359172773806e-01 8.493401462633077825e-01 9.673178194147804762e-04
5.800014462671300134e+04 2.285010583466020648e+02 1.371968214506608386e-01 8.619226583873453862e-01 8.805201619937790469e-04
5.800014669960649917e+04 2.215390064259765381e+02 1.277721493839617806e-01 8.714153950265364212e-01 8.124555895017431147e-04
5.800314683020830125e+04 nan nan nan nan
5.800314890200230002e+04 nan nan nan nan
5.800315097386569687e+04 nan nan nan nan
5.800711306057869660e+04 5.509625935065054136e+02 8.064958067645026096e-01 1.882707485802833369e-01 5.233444655214103750e-03
5.800711510732639726e+04 5.558828103913427867e+02 8.154525107651667826e-01 1.792914512343923572e-01 5.256038000440969513e-03
5.800711715050930070e+04 4.726462284306647348e+02 5.830800211045022996e-01 4.132028162410008587e-01 3.717162654496989575e-03
5.801011732460650092e+04 5.114537053323643931e+02 6.963623420268428843e-01 2.991098757199702751e-01 4.527782253186914303e-03
5.801011937150460290e+04 5.558213596431934320e+02 8.185003302102360490e-01 1.762030976668199356e-01 5.296572122943958225e-03
5.801012141791670001e+04 5.182365340689468667e+02 7.065040448294837017e-01 2.889565297026074342e-01 4.539425467908980369e-03
5.801707824304400128e+04 4.932145530452705202e+02 6.516028070218587986e-01 3.441341298403035043e-01 4.263063137837802032e-03
5.801708028812499833e+04 5.145994922818902069e+02 7.029719787100419115e-01 2.924701195539199938e-01 4.557901736038254270e-03
5.801708233447920065e+04 5.104202774939640221e+02 6.923688928188577174e-01 3.031369641192520614e-01 4.494143061890241986e-03
5.802104939627309795e+04 1.690703204523536272e+02 8.107037355023423431e-02 9.183680392069872855e-01 5.615872427786036463e-04
5.802105144168980041e+04 1.738338136892285490e+02 8.563665326516026188e-02 9.137705872749624092e-01 5.927594598773059352e-04
5.802105348754629813e+04 1.677724506711404899e+02 7.923891265408641860e-02 9.202162544080260131e-01 5.448329378877196129e-04
5.802408142475689965e+04 nan nan nan nan
5.802408347208330088e+04 3.155517746497162079e+02 4.392740235277793892e-01 5.559927484491481442e-01 4.733228023072550729e-03
5.802408551613429881e+04 3.244148244697244081e+02 4.839757450396308669e-01 5.105883300609270758e-01 5.435924899442127513e-03
5.802708559285879892e+04 nan nan nan nan
5.802708970991899696e+04 nan nan nan nan
5.804723603105320217e+04 4.874555219779580284e+02 7.284267721156539865e-01 2.661190481377185280e-01 5.454179746627572239e-03
5.804723807749999833e+04 3.865561914384890088e+02 4.597569219040810728e-01 5.367879916123746709e-01 3.455086483544230706e-03
5.804724014932870341e+04 5.063365063263174761e+02 7.859762739822485633e-01 2.081384338422644087e-01 5.885292175487009773e-03
5.805024026468749798e+04 1.586940121129035504e+02 2.207046366457450504e-01 7.745711503487341387e-01 4.724213005520799639e-03
5.805024233653939882e+04 4.000693846618373186e+02 6.051081106030009593e-01 3.893043197607725103e-01 5.587569636226522550e-03
5.805024438494210335e+04 4.395257185777667814e+02 6.824939853989225869e-01 3.116168091065470991e-01 5.889205494530289769e-03
5.805327577043980273e+04 4.712970651071523775e+02 8.108112224487601383e-01 1.819597868072717062e-01 7.228990743968030652e-03
5.805327784341439838e+04 3.141523211979471739e+02 5.452362166480568817e-01 4.474065169429534694e-01 7.357266408989508386e-03
5.805327991408570233e+04 4.695183824741521903e+02 8.195397717573416063e-01 1.730186936448251944e-01 7.441534597833145484e-03
5.805628832104169851e+04 3.859128369644672034e+02 6.150777650094573223e-01 3.787176999452472326e-01 6.204535045295404318e-03
5.805629039309029758e+04 3.858218861931115384e+02 6.272573877737549486e-01 3.662868803087332426e-01 6.455731917511784573e-03
5.805629246236110339e+04 3.949071300096487676e+02 6.615150394251927413e-01 3.316313861764689785e-01 6.853574398338242030e-03
5.806222355206019711e+04 5.171984111779527211e+02 9.067768942302268931e-01 8.571528038480548395e-02 7.507825384967512818e-03
5.806222562383100012e+04 4.188215588782834971e+02 5.940829899897668298e-01 4.010026856880079538e-01 4.914324322225267598e-03
5.806222766803239938e+04 4.432220256794563511e+02 6.707348573429404714e-01 3.236716029949441853e-01 5.593539662115343258e-03
5.806522972351850331e+04 nan nan nan nan
5.806523176767359837e+04 nan nan nan nan
5.806523383688659669e+04 1.802974149610036818e+02 1.272735161085758737e-01 8.715093882097838529e-01 1.217095681640178615e-03
5.806823395875000278e+04 3.974230546185723938e+02 5.915324682309905935e-01 4.030565172711945698e-01 5.411014497814847085e-03
5.806823600857640122e+04 3.982659626236534223e+02 5.980775077525354311e-01 3.964144635546463791e-01 5.508028692818208935e-03
5.806823805357640231e+04 4.042247924020077789e+02 6.194998995002463094e-01 3.747633729574240125e-01 5.736727542329614869e-03
5.807123806574069749e+04 3.973834972854487546e+02 6.571118783612248659e-01 3.362095034252646775e-01 6.678618213510453122e-03
5.807124011413189874e+04 3.790883762222362066e+02 6.052986036231307043e-01 3.884742934400843839e-01 6.227102936784936933e-03
5.807124218600690074e+04 3.945906697545949555e+02 6.601055251822044445e-01 3.330591249511166696e-01 6.835349866678932726e-03
5.755737672369209758e+04 4.837908206132748319e+02 5.352318237982470750e-01 4.617786921225625063e-01 2.989484079190485484e-03
5.756133022916669870e+04 3.054523092677263207e+02 2.082422626244790353e-01 7.906225212301818406e-01 1.135216145338975319e-03
5.756133227755789994e+04 3.039164820564061529e+02 2.065421313725504804e-01 7.923297976169633161e-01 1.128071010486307157e-03
5.756133432156249910e+04 2.940321610003870774e+02 1.918752318186242867e-01 8.070846664951309979e-01 1.040101686244788081e-03
5.756640274435179890e+04 4.994713227397406854e+02 5.781679381769303516e-01 4.185592990252503531e-01 3.272762797819418843e-03
5.756640565740739839e+04 5.372880994650697630e+02 6.618800072057589023e-01 3.344134269437004092e-01 3.706565850540784277e-03
5.756640813357639854e+04 5.338666450120191485e+02 6.566159184130033744e-01 3.396893331359244206e-01 3.694748451072184681e-03
5.756940826380789804e+04 3.222447873571157402e+02 3.472863281956915515e-01 6.498768555396695623e-01 2.836816264638992828e-03
5.756941031233799731e+04 3.686883552106888260e+02 3.828159833119243460e-01 6.145507859293669606e-01 2.633230758708759306e-03
5.756941235986109677e+04 4.220163211725089241e+02 5.033875930394793308e-01 4.931372521436473977e-01 3.475154816873367390e-03
5.757335477071759669e+04 2.992735631799055440e+01 4.504931758989495771e-02 9.494163229751797495e-01 5.534359434925237298e-03
5.757335681866900268e+04 nan nan nan nan
5.757335886174769985e+04 nan nan nan nan
5.757635904164350359e+04 5.811734653183013961e+02 7.821457360234043144e-01 2.134305051097528383e-01 4.423758866842895932e-03
5.757636109031250089e+04 5.657637205173451775e+02 7.365213907235232949e-01 2.593392971466603192e-01 4.139312129816482243e-03
5.757636313547450118e+04 6.011563132420809552e+02 8.317477617630348874e-01 1.635766517586219326e-01 4.675586478343155689e-03
5.758129654758099787e+04 5.534644284868747945e+02 7.246952239462848278e-01 2.711172356746392453e-01 4.187540379076048341e-03
5.758129862053239776e+04 5.584783021169993162e+02 7.316395514227803654e-01 2.641685634078007050e-01 4.191885169418917492e-03
5.758130066709490347e+04 5.782080525163792117e+02 7.741666209212113570e-01 2.214548498794683962e-01 4.378529199320437687e-03
5.758430065474539879e+04 6.377732307675690890e+02 9.499818854702977156e-01 4.459903266421259144e-02 5.419081865489667853e-03
5.758430269878469699e+04 5.447798895840990099e+02 6.945128351964896529e-01 3.015175711287416127e-01 3.969593674768739575e-03
5.758430476832180284e+04 5.248369223232325567e+02 6.437314809306035057e-01 3.525941026471917095e-01 3.674416422205006860e-03
5.758735471921299904e+04 1.706133237067475932e+02 1.007246712614325301e-01 8.984240467057675872e-01 8.512820327998944997e-04
5.758735676368059649e+04 1.678963218741921821e+02 9.716042969288390951e-02 9.020216252610508967e-01 8.179450460650781194e-04
5.758735880907410319e+04 1.595874726207341610e+02 9.251716220069999830e-02 9.066619672975722022e-01 8.208705017277990838e-04
5.759041060892360110e+04 2.024637042820632473e+02 1.694337660638324805e-01 8.288556940383426941e-01 1.710539897824707228e-03
5.759041265638890036e+04 3.114439210616529863e+02 2.908844660885516742e-01 7.069848992933278620e-01 2.130634618120324196e-03
5.759041472459489887e+04 2.101172674118105022e+02 1.616513613343518174e-01 8.369029895948616460e-01 1.445649070786453978e-03
5.759342014512729656e+04 4.256373722390184184e+02 4.264699699593431093e-01 5.710780042066319062e-01 2.452025834025001010e-03
5.759342219388890226e+04 4.468019168366355416e+02 4.681326837950755548e-01 5.291860773227429204e-01 2.681238882181532102e-03
5.759342423879630223e+04 4.104035531721903567e+02 3.942623328354284418e-01 6.034835525887426444e-01 2.254114575828910800e-03
5.792526005879630247e+04 5.301504161618031503e+02 8.605137856877941305e-01 1.330512656247377634e-01 6.434948687468087028e-03
5.792526223586809647e+04 5.552869025184414795e+02 9.486550847670371933e-01 4.421622973782145943e-02 7.128685495141343781e-03
5.792526430643520143e+04 5.074105131495365413e+02 8.486428588063412715e-01 1.445249716245466387e-01 6.832169569112072488e-03
5.793327861822919658e+04 5.036983357071306955e+02 7.246252188314047382e-01 2.703198703925265844e-01 5.054910776068713765e-03
5.793328153189810109e+04 5.045970205352718949e+02 7.216769179423800917e-01 2.733270651035986099e-01 4.996016954021266325e-03
5.793328357708329713e+04 5.221765126258916325e+02 7.648269706418672209e-01 2.299331732759535840e-01 5.239856082179224564e-03
5.793628368734950345e+04 5.744015821145279688e+02 8.487584095449294264e-01 1.459086766691236881e-01 5.332913785946823138e-03
5.793628576050930133e+04 5.966306789780082909e+02 9.043019843525487156e-01 9.008697464516418618e-02 5.611041002287073948e-03
5.793628783324069809e+04 5.992353467509142320e+02 9.017538971642713452e-01 9.271503675668275879e-02 5.531066079045920264e-03
5.794228447361110011e+04 nan nan nan nan
5.794228652329860051e+04 3.188288206353903433e+02 3.408605791734854451e-01 6.563477381808534572e-01 2.791682645661190502e-03
5.794228856964119768e+04 nan nan nan nan
5.794528865236110141e+04 3.748883570798938649e+02 4.077113435613061165e-01 5.893997776434999336e-01 2.888878795194111618e-03
5.794529069642360264e+04 3.960859235885687326e+02 4.584766416607644057e-01 5.382508312611544721e-01 3.272527078081195490e-03
5.794529273826390272e+04 3.290418747791161991e+02 3.142892340150879593e-01 6.834824113726913897e-01 2.228354612220564707e-03
5.794831481783559866e+04 3.707110738379042800e+02 3.562555029123598005e-01 6.414888057020686762e-01 2.255691385571413979e-03
