5.790336961260419775e+04 5.886288553411898761e+01 5.771705857899831621e-02 9.416958673087856280e-01 5.870741122160859620e-04
5.802408142475689965e+04 nan nan nan nan
5.755737465321760101e+04 7.321012038601327276e+01 6.804188305702862927e-02 9.314306708835365933e-01 5.274460594348886425e-04
5.757335477071759669e+04 nan nan nan nan
5.763231162777780264e+04 7.487476738708255652e+01 7.143097506491047355e-02 9.280132872722990367e-01 5.557376627905974116e-04
5.834821840804399835e+04 4.077689467380898947e+01 4.142388452914964880e-02 9.579459697494552284e-01 6.301457213950906145e-04
5.832431115395829693e+04 4.345030457104527954e+01 3.569830858371649679e-02 9.638895205658853937e-01 4.121708503982426074e-04
5.807822860027779825e+04 5.884845764813992730e+01 5.313091377715993546e-02 9.463713582534706292e-01 4.977279693694720624e-04
5.827426794648150099e+04 4.686512672831707249e+01 4.132667636441058473e-02 9.581985036258396926e-01 4.748200097497430974e-04
5.773613904766199994e+04 4.930001188654345867e+01 4.089576903529258678e-02 9.586840558217428754e-01 4.201751429645324732e-04
5.798336990800929925e+04 7.389854198062371893e+01 7.183667403181212552e-02 9.275863093256713210e-01 5.770166425166601762e-04
5.762619125050929870e+04 6.279343893577127034e+01 6.093838823763179230e-02 9.384865413335243822e-01 5.750704288438851074e-04
5.752032630150460318e+04 nan nan nan nan
5.770322185409720259e+04 5.576570869263379393e+01 4.604000161655496387e-02 9.535437966788551378e-01 4.162017045899645473e-04
5.770322392438659881e+04 5.407403246324479795e+01 4.376099242887274143e-02 9.558390955528432986e-01 3.999120182839892746e-04
5.774214797937499679e+04 5.893333574354041104e+01 5.664192865620054640e-02 9.427940160707936057e-01 5.640552730059849446e-04
5.794228652329860051e+04 nan nan nan nan
5.808622277482639765e+04 4.989693639575330764e+01 3.839745845999344848e-02 9.612409445210666759e-01 3.615970189398598944e-04
5.775211113959489739e+04 5.154566599843348484e+01 4.848617652332187083e-02 9.509735430780773546e-01 5.402803986008772102e-04
5.829733038506939920e+04 5.131430216470904782e+01 4.706274227731190030e-02 9.524236337923475126e-01 5.136239303407465510e-04
5.772421063494210102e+04 4.989147550171960432e+01 4.466452481600052121e-02 9.548461017548143248e-01 4.893734291851634067e-04
5.795825557232640131e+04 7.380024920398264499e+01 7.432525687895283339e-02 9.250554092574796439e-01 6.193338635675448532e-04
5.752940620478009805e+04 nan nan nan nan
5.759727180795140157e+04 3.178152656234230733e+01 3.183524376441143611e-02 9.675520751160694433e-01 6.126811195190720594e-04
5.770725116266200348e+04 4.576840518202227059e+01 3.497397359698207336e-02 9.646694718042256866e-01 3.565545987923334002e-04
5.822336484763889894e+04 5.371435131984829781e+01 5.239886808843726568e-02 9.470200587912246393e-01 5.810731203382208179e-04
5.831828496164349781e+04 nan nan nan nan
5.799016862412040064e+04 6.978440710726559360e+01 6.980594085726650466e-02 9.295830669941200775e-01 6.109921486134223300e-04
5.833428754302080051e+04 5.077384855010351572e+01 5.076300941462571353e-02 9.486266360154472777e-01 6.103545699270107681e-04
5.773914103421299660e+04 5.638980067763837667e+01 4.999383090231037524e-02 9.495262153794171711e-01 4.799537182725075834e-04
5.772813342998839653e+04 5.265110087109060544e+01 4.747394411605528747e-02 9.520296197763978840e-01 4.964361075467903228e-04
5.758430065474539879e+04 7.313541929481172588e+01 7.197661502861843474e-02 9.274319663815775439e-01 5.914185898040292058e-04
5.808622070533560327e+04 5.016511997585106286e+01 3.863847985850431960e-02 9.609992738077602903e-01 3.622463337355436366e-04
5.798637413616899721e+04 7.467918690722025588e+01 7.158934349926282525e-02 9.278495242326177950e-01 5.611322681194156605e-04
5.800014462671300134e+04 6.052190742076025742e+01 5.066144886032283856e-02 9.489106951227496145e-01 4.278560169276052097e-04
5.802105348754629813e+04 6.455426325427900736e+01 6.198824725819070819e-02 9.374487163049493033e-01 5.630364368601026119e-04
5.811509514637730172e+04 6.522481877627551228e+01 6.045403773567025602e-02 9.390214054791999887e-01 5.245567851297599496e-04
5.754629702839120000e+04 7.491295692401659778e+01 7.287386964786715660e-02 9.265483038868651544e-01 5.778264652677471067e-04
5.802408551613429881e+04 nan nan nan nan
5.751128002734950132e+04 7.033489987208139382e+01 6.415134354147597473e-02 9.353406872221615709e-01 5.079692363625062154e-04
5.771422857567130268e+04 5.325677209118035194e+01 4.953285158731886295e-02 9.499389408353318132e-01 5.282075773495377999e-04
5.806523176767359837e+04 nan nan nan nan
5.775210909396989882e+04 5.392966844429342643e+01 5.147104795409983280e-02 9.479727428481290463e-01 5.562091977711184927e-04
5.823538261229170166e+04 nan nan nan nan
5.795825764436340251e+04 7.306869250528454529e+01 7.424943151262512753e-02 9.251200595614823552e-01 6.305089258925692134e-04
5.763231367187500291e+04 7.469539030393671908e+01 7.100896148632668270e-02 9.284392071680569458e-01 5.518313456164705786e-04
5.831036035766200075e+04 5.447228393543763758e+01 5.350484061665798652e-02 9.459060409319404172e-01 5.891184514016051341e-04
5.753429089564809692e+04 6.842813365135164361e+01 5.933528339950092101e-02 9.402055986238869734e-01 4.591179766122576323e-04
5.828823795074070222e+04 5.452067128200782520e+01 5.500362305587646466e-02 9.443748959508829754e-01 6.214809932405634648e-04
5.762618919959489722e+04 nan nan nan nan
5.805024233653939882e+04 5.879947818975391272e+01 5.730372863361644920e-02 9.421163268254603151e-01 5.799445409233820303e-04
5.752941032322919636e+04 nan nan nan nan
5.769003383031250269e+04 7.311900439002445751e+01 7.172892787927791225e-02 9.276834531796576133e-01 5.876189410644082952e-04
5.826232078871529666e+04 6.080719468428068808e+01 6.046822949692949589e-02 9.389279439385140869e-01 6.038265645564948846e-04
5.832431525006939773e+04 4.679512742556673288e+01 4.036744173242128725e-02 9.591781681981917940e-01 4.543900693869223060e-04
5.794831686872689897e+04 6.739835373038808086e+01 6.488991570690655353e-02 9.345440750955256171e-01 5.660091975679495437e-04
5.830734313171300164e+04 5.487438575530098461e+01 5.590886233644260656e-02 9.434572831138391402e-01 6.338545497181660542e-04
5.830734722672450152e+04 5.389035435532018425e+01 5.356588415769316519e-02 9.458308314043598619e-01 6.032844379469033983e-04
5.829430707340280060e+04 nan nan nan nan
5.806823805357640231e+04 5.863837378784713650e+01 5.401433970207916019e-02 9.454675503232491396e-01 5.181099746717667941e-04
5.774910287126160256e+04 5.361916804197893782e+01 5.086651637705593559e-02 9.485839535111261211e-01 5.495301118180604587e-04
5.773313283907409641e+04 4.297989684677802558e+01 3.645194423809822865e-02 9.631088396101564753e-01 4.392161517454659420e-04
5.801011732460650092e+04 7.106282718394412257e+01 7.052078071951681237e-02 9.288778836940124739e-01 6.013355864707081938e-04
5.762318496390050132e+04 7.139421188209483660e+01 7.151435560498131672e-02 9.278729723039415012e-01 6.126720910771752933e-04
5.795131904060189845e+04 6.690981320765015994e+01 6.611152562803537802e-02 9.332923424622128206e-01 5.961319097517524083e-04
5.757636313547450118e+04 6.923409543472322980e+01 6.807791645614040543e-02 9.313316920223390083e-01 5.903915215205473481e-04
5.804723603105320217e+04 6.481400257400775899e+01 6.234603003641134289e-02 9.370889711049906756e-01 5.649988585981082336e-04
5.827427206804400339e+04 4.980791319530066374e+01 4.408333832725475077e-02 9.554383401718804514e-01 4.783215008648071791e-04
5.772813138064809755e+04 5.401750533688233702e+01 4.941379270155901726e-02 9.500752377997306874e-01 5.109694987104149849e-04
5.791335564643520047e+04 6.422580057433471268e+01 5.556369172046141114e-02 9.439792929382041509e-01 4.570153413345121019e-04
5.756640813357639854e+04 6.794249463984060355e+01 6.172845099521515055e-02 9.377675201194886068e-01 5.040288852962003952e-04
5.761939315737270226e+04 5.185928035008328152e+01 3.699742951345692116e-02 9.626917871127324000e-01 3.107833738108442805e-04
5.826535084216429823e+04 5.222887722664655996e+01 4.795324129309243288e-02 9.515320254826723501e-01 5.147332242352972882e-04
5.769427015548609779e+04 5.978294791661107865e+01 5.274087754365446024e-02 9.467838882462722427e-01 4.752342100732969169e-04
5.831828907890050323e+04 4.571995889762942511e+01 4.552914748070963774e-02 9.538653234180892726e-01 6.055291012011759615e-04
5.772020971459490102e+04 5.681750677177233655e+01 5.169569340032151294e-02 9.477988172254834254e-01 5.054893741951601259e-04
5.755426286537040141e+04 4.479090040934964634e+01 4.304078374966108927e-02 9.563953859622451592e-01 5.638302880938445439e-04
5.755737672369209758e+04 7.544071394861478552e+01 7.114280497661661096e-02 9.283141722609972168e-01 5.430227623861921468e-04
5.755039358618060214e+04 7.279297874547388858e+01 6.724655975681026465e-02 9.322323309652664758e-01 5.211092779232221568e-04
5.796226272096070170e+04 6.210187516540543839e+01 6.173558362351799084e-02 9.376609829910638183e-01 6.034333854181986659e-04
5.758430269878469699e+04 7.321775347190452976e+01 7.256763128789527062e-02 9.268325489896043212e-01 5.998197225004629112e-04
5.756941031233799731e+04 5.892250645562403832e+01 5.527967849595483846e-02 9.441828737684497819e-01 5.374477355955335203e-04
5.762929280788190226e+04 7.415901915149557055e+01 7.481169236375276310e-02 9.245668970462778136e-01 6.214105899693692309e-04
5.824428524973380263e+04 nan nan nan nan
5.797328356476849876e+04 nan nan nan nan
5.806222766803239938e+04 6.108049142956696187e+01 5.052143954583301899e-02 9.490608127863283672e-01 4.177476678387817229e-04
5.801708028812499833e+04 7.436378970906930874e+01 7.292580429302550349e-02 9.264869672776848697e-01 5.872284292895903896e-04
5.834822258515049907e+04 3.826840718910332839e+01 3.959334139520602480e-02 9.597530298009510075e-01 6.536288038430502394e-04
5.835128803995370254e+04 5.168058837850227860e+01 4.971184509826818282e-02 9.497231756330312136e-01 5.649792687006134758e-04
5.795132111849539797e+04 6.998882422951383830e+01 6.839653726232339248e-02 9.310203151539503397e-01 5.831475837261828471e-04
5.823926595738429751e+04 nan nan nan nan
5.807521185368060105e+04 6.602387874968673032e+01 6.307183622258984157e-02 9.363709311643833022e-01 5.572326130268826817e-04
5.794228447361110011e+04 nan nan nan nan
5.806523383688659669e+04 nan nan nan nan
5.761322332181710226e+04 6.713080713690007428e+01 6.368420507467044411e-02 9.357662700299288483e-01 5.495248954008079886e-04
5.796226067233800131e+04 4.902622131469484401e+01 4.940194010028164245e-02 9.499780497309282534e-01 6.200101687901278654e-04
5.793328357708329713e+04 5.954099774773464304e+01 6.033146218166100111e-02 9.390416019296746741e-01 6.269358886642679464e-04
5.834437502118059638e+04 5.500529698083699515e+01 5.498217368640310326e-02 9.444077243414819023e-01 6.101019721149432765e-04
5.771423062320600002e+04 5.243938236669787756e+01 4.826697566387316146e-02 9.512157121789730496e-01 5.173121571538661159e-04
5.791335360002310335e+04 6.401115498012515559e+01 5.622651446003418263e-02 9.433023578362740302e-01 4.711277036918127777e-04
5.800711510732639726e+04 6.603000587973987479e+01 6.556378700481962918e-02 9.338341900621708325e-01 6.020229330094222344e-04
5.794528865236110141e+04 3.846183445024521319e+01 3.186265616515603083e-02 9.677182882708834644e-01 4.190555639605113118e-04
5.795434710633099894e+04 6.266243957460449110e+01 6.162030396692140533e-02 9.377892221128714123e-01 5.904739202072586957e-04
5.807520980290509760e+04 6.462326925174716052e+01 6.094030115772909595e-02 9.385166998944748373e-01 5.429989477960890567e-04
5.759041060892360110e+04 nan nan nan nan
5.798009512350690056e+04 6.249889858651034302e+01 5.831583348078939882e-02 9.411525531523673438e-01 5.316133668433873803e-04
5.793628783324069809e+04 7.917435507451855869e+01 8.016915436849522680e-02 9.192047896315707067e-01 6.260559999340544303e-04
5.759727385310189857e+04 nan nan nan nan
5.787636768714120262e+04 8.555489623111347441e+01 8.178236519203424537e-02 9.176596822913347662e-01 5.579525166311222282e-04
5.835129213258100208e+04 5.170863206615518948e+01 4.980300936244193982e-02 9.496305521951311501e-01 5.664384424269168798e-04
5.770321977893519943e+04 5.422582979431916783e+01 4.346540970257516817e-02 9.561422681842232096e-01 3.923221132017045364e-04
5.761321910018519702e+04 nan nan nan nan
5.770724706540509942e+04 4.664221965304258077e+01 3.645206281062293024e-02 9.631749847553694455e-01 3.729524340076148027e-04
5.804723807749999833e+04 6.248109636982482584e+01 5.889445705672703701e-02 9.405630186282584182e-01 5.425243150147330065e-04
5.774910491856480076e+04 5.481333034736592680e+01 5.254038996109908211e-02 9.468985855097719062e-01 5.610245291290561365e-04
5.774910696269680193e+04 5.680408602775758453e+01 5.450304843798870619e-02 9.449348043253832374e-01 5.621472366282502346e-04
5.808221331371529959e+04 5.442739986128003693e+01 4.798983315591132115e-02 9.515354540344262979e-01 4.747128096624078294e-04
5.773614109170140000e+04 4.767212891159218202e+01 3.840658143232710681e-02 9.611970950383008638e-01 3.963235293721613611e-04
5.827736085368059867e+04 5.623573945854305123e+01 5.371055924338423437e-02 9.457324318058838442e-01 5.570089507320442022e-04
5.773914515188660152e+04 5.445994821124683227e+01 4.663901491297679086e-02 9.529131563739741129e-01 4.478287130491071140e-04
5.829733242995369801e+04 5.147894643792729852e+01 4.686269154283633637e-02 9.526312941428025649e-01 5.060143143611926190e-04
5.762619330261569849e+04 6.460208017521301826e+01 6.418804107189091113e-02 9.352091455464781600e-01 6.028133816308945325e-04
5.791335771677079902e+04 6.692622766361643016e+01 5.869495414187651805e-02 9.408353935207277585e-01 4.696523373957190383e-04
5.772421270884259866e+04 4.921820521746520427e+01 4.457645606410576278e-02 9.549226714491212409e-01 5.008724867729867983e-04
5.762929076252310188e+04 7.509619436582779883e+01 7.485455874790079844e-02 9.245387492118017914e-01 6.066920402974492268e-04
5.811509719284719904e+04 6.428558393142800753e+01 5.869756774114603254e-02 9.407933585472172400e-01 5.090737116367247779e-04
5.811810135194440227e+04 5.548643408578941205e+01 4.641701267560519040e-02 9.531556720781069192e-01 4.273152462879778023e-04
5.832827059204859688e+04 4.121754466312119547e+01 3.248002054191151400e-02 9.671408076829905998e-01 3.791717750978791418e-04
5.795434915491900028e+04 6.035461014802265822e+01 5.860276894123470776e-02 9.408215485677249301e-01 5.756824910405642162e-04
5.790337165991900110e+04 5.843666176087843667e+01 5.693616750763733775e-02 9.424841725229295974e-01 5.796599694332368663e-04
5.760943263361109712e+04 6.735498994652047600e+01 6.159331003974542057e-02 9.378960730633725262e-01 5.106168968821963097e-04
5.757636109031250089e+04 7.122431911300489560e+01 7.110546688656781134e-02 9.282859540351748873e-01 6.085790782573261178e-04
5.787636973238430073e+04 8.555404552122342920e+01 8.265790505844351765e-02 9.167721205643060145e-01 5.699743772505356078e-04
5.798336581408559869e+04 7.137373635403513106e+01 6.888510983010144584e-02 9.305461138702949553e-01 5.687762996037872042e-04
5.805327784341439838e+04 3.961621075357993504e+01 3.689926423310308651e-02 9.625710025675821013e-01 5.297331993149673136e-04
5.807520775504630001e+04 6.585605917973799706e+01 6.261500100318016793e-02 9.368330067835002328e-01 5.519922133195378795e-04
5.752032425738430175e+04 nan nan nan nan
5.799317696175930178e+04 7.495478689625896607e+01 7.556969731693151393e-02 9.238096276677972840e-01 6.206750152711645440e-04
5.831035626645830052e+04 5.032206431258134671e+01 5.070640177377728347e-02 9.486736201455427953e-01 6.199780806798954689e-04
5.798009921662040142e+04 6.798685405935353288e+01 6.522391822645143278e-02 9.342140879739683212e-01 5.619937995803237158e-04
5.772021386024310050e+04 5.729718635656939085e+01 5.188638120571426038e-02 9.476128839448551000e-01 5.007348494307007659e-04
5.798336786162039789e+04 7.196573406881434209e+01 6.914399240805436941e-02 9.302923374494200814e-01 5.636701425256801165e-04
5.772021178789350233e+04 5.772517731814111386e+01 5.248651405011903193e-02 9.470086705982012631e-01 5.048153516798352478e-04
5.790637790084489825e+04 7.555118546569426030e+01 7.086782481476573692e-02 9.285949166977163216e-01 5.372584875179643510e-04
5.801011937150460290e+04 7.177315721084893596e+01 7.222733031022807171e-02 9.271543021705389576e-01 6.183675192330351320e-04
5.785732303363429673e+04 nan nan nan nan
5.761623691380790115e+04 5.984028518336030800e+01 5.058894036425027468e-02 9.489746528428155692e-01 4.364067929342556047e-04
5.794529069642360264e+04 nan nan nan nan
5.769427429901620053e+04 6.049164929697855797e+01 5.261817045227592388e-02 9.469198228396357164e-01 4.620067080884401986e-04
5.822336899138890294e+04 5.424192530735436435e+01 5.147252405730704666e-02 9.479776206832166707e-01 5.498552594762584319e-04
5.792224023196759663e+04 nan nan nan nan
5.800014669960649917e+04 6.444422112261722191e+01 5.448617333946782076e-02 9.450773386662799647e-01 4.364879942523016885e-04
5.832827470641199761e+04 4.044377555828566528e+01 3.087592354894178048e-02 9.687681959640059848e-01 3.558804870523024481e-04
5.823926800362270296e+04 nan nan nan nan
5.806222355206019711e+04 5.982335117179457740e+01 4.790390056062963225e-02 9.517045668425933025e-01 3.915325967771019562e-04
5.793328153189810109e+04 5.900332630730737549e+01 6.086039865319096270e-02 9.384899441708113299e-01 6.496571759976388707e-04
5.827123369481480040e+04 nan nan nan nan
5.774603562748840341e+04 5.469916799889804082e+01 4.952563266487507859e-02 9.499737956629373814e-01 5.005716721877305009e-04
5.771122231931710121e+04 5.693551169222074293e+01 5.092139579253394249e-02 9.485901748177169024e-01 4.884293897492567081e-04
5.834136736096059758e+04 5.829997862993382540e+01 5.834494191062818830e-02 9.410435006154480586e-01 6.115574739237106998e-04
5.807822652960650157e+04 5.998152032705472436e+01 5.468946850643253282e-02 9.448029098717871666e-01 5.076216217804111050e-04
5.758735880907410319e+04 3.877729944912646687e+01 3.168343330777238093e-02 9.679089264991905806e-01 4.076401930370743558e-04
5.757335886174769985e+04 nan nan nan nan
5.787323766340279690e+04 nan nan nan nan
5.793327861822919658e+04 5.652970847749676153e+01 5.788824966284958351e-02 9.414714333986696770e-01 6.403169384806564005e-04
5.833824099243059754e+04 5.460914686850573929e+01 5.361153736654512836e-02 9.457999532598833081e-01 5.885093735715534380e-04
5.807123806574069749e+04 5.955230682705843037e+01 5.529149552292870334e-02 9.441821393102111104e-01 5.263651668602516284e-04
5.834437706734950189e+04 5.483768929533132308e+01 5.492326191620063025e-02 9.444642156533938904e-01 6.125224304054966177e-04
5.796526788873840269e+04 1.432139408889198506e+01 1.448196861094362860e-02 9.848936466809826706e-01 6.243847080736930665e-04
5.785731888864580105e+04 nan nan nan nan
5.832128978122679837e+04 4.848343688726023970e+01 4.875934501980740132e-02 9.506230702136918564e-01 6.175847665007140434e-04
5.791635771358799684e+04 7.420348010329247757e+01 6.749200604591214236e-02 9.320028399831112864e-01 5.051539709766334537e-04
5.809417247935190244e+04 5.701777560099875330e+01 5.000554862427958325e-02 9.495247914581086413e-01 4.696599176117905177e-04
5.760041916413189756e+04 6.948846163327380054e+01 6.746260818397120662e-02 9.319618611006714737e-01 5.755307153575248309e-04
5.811509924047449749e+04 6.549638915951922513e+01 6.133774997054758371e-02 9.381267141018297950e-01 5.355359276227568887e-04
5.799017067341440270e+04 7.082159170390855252e+01 7.208875746442601484e-02 9.272785811047327131e-01 6.326614308413354469e-04
5.774603357987270283e+04 nan nan nan nan
5.791636182935190300e+04 7.339972397388781644e+01 6.499622425411351323e-02 9.345249747455172118e-01 4.788010003693129774e-04
5.796226476614580315e+04 6.099204237648230276e+01 6.147907295665269028e-02 9.379005211519506613e-01 6.204058913966942852e-04
5.793628576050930133e+04 7.521508207958274284e+01 7.362577154790969636e-02 9.257891454299644884e-01 5.850830221258592184e-04
5.756640274435179890e+04 6.698801265138591532e+01 6.159296755668595275e-02 9.378908113857031825e-01 5.162210576108419626e-04
5.824428320671300025e+04 nan nan nan nan
5.832129390026620240e+04 4.248662433650890335e+01 4.288691483553320333e-02 9.564909098111638031e-01 6.221753533030119397e-04
5.755426700672449806e+04 6.430529763096330953e+01 6.107712700084701185e-02 9.383720255525668241e-01 5.508474465862558565e-04
5.798637209084490314e+04 7.337397492107045593e+01 6.991393698115228039e-02 9.295316785317547792e-01 5.543844870929825900e-04
5.792526223586809647e+04 6.895228536624485116e+01 6.849643446765216193e-02 9.309009972803682365e-01 6.025682519795247513e-04
5.759041265638890036e+04 4.247176574447698272e+01 3.036969549933621337e-02 9.693180937260821306e-01 3.122107745817268238e-04
5.772813550339119683e+04 5.291930370293820118e+01 4.785306399609664391e-02 9.516476390640380423e-01 4.992969398654465221e-04
5.795435120121530053e+04 5.252748863525582834e+01 5.161745160008827937e-02 9.477929076509123973e-01 5.896407489994155487e-04
5.806823395875000278e+04 nan nan nan nan
5.834137145361110015e+04 5.722860515648763169e+01 5.680277264530579628e-02 9.425956653558459353e-01 6.015619988482785252e-04
5.824428116292820050e+04 nan nan nan nan
5.809417043305560219e+04 5.756052324899928152e+01 4.972748958271958064e-02 9.498167766070660933e-01 4.557338102145077306e-04
5.811809930796299886e+04 5.544702163126714822e+01 4.707180686203960712e-02 9.524881118140526848e-01 4.400813239078799457e-04
5.787323970866900345e+04 nan nan nan nan
5.755737257791669981e+04 6.787891507742943986e+01 6.224680517521845313e-02 9.372397048211933424e-01 5.134900035883543500e-04
5.827735880615739734e+04 5.665977960587667184e+01 5.437388860439851257e-02 9.450637717923225933e-01 5.623396032791058404e-04
5.805327991408570233e+04 6.062520183967721721e+01 5.660701086980752389e-02 9.428606336908438301e-01 5.323554393486569372e-04
5.832431320015050005e+04 4.504918326403267059e+01 3.769499018459027823e-02 9.618774852527152142e-01 4.275245626946331656e-04
5.773313491203699959e+04 4.838814294354916257e+01 4.087325895964100814e-02 9.586910603928365804e-01 4.356806475224969145e-04
5.795825969094909669e+04 7.364587948853539956e+01 7.420878891636732699e-02 9.251712257331430322e-01 6.199853504896466177e-04
5.834737719356479647e+04 5.829718159333274485e+01 5.797461789175130387e-02 9.414215053467651639e-01 6.038767614834804820e-04
5.758735676368059649e+04 4.096513192190003139e+01 3.346595672286077627e-02 9.661265265681948655e-01 4.075167089444664656e-04
5.827735675774310221e+04 5.217356060983266985e+01 4.926980624267076475e-02 9.501856554943108879e-01 5.445382630185311183e-04
5.751622383775460185e+04 nan nan nan nan
5.794228856964119768e+04 nan nan nan nan
5.787323558943290118e+04 nan nan nan nan
5.755426493841440242e+04 4.273175770174484711e+01 4.132376860088346482e-02 9.581051921319669873e-01 5.710392671495272913e-04
5.830734518155090336e+04 5.434797182055985587e+01 5.469981680950798675e-02 9.446816361884285973e-01 6.185470020634292873e-04
5.829128076983799838e+04 5.168162317722022436e+01 5.064763554184231048e-02 9.487659377979901221e-01 5.864266601675507517e-04
5.809417454857639677e+04 5.761455163126103685e+01 5.065106918098187527e-02 9.488769976444558774e-01 4.719331745622064420e-04
5.771122439228009898e+04 5.482880528208007576e+01 4.786831838107219461e-02 9.516662601397261056e-01 4.654214792017933059e-04
5.797328561118060315e+04 nan nan nan nan
5.831828703347220289e+04 4.648543340768303977e+01 4.592495697063687932e-02 9.534790634314224134e-01 5.959795979407445056e-04
5.759726976038190332e+04 nan nan nan nan
5.761624100755790278e+04 5.925255581002850391e+01 4.838450564285494415e-02 9.512083334382281929e-01 4.071609189169722435e-04
5.759342219388890226e+04 7.192932344784131260e+01 6.688909784704268058e-02 9.325828627007235472e-01 5.280394522338007586e-04
5.828426096879629767e+04 5.642467253637920521e+01 5.565963057906631040e-02 9.437462001461868200e-01 5.941692747469307957e-04
5.792526005879630247e+04 6.837718721811026512e+01 6.796094382056191985e-02 9.314358524948616047e-01 6.032036845764479020e-04
5.808221538364580192e+04 6.013518625031537113e+01 5.444120372933742430e-02 9.450583404287776768e-01 5.004558418850089908e-04
5.770016674040509679e+04 nan nan nan nan
5.762318700912039640e+04 7.537105798703449011e+01 7.576439804668508304e-02 9.236185968206781505e-01 6.170051326367805792e-04
5.811209502422450169e+04 5.998889650276449714e+01 5.505332976607733853e-02 9.444323979939696079e-01 5.142722399531537807e-04
5.754629497972220270e+04 7.517674240212917880e+01 7.377248481577626527e-02 9.256394987507543526e-01 5.880164334693595979e-04
5.811810339833330363e+04 5.343126313496800606e+01 4.328685804624308325e-02 9.563123777797944980e-01 4.007641739624767077e-04
5.771422651776619750e+04 5.238031919966031325e+01 4.816417646703723132e-02 9.513195502603902787e-01 5.162732725725706698e-04
5.760041507263889798e+04 6.468197647869128275e+01 6.284438477873220685e-02 9.365792018596396096e-01 5.764133616283530345e-04
5.798637001756940299e+04 7.483771543867527498e+01 7.014866761456178823e-02 9.293148376606150673e-01 5.364947248233159407e-04
5.831336456532409647e+04 5.511466900271513936e+01 5.416523030235596142e-02 9.452450109020201774e-01 5.897587956237954846e-04
5.823927007418980065e+04 nan nan nan nan
5.771122646682870254e+04 5.445202258399992701e+01 4.749930134892875466e-02 9.520360613657474769e-01 4.646372853238308633e-04
5.794529273826390272e+04 nan nan nan nan
5.796527198114580096e+04 1.195696731723875850e+01 1.217297775656404554e-02 9.871941453813100065e-01 6.328768621259229414e-04
5.806222562383100012e+04 6.052144999715258677e+01 4.947345508157306726e-02 9.501185136181752311e-01 4.080313002516923210e-04
5.770016264601849980e+04 nan nan nan nan
5.825840713835650240e+04 4.592179485602616040e+01 4.574924054233541620e-02 9.536447244452680438e-01 6.060350123965692250e-04
5.752333588821760350e+04 nan nan nan nan
5.801707824304400128e+04 6.969957871634538549e+01 6.911539512376849159e-02 9.302841824158675221e-01 6.004224603640259585e-04
5.757335681866900268e+04 nan nan nan nan
5.805629246236110339e+04 6.251741707673767223e+01 5.447666774660431949e-02 9.450596860996134385e-01 4.636461537822747416e-04
5.790938211894679989e+04 nan nan nan nan
5.760342213885419915e+04 7.504814015305591113e+01 7.308375986024222282e-02 9.263371721723414609e-01 5.790679674164941936e-04
5.828425685040510143e+04 5.667825644226214621e+01 5.729908958460675633e-02 9.420768449860050797e-01 6.240654293881579872e-04
5.792223818324069725e+04 nan nan nan nan
5.825840509017359727e+04 4.483173533709044989e+01 4.390737094936521256e-02 9.555069341899571356e-01 5.856948606776436229e-04
5.831035831250000047e+04 5.114021820007709351e+01 5.123229187315890554e-02 9.481548921756567383e-01 6.128159511843558416e-04
5.750823479354169831e+04 nan nan nan nan
5.756941235986109677e+04 5.924666084444395153e+01 5.513232103919906563e-02 9.443389264512440651e-01 5.287525095569785977e-04
5.823538053755790315e+04 nan nan nan nan
5.808221126275460119e+04 nan nan nan nan
5.756133022916669870e+04 6.932285351409974794e+01 6.142184459036258148e-02 9.380987968430304358e-01 4.793585666070646393e-04
5.828824209775459894e+04 5.514217891520976167e+01 5.525136359512744511e-02 9.441356006555772229e-01 6.130357492953935825e-04
5.756133227755789994e+04 6.898144026244659699e+01 6.080745177392357648e-02 9.387180695073703562e-01 4.744787187061440432e-04
5.827123576915510057e+04 nan nan nan nan
5.761939520490739960e+04 5.234971967287183503e+01 3.754787382770687770e-02 9.621379960202623982e-01 3.141301520308645442e-04
5.806522972351850331e+04 nan nan nan nan
5.807124011413189874e+04 6.074626023906210293e+01 5.787639584337093968e-02 9.415693212194886641e-01 5.542829371404590011e-04
5.758735471921299904e+04 4.206511180159978380e+01 3.542385501129574621e-02 9.641431177716600631e-01 4.330272170442947001e-04
5.829430420554400189e+04 4.287041234207941898e+01 4.028574297136807564e-02 9.591750505777354441e-01 5.392064508966502856e-04
5.826232285940970178e+04 6.100529120416320694e+01 6.114799544459505187e-02 9.382385292497120721e-01 6.134753056928212529e-04
5.751622793262729829e+04 nan nan nan nan
5.751622588629629900e+04 nan nan nan nan
5.758430476832180284e+04 7.269623092904545558e+01 7.138758151095789262e-02 9.280235894842776556e-01 5.888290047644248806e-04
5.833428549665510218e+04 nan nan nan nan
5.797028143182869826e+04 6.962593629866832146e+01 6.544417887119956256e-02 9.340163507607770477e-01 5.394703680235520731e-04
5.833824508746530046e+04 5.723247392244280718e+01 5.699151660056070434e-02 9.424029988912995259e-01 6.054845081397556335e-04
5.826535289314809779e+04 5.317403129259056271e+01 4.939710774202330651e-02 9.500759397030880127e-01 5.269525548887299274e-04
5.809021082665510039e+04 4.950582414287376309e+01 3.851413587738128363e-02 9.611162952606279175e-01 3.695688619909179577e-04
5.802105144168980041e+04 6.475143341596501045e+01 6.211806325521983946e-02 9.373199776747923595e-01 5.619590699879958720e-04
5.834136940956019680e+04 5.787511115005389684e+01 5.778161359033887751e-02 9.416097424718082864e-01 6.086439378528510098e-04
5.829732833850690076e+04 4.882116960452436416e+01 4.491046480749101566e-02 9.545728257639680692e-01 5.167094285410412649e-04
5.760342622562500037e+04 7.634394156939053744e+01 7.435323177032333863e-02 9.250675820522487047e-01 5.791861774281308701e-04
5.751128210050929920e+04 7.166608175783316881e+01 6.568706081149981724e-02 9.337999597195533186e-01 5.129794689469088613e-04
5.793628368734950345e+04 7.411206025033223455e+01 7.479716573203815111e-02 9.245808775603049368e-01 6.219567076569170122e-04
5.802708559285879892e+04 nan nan nan nan
5.773313695576389728e+04 5.010539225910463301e+01 4.274716378448339266e-02 9.568083960269734289e-01 4.444401885433240133e-04
5.756940826380789804e+04 4.935718710864775716e+01 4.645688943111630359e-02 9.530021481452715104e-01 5.409624236122036666e-04
5.834437296673609671e+04 5.369433348181912891e+01 5.331928505827603082e-02 9.460786000491789860e-01 6.021148925449704972e-04
5.833824304113430117e+04 5.625833960848898130e+01 5.616025053860736888e-02 9.432312616293443419e-01 6.084878320482391221e-04
5.794831481783559866e+04 6.820208709847850059e+01 6.665405695704670896e-02 9.327627323309484186e-01 5.832107120048693645e-04
5.759342423879630223e+04 7.286861573372428325e+01 6.901057543803802707e-02 9.304417558831656887e-01 5.476686787964453376e-04
5.760643043196760118e+04 6.895785443808270543e+01 6.837023919740357891e-02 9.310295077689970666e-01 6.002530335993565063e-04
5.751127795192129997e+04 7.266064471982262774e+01 6.786094480810223040e-02 9.316064456344698153e-01 5.326095574279507720e-04
5.834822050653940096e+04 3.545773948560416500e+01 3.654152285289447022e-02 9.628099639163543166e-01 6.485132307512698471e-04
5.769003590199069731e+04 7.243657799470108216e+01 7.062322636752303706e-02 9.287963475727822882e-01 5.804260596947549873e-04
5.775210701935189718e+04 5.277592041743360340e+01 4.996824217972586912e-02 9.494843838302791106e-01 5.473739899949652161e-04
5.799017272325229715e+04 6.909838834076988690e+01 6.893120217589998600e-02 9.304611338140463817e-01 6.076640100536795158e-04
5.802708970991899696e+04 nan nan nan nan
5.833127687896989664e+04 5.506225232565797256e+01 5.427543105921085048e-02 9.451312799851582236e-01 5.932889556309696227e-04
5.805629039309029758e+04 6.140878831985874342e+01 5.368660224882334381e-02 9.458466970782762884e-01 4.667006729004652887e-04
5.805628832104169851e+04 6.116658693657195300e+01 5.282669497572564654e-02 9.467178494400502187e-01 4.554555842241047583e-04
5.758129654758099787e+04 6.879400091109869209e+01 6.987017765502091804e-02 9.294999533875083486e-01 6.298689574707037496e-04
5.800711715050930070e+04 6.749967179134382889e+01 6.589974682592110444e-02 9.335182413395001211e-01 5.820118345789680086e-04
5.800314683020830125e+04 nan nan nan nan
5.760943467989579949e+04 6.462662782679115026e+01 5.678941791557864244e-02 9.427390844811035508e-01 4.714976033179962313e-04
5.827427001928239770e+04 5.143980538720835227e+01 4.712857394732944405e-02 9.523588744339154255e-01 5.125516187552965446e-04
5.760041711899310030e+04 6.997301975127045637e+01 6.862249836596889807e-02 9.307902294064105408e-01 5.872722276204959220e-04
5.801708233447920065e+04 7.412629297010364837e+01 7.191708989617258407e-02 9.275081491019511182e-01 5.747610018763237710e-04
5.799617709755789838e+04 nan nan nan nan
5.800014257973380154e+04 5.785572445061351488e+01 4.779422576809534695e-02 9.517890719918805642e-01 4.167022400241190928e-04
5.805327577043980273e+04 6.245040209566446521e+01 5.927030910583546558e-02 9.401796796703217884e-01 5.500112238429586981e-04
5.754629907357640332e+04 7.516058865097397756e+01 7.337663908996773510e-02 9.260413877828955753e-01 5.819731271368517797e-04
5.805024026468749798e+04 nan nan nan nan
5.794831891516200267e+04 6.949182013820431791e+01 6.644110697346365668e-02 9.330007133867916913e-01 5.581796397448161601e-04
5.811209296942129731e+04 6.127486386084480330e+01 5.760703736984232326e-02 9.418532606428910992e-01 5.397019872667179917e-04
5.797027938540509786e+04 7.024895721619566302e+01 6.574964653084952593e-02 9.337154508472298442e-01 5.349026219207990082e-04
5.831336252050929761e+04 5.518975541447967004e+01 5.385389710186466034e-02 9.455646895752100045e-01 5.814133229252727020e-04
5.757635904164350359e+04 6.882307357794097413e+01 6.838737303330168216e-02 9.310097185304896383e-01 6.029084362085837751e-04
5.756133432156249910e+04 6.958931682173792410e+01 6.094549566539426977e-02 9.385861595085732700e-01 4.683448260324431169e-04
5.829430911765049677e+04 4.449394695173597825e+01 4.156442144793130039e-02 9.579027232888597254e-01 5.328552632090600635e-04
5.811209092512729694e+04 6.142500876379763497e+01 5.749293156223601181e-02 9.419721271742249602e-01 5.349412635391231820e-04
5.769003794601849950e+04 6.876194194499628054e+01 6.658601010811643350e-02 9.328414083236210574e-01 5.725815682626574825e-04
5.792224230149309733e+04 nan nan nan nan
5.802708766583329998e+04 nan nan nan nan
5.753429294650460361e+04 7.067951334145115538e+01 6.283555300142626421e-02 9.366818424312576274e-01 4.826045673163108208e-04
5.758130066709490347e+04 7.334839505888639621e+01 7.304897738944689245e-02 9.263453824079972421e-01 6.056402025558370750e-04
5.756640565740739839e+04 7.094003285617016275e+01 6.478309631140991010e-02 9.347076803760366870e-01 5.092233125535309624e-04
5.790938007233799726e+04 nan nan nan nan
5.752333383954859892e+04 nan nan nan nan
5.833127892640049686e+04 5.479276854655766016e+01 5.425300716139640211e-02 9.451483486279215196e-01 5.986442106820373098e-04
5.826231871686340310e+04 6.027256555879267097e+01 6.032246239066559046e-02 9.390659109425630868e-01 6.116266667713132809e-04
5.760943056070600142e+04 7.040026435336251609e+01 6.564130995853113826e-02 9.338278379355177128e-01 5.308521059512163933e-04
5.799618119494210259e+04 2.108720940058787008e+01 1.844482404300959791e-02 9.810880021799096573e-01 4.671737770809192324e-04
5.761623896099539706e+04 6.107852114268045085e+01 5.075729069070862576e-02 9.488210249585888878e-01 4.216843507025595187e-04
5.827023104541670182e+04 nan nan nan nan
5.806823600857640122e+04 nan nan nan nan
5.807124218600690074e+04 5.967856296456665888e+01 5.578849580412349046e-02 9.436778987717134859e-01 5.336054241630514006e-04
5.796526993535880320e+04 1.963981215247407874e+01 2.009277573672575007e-02 9.792681183139426704e-01 6.391059493314856562e-04
5.829128281405090092e+04 5.170365695920045113e+01 4.990511219318673197e-02 9.495260149723994125e-01 5.688728344139374650e-04
5.833127475625000079e+04 5.255836836027990699e+01 5.158843287904077424e-02 9.478232810472386749e-01 5.882860737205476091e-04
5.827123162187499838e+04 nan nan nan nan
5.770724911196759786e+04 4.689919772171145240e+01 3.660488973257275402e-02 9.630231341779468268e-01 3.719760894804757540e-04
5.795132316312500188e+04 6.951136071072160405e+01 6.700884081781481594e-02 9.324237187522909087e-01 5.674404298943318313e-04
5.762318905652780086e+04 7.444889874781104311e+01 7.267552979709868133e-02 9.267425981449690653e-01 5.818720579323956310e-04
5.826534876859949873e+04 5.211239852978620490e+01 4.909588542784659032e-02 9.503621439896029477e-01 5.419705825506058615e-04
5.802408347208330088e+04 nan nan nan nan
5.763230957098380168e+04 7.496763566499653564e+01 7.230263082350243953e-02 9.271293954884430866e-01 5.679736880544840934e-04
5.800711306057869660e+04 6.665523210261400777e+01 6.761402012011172302e-02 9.317576717595708047e-01 6.283081203173929326e-04
5.750823684359950130e+04 4.155597931050868254e+01 3.979437109491650026e-02 9.596456858093440623e-01 5.599430957394963297e-04
5.750823888879630249e+04 4.395313716093295398e+01 4.014254965486630661e-02 9.593481220594721748e-01 5.093282856615886488e-04
5.773914310640050098e+04 5.524523658383604641e+01 4.833741021304187313e-02 9.511951294939778867e-01 4.674602929802950269e-04
5.797328765510419908e+04 nan nan nan nan
5.799317281408570125e+04 7.131584494734165958e+01 7.187884973699906754e-02 9.275008559226186611e-01 6.202943403822130507e-04
5.790637585583329928e+04 7.448986706887380649e+01 7.030422152882780107e-02 9.291518571856725028e-01 5.439212854998227292e-04
5.828824002586810093e+04 5.595377218336844294e+01 5.631697677902265664e-02 9.430644550476635635e-01 6.185681733137430270e-04
5.761322127516200271e+04 6.616038503803591198e+01 6.243471248916558636e-02 9.370215067602214454e-01 5.437807506131279696e-04
5.752032221108800150e+04 nan nan nan nan
5.758129862053239776e+04 6.902328060969573187e+01 6.931506953492889977e-02 9.300691416758301022e-01 6.157887892409860762e-04
5.832129183077550260e+04 4.980838313844944309e+01 4.886149600652021918e-02 9.505508843882393144e-01 5.876196052404629444e-04
5.801012141791670001e+04 7.580832341310016886e+01 7.556005258008642589e-02 9.238333251288580739e-01 6.066222910554614368e-04
5.762928869053239760e+04 7.453670088048312437e+01 7.432186278157867920e-02 9.250710368652801385e-01 6.071003531411045323e-04
5.790337370518520038e+04 6.214278420054481700e+01 6.098882236770757775e-02 9.384230294940302253e-01 5.881481382622752527e-04
5.800315097386569687e+04 5.826266587883031178e+01 5.101540071109991054e-02 9.485164444190676836e-01 4.681548698324588587e-04
5.831336047291669820e+04 5.485304446603122130e+01 5.393057746455402063e-02 9.454791721042989927e-01 5.902504311469017719e-04
5.759041472459489887e+04 3.285654978732254961e+01 2.226882224485150427e-02 9.774506872083493780e-01 2.804905467990572517e-04
5.802104939627309795e+04 6.297356216885279423e+01 5.988323355085024141e-02 9.395646106836861300e-01 5.521557654635975924e-04
5.770016469395830063e+04 6.004949002353773579e+01 5.234518907920115982e-02 9.471908274123661542e-01 4.639835084327249099e-04
5.799317489197920077e+04 7.505605624718207025e+01 7.506654395962555903e-02 9.243226701349988028e-01 6.107859053755498955e-04
5.805024438494210335e+04 6.366298008983500978e+01 6.173277227577871062e-02 9.376930778443728354e-01 5.741498798484684233e-04
5.760642632716440130e+04 7.111119243473139306e+01 7.107758076398812408e-02 9.283123810819663424e-01 6.100381540454266182e-04
5.760342418274310330e+04 7.635495122883992281e+01 7.491985196600306485e-02 9.244922702361547673e-01 5.878777978421143111e-04
5.774603153121530340e+04 nan nan nan nan
5.752333793572919967e+04 nan nan nan nan
5.759342014512729656e+04 7.129964673664531460e+01 6.602057360374792572e-02 9.334558844585624238e-01 5.235419376896796812e-04
5.828425889914349682e+04 5.427803691170282718e+01 5.456205222635542723e-02 9.448209255941012463e-01 6.170221795433614631e-04
5.752940825335650152e+04 nan nan nan nan
5.804724014932870341e+04 6.321216997477472432e+01 6.017756729568177199e-02 9.392690373593510778e-01 5.533953449673221061e-04
5.822336692063660303e+04 5.446462963012733383e+01 5.173595581974402974e-02 9.477130798409479917e-01 5.509643393080843748e-04
5.829127869806710078e+04 5.299658187285129429e+01 5.091552244915189401e-02 9.485208757980633232e-01 5.636017527849407740e-04
