5.750823479354169831e+04 3.058049129294591921e+02 2.671667502929572224e-01 7.309690023494922473e-01 1.864247357550450268e-03
5.750823684359950130e+04 3.387370177556831550e+02 2.886259787754444361e-01 7.096007582138300629e-01 1.773263010725418783e-03
5.750823888879630249e+04 3.701807943582194866e+02 3.143570198594377030e-01 6.838816279783406227e-01 1.761352162221588909e-03
5.751127795192129997e+04 7.632264776950999021e+02 8.253540343280105773e-01 1.717896820009138792e-01 2.856283671075599863e-03
5.751128002734950132e+04 8.075923626702567617e+02 9.239938818050338343e-01 7.280883266845133983e-02 3.197285526514855817e-03
5.751128210050929920e+04 8.019913927442607928e+02 9.046568229856648546e-01 9.223535636162226437e-02 3.107820652712907014e-03
5.751622383775460185e+04 nan nan nan nan
5.751622588629629900e+04 nan nan nan nan
5.751622793262729829e+04 nan nan nan nan
5.752032221108800150e+04 nan nan nan nan
5.752032425738430175e+04 nan nan nan nan
5.752032630150460318e+04 nan nan nan nan
5.752333383954859892e+04 3.980981932818817199e+02 6.702702000053224474e-01 3.228059596300916212e-01 6.923840364585930572e-03
5.752333588821760350e+04 3.176692165587687100e+02 5.639251626669857798e-01 4.283778580068701713e-01 7.696979326144056700e-03
5.752333793572919967e+04 nan nan nan nan
5.752940620478009805e+04 6.311134644954552186e+02 5.668166374900152071e-01 4.312132187189418597e-01 1.970143791042830786e-03
5.752940825335650152e+04 6.287243123709414476e+02 5.625861019237978766e-01 4.354582751216687364e-01 1.955622954533357046e-03
5.752941032322919636e+04 7.056350647507399572e+02 6.966416319980326399e-01 3.009777693744255522e-01 2.380598627541831262e-03
5.753429089564809692e+04 7.685495018433825862e+02 8.046366786649529201e-01 1.926861041908798644e-01 2.677217144167316071e-03
5.753429294650460361e+04 7.339617879361107953e+02 7.286484213949885325e-01 2.689443530023449824e-01 2.407225602666583988e-03
5.753429499166669848e+04 7.574508366372739374e+02 7.751084273310312467e-01 2.223339076996143082e-01 2.557664969354508846e-03
5.754629497972220270e+04 8.234077000862940849e+02 9.535376170616798319e-01 4.318691426398880984e-02 3.275468674331445847e-03
5.754629702839120000e+04 8.206129782856896782e+02 9.455556871044499267e-01 5.120147606619482317e-02 3.242836829355281308e-03
5.754629907357640332e+04 8.206891367314832451e+02 9.428863119145267646e-01 5.388973339602111390e-02 3.223954689452274581e-03
5.755039358618060214e+04 8.144718195925846658e+02 9.094172862325492490e-01 8.753761122355910307e-02 3.045102543891705163e-03
5.755039571016200352e+04 8.025500253099697829e+02 8.829346767193912981e-01 1.141090773581962536e-01 2.956245922412514132e-03
5.755039775870370067e+04 8.196554304758562921e+02 9.179560143391536364e-01 7.898055017251559562e-02 3.063435488330766218e-03
5.755426286537040141e+04 5.643773374277803896e+02 7.054372514989144527e-01 2.907467755894353467e-01 3.815972911650196680e-03
5.755426493841440242e+04 5.482837653211796578e+02 7.092276773529213596e-01 2.866854771960613557e-01 4.086845451017251732e-03
5.755426700672449806e+04 7.251316154376942222e+02 8.159545172726837547e-01 1.809528677273440356e-01 3.092614999972313327e-03
5.755737257791669981e+04 7.701720444879930483e+02 8.424229271164783706e-01 1.546548556906560956e-01 2.922217192865560285e-03
5.794831891516200267e+04 8.197690974657053857e+02 9.627042378120964639e-01 3.392731053411657260e-02 3.368451653787168237e-03
5.795131904060189845e+04 7.374519895601738426e+02 8.033400651733393349e-01 1.937615303748618789e-01 2.898404451798843387e-03
5.795132111849539797e+04 7.579770144687329321e+02 8.340738300990482301e-01 1.629686712504972712e-01 2.957498650454677778e-03
5.795132316312500188e+04 7.468297413230028496e+02 8.033295264371822508e-01 1.938444753222311190e-01 2.825998240586808860e-03
5.795434710633099894e+04 nan nan nan nan
5.795434915491900028e+04 nan nan nan nan
5.795435120121530053e+04 nan nan nan nan
5.795825557232640131e+04 7.988710763252831839e+02 9.134642517200822764e-01 8.334231862508052757e-02 3.193429654837306141e-03
5.795825764436340251e+04 8.309539222654860851e+02 9.930042614986454019e-01 3.507742508552246213e-03 3.487995992802442064e-03
5.795825969094909669e+04 8.272565629016098683e+02 9.826745455377812188e-01 1.387904711378067611e-02 3.446407348438202626e-03
5.796226067233800131e+04 6.266072335470821599e+02 8.306851458186702564e-01 1.650223599719465306e-01 4.292494209383227767e-03
5.796226272096070170e+04 7.167733168798320094e+02 8.701304301281272968e-01 1.262701484926962159e-01 3.599421379176546715e-03
5.796226476614580315e+04 7.128599865035805578e+02 8.819279607073845506e-01 1.143336425950927659e-01 3.738396697522806175e-03
5.796526788873840269e+04 3.422683464177581527e+02 9.039126436108050333e-01 7.905216229975922659e-02 1.703519408943570540e-02
5.796526993535880320e+04 3.880831970668278359e+02 8.472078767040105429e-01 1.411519906885302933e-01 1.164013260745919501e-02
5.796527198114580096e+04 3.250069413697902405e+02 9.753777788519083503e-01 2.623973932571537718e-03 2.199824721552019399e-02
5.797027938540509786e+04 6.915618932812790263e+02 6.811149226572162929e-01 3.165158522774058070e-01 2.369225065377903588e-03
5.797028143182869826e+04 6.955492217965336295e+02 6.954729519572867558e-01 3.020851226699551861e-01 2.441925372758070242e-03
5.797028347689809743e+04 6.911535039573302583e+02 6.809697050854287559e-01 3.166592805137891653e-01 2.371014400782180728e-03
5.797328356476849876e+04 5.926480668661953359e+02 5.095312042407942332e-01 4.886633873358915969e-01 1.805408423313983792e-03
5.797328561118060315e+04 5.049488064235363822e+02 4.228173781690853783e-01 5.754700902273451879e-01 1.712531603569327106e-03
5.797328765510419908e+04 5.997112088787488346e+02 5.300059934443041021e-01 4.680863294560452248e-01 1.907677099650545612e-03
5.798009512350690056e+04 7.382072008406986470e+02 8.180234366105009203e-01 1.789773830837035618e-01 2.999180305795586064e-03
5.798009717217589787e+04 7.362402816091520208e+02 8.059095285504019879e-01 1.911638869506597227e-01 2.926584498938350140e-03
5.798009921662040142e+04 7.505709751278627664e+02 8.348948012688155451e-01 1.620831071678661972e-01 3.022091563318357859e-03
5.798336581408559869e+04 8.030686199143663089e+02 9.433390432600219366e-01 5.329073912691528747e-02 3.370217613062836612e-03
5.798336786162039789e+04 8.033302061079539271e+02 9.439466554917032015e-01 5.268098126855537411e-02 3.372363239741610862e-03
5.798336990800929925e+04 7.902715659887840047e+02 9.055153650018841205e-01 9.127787415220657563e-02 3.206760845909414036e-03
5.798637001756940299e+04 7.737724258056396138e+02 8.686894176836554848e-01 1.282321458086735089e-01 3.078436507671090429e-03
5.798637209084490314e+04 7.661200737329504591e+02 8.582530751144485937e-01 1.386816834351509431e-01 3.065241450400556927e-03
5.773313283907409641e+04 nan nan nan nan
5.773313491203699959e+04 nan nan nan nan
5.773313695576389728e+04 nan nan nan nan
5.773613697483800206e+04 6.605687641175458111e+02 8.362673536833463706e-01 1.598180962153876727e-01 3.914550101266050380e-03
5.773613904766199994e+04 6.513452166392845584e+02 8.200158015691638713e-01 1.761129626493235234e-01 3.871235781512758801e-03
5.773614109170140000e+04 6.389393211198439531e+02 7.840564554147277931e-01 2.122656178416094941e-01 3.677926743662772620e-03
5.773914103421299660e+04 5.971978272265416763e+02 6.541792455663744121e-01 3.428899642901563349e-01 2.930790143469336629e-03
5.773914310640050098e+04 6.010156833331167263e+02 6.616586783753054535e-01 3.353811011826865474e-01 2.960220442007974011e-03
5.773914515188660152e+04 6.185805792276422608e+02 7.026433517182033572e-01 2.942052379246104521e-01 3.151410357186323376e-03
5.774214593089120171e+04 6.586423586749426704e+02 8.330793758937289351e-01 1.630131052029303029e-01 3.907518903340866101e-03
5.774214797937499679e+04 6.735478428913650077e+02 8.747452826685736538e-01 1.211351277039012519e-01 4.119589627525053512e-03
5.774215002598379942e+04 6.766571546456752912e+02 8.846427557162878097e-01 1.111825360207538832e-01 4.174708262958360012e-03
5.774603153121530340e+04 6.601735112819112601e+02 7.726521795445340235e-01 2.240021780855166733e-01 3.345642369949355238e-03
5.774603357987270283e+04 6.916525885072068149e+02 8.477133678798975946e-01 1.486176154307391195e-01 3.669016689363267629e-03
5.774603562748840341e+04 7.249174223918935240e+02 9.256763654510872241e-01 7.034101416099740323e-02 3.982620387915402141e-03
5.774910287126160256e+04 nan nan nan nan
5.774910491856480076e+04 nan nan nan nan
5.774910696269680193e+04 nan nan nan nan
5.775210701935189718e+04 6.300933208826047576e+02 7.612874910684401808e-01 2.351470513613226898e-01 3.565457570237200082e-03
5.775210909396989882e+04 6.392603477525362905e+02 7.820019182142343706e-01 2.143430787643233193e-01 3.655003021442492731e-03
5.775211113959489739e+04 6.212167262207851763e+02 7.454223528384599229e-01 2.510608592387729154e-01 3.516787922767265328e-03
5.785731888864580105e+04 6.040256368211327072e+02 8.495937004430798023e-01 1.455741600926483970e-01 4.832139464271769519e-03
5.785732096162039670e+04 6.434794061010297810e+02 9.518111678365893669e-01 4.284491244982470415e-02 5.343919713585938529e-03
5.785732303363429673e+04 6.161359477263380313e+02 8.880557720650597009e-01 1.068701746468212477e-01 5.074053288119045359e-03
5.787323558943290118e+04 3.499943595370282310e+02 7.944982092907697524e-01 1.929156845182594116e-01 1.258610619097086554e-02
5.787323766340279690e+04 nan nan nan nan
5.787323970866900345e+04 4.653255792788017402e+02 8.530520347147545479e-01 1.387394458640268669e-01 8.208519421218602591e-03
5.787636561278929730e+04 8.402984157515201105e+02 9.027483684649507678e-01 9.443263870092656609e-02 2.818992834122803579e-03
5.787636768714120262e+04 8.299314534603591937e+02 8.789778659077942535e-01 1.182824589668542148e-01 2.739675125351525176e-03
5.787636973238430073e+04 8.438836941018764719e+02 9.077431865644536302e-01 8.943070746882565702e-02 2.826105966720822947e-03
5.790336961260419775e+04 7.659730802716078415e+02 8.642334200846140124e-01 1.326572791309466037e-01 3.109300784439516553e-03
5.759727180795140157e+04 3.440767041158912889e+02 3.982411757680058839e-01 5.984868534190285194e-01 3.271970812965560669e-03
5.759727385310189857e+04 1.784857806537403064e+02 2.237723661958209431e-01 7.723884995538422560e-01 3.839134250336868979e-03
5.760041507263889798e+04 7.981875360402696060e+02 9.381311463796981887e-01 5.849485529064769179e-02 3.373998329654162055e-03
5.760041711899310030e+04 7.796805829583569221e+02 8.793131620482732558e-01 1.175802664963715161e-01 3.106571455355363470e-03
5.760041916413189756e+04 7.712170409905539827e+02 8.591455490879522650e-01 1.378232976803834831e-01 3.031153231664359543e-03
5.760342213885419915e+04 7.838973817193948435e+02 8.776485416871705469e-01 1.192898439942553512e-01 3.061614318574120037e-03
5.760342418274310330e+04 7.744145751839196237e+02 8.518550044058645909e-01 1.451896249249316484e-01 2.955370669203810988e-03
5.760342622562500037e+04 7.869966991301940880e+02 8.776752015792576023e-01 1.192870663187236974e-01 3.037732102018728553e-03
5.760642632716440130e+04 7.467023728758290417e+02 8.429194837459965672e-01 1.539680492281325364e-01 3.112467025870921129e-03
5.760642838563660189e+04 7.431614683115795970e+02 8.389723712099625974e-01 1.579147903077507131e-01 3.112838482286706815e-03
5.760643043196760118e+04 7.332733074830363194e+02 8.196739892483176915e-01 1.772740552842337336e-01 3.051955467448649525e-03
5.760943056070600142e+04 7.033690678500577178e+02 7.380453656724068612e-01 2.592654088234934706e-01 2.689225504099746703e-03
5.760943263361109712e+04 7.064103116500764372e+02 7.494773773096525815e-01 2.477732688716162146e-01 2.749353818731314469e-03
5.760943467989579949e+04 6.847105819650140575e+02 7.013556987359286232e-01 2.960816458222927383e-01 2.562655441778712625e-03
5.761321910018519702e+04 7.832360501358485863e+02 8.850725039779083758e-01 1.118086064539547675e-01 3.118889568136971185e-03
5.761322127516200271e+04 8.011724195568077675e+02 9.110661283135860211e-01 8.577541112839744131e-02 3.158460558016602197e-03
5.761322332181710226e+04 8.113222923019205837e+02 9.319291928052316765e-01 6.484820534916259371e-02 3.222601845605711605e-03
5.761623691380790115e+04 4.407026449595972508e+02 2.824133873575471188e-01 7.165835989014366358e-01 1.003013741016114653e-03
5.761623896099539706e+04 3.832570624379457627e+02 2.120758416180223704e-01 7.871762821999196413e-01 7.478761820579710954e-04
5.761624100755790278e+04 3.630402913509448695e+02 1.867857308891840429e-01 8.125677142589131652e-01 6.465548519028157907e-04
5.761939315737270226e+04 5.779971802315072864e+02 4.834962693754442653e-01 5.147946503866334123e-01 1.709080237922290350e-03
5.761939520490739960e+04 5.735594558557957043e+02 4.736528181585669683e-01 5.246815040314126710e-01 1.665677810020282793e-03
5.761939725003470085e+04 5.932810756809259374e+02 5.093956858416196498e-01 4.888037144687184532e-01 1.800599689661925608e-03
5.762318496390050132e+04 6.452699279892244704e+02 6.098079640219781217e-01 3.880106577752819308e-01 2.181378202739847356e-03
5.762318700912039640e+04 6.564826863797223950e+02 6.252742369900925468e-01 3.725100058911928746e-01 2.215757118714528282e-03
5.762318905652780086e+04 6.655525798077550235e+02 6.374946664232908899e-01 3.602644669646528075e-01 2.240866612056286074e-03
5.762618919959489722e+04 7.649059741095383060e+02 8.667889423566956797e-01 1.300746084564680383e-01 3.136449186836424725e-03
5.762619125050929870e+04 7.728269638682156710e+02 8.772332165744816113e-01 1.196198088043573388e-01 3.146974621161133245e-03
5.762619330261569849e+04 7.845007693262655266e+02 8.976703669472766434e-01 9.913166097747054539e-02 3.197972075252890605e-03
5.762928869053239760e+04 8.249104755361207708e+02 9.805525553349514478e-01 1.599635890977410199e-02 3.451085755274445419e-03
5.762929076252310188e+04 8.199870120528363486e+02 9.671363169398318194e-01 2.946595142743947335e-02 3.397731632728735480e-03
5.755737465321760101e+04 6.345602240808962051e+02 5.666103358243979038e-01 4.314422831680037040e-01 1.947381007598277458e-03
5.759726976038190332e+04 2.089730769980701837e+02 2.765154101724408564e-01 7.192081177469509257e-01 4.276472080608328084e-03
5.762929280788190226e+04 8.286431464068199375e+02 9.914741160105680073e-01 5.029208630600356077e-03 3.496675358831811790e-03
5.772813550339119683e+04 nan nan nan nan
5.790337165991900110e+04 7.690655010258863058e+02 8.696368239194228744e-01 1.272401413113334601e-01 3.123034769243684169e-03
5.792224230149309733e+04 1.790405470730717923e+02 3.505654341196950408e-01 6.400705308622718359e-01 9.364035018033171898e-03
5.794831686872689897e+04 7.934906056774289027e+02 9.097178108804414576e-01 8.707180163686192853e-02 3.210387482696674174e-03
5.798637413616899721e+04 7.916723872886112758e+02 9.096149527704087134e-01 8.716062561373352779e-02 3.224421615857754435e-03
5.802708766583329998e+04 6.988772565366541585e+02 7.844424742372586579e-01 2.124803803216372966e-01 3.077145441104072853e-03
5.790337370518520038e+04 7.706606679756091580e+02 8.652746616834311455e-01 1.316463416388445329e-01 3.078996677724416160e-03
5.790637381167819694e+04 7.881193738782721994e+02 8.595950846635608267e-01 1.374993444411252708e-01 2.905570895314084270e-03
5.790637585583329928e+04 7.577239052592973394e+02 8.025460212701875928e-01 1.947140103485094087e-01 2.739968381303085638e-03
5.790637790084489825e+04 7.767745100745498803e+02 8.283427910642852110e-01 1.688796844286569732e-01 2.777524507057876988e-03
5.790937800020830036e+04 3.461941149196462675e+02 9.141276739582885336e-01 6.884282243558173531e-02 1.702950360612968950e-02
5.790938007233799726e+04 3.190861669668526588e+02 8.948912363609675680e-01 8.589766539155227476e-02 1.921109824748015726e-02
5.790938211894679989e+04 1.731131103800265407e+02 7.162027149857469466e-01 2.419911860884149113e-01 4.180609892583812132e-02
5.791335360002310335e+04 5.879027077370660663e+02 4.908917881724441101e-01 5.074053153375065461e-01 1.702896490049191948e-03
5.791335564643520047e+04 5.880868387435535851e+02 4.885179411805477545e-01 5.097966480949337464e-01 1.685410724518426407e-03
5.791335771677079902e+04 5.736783694840557928e+02 4.625508487706536664e-01 5.358613005793725348e-01 1.587850649973834762e-03
5.791635771358799684e+04 6.613664788825918777e+02 6.102555651475134457e-01 3.876648972581573926e-01 2.079537594329117830e-03
5.791635976077550004e+04 6.338730754634898403e+02 5.614989715939850967e-01 4.365844748599397307e-01 1.916553546075101680e-03
5.791636182935190300e+04 6.258389450257189992e+02 5.412250381948637834e-01 4.569482996707205369e-01 1.826662134415606197e-03
5.792223818324069725e+04 2.045357813719791693e+02 4.008509144949280456e-01 5.897679630279157870e-01 9.381122477156155284e-03
5.792224023196759663e+04 9.813135954024572527e+01 1.929524294512537930e-01 7.976045157970408361e-01 9.443054751705329264e-03
5.763230957098380168e+04 8.196765095049163392e+02 9.608544286599617346e-01 3.578929392057032116e-02 3.356277419468053132e-03
5.763231162777780264e+04 8.177901172310935181e+02 9.558208439290769576e-01 4.084261161787136607e-02 3.336544453051685025e-03
5.763231367187500291e+04 8.171110843526018925e+02 9.526072646064950300e-01 4.407307840494918694e-02 3.319656988555806914e-03
5.769003383031250269e+04 7.658155883668256365e+02 8.822546956206108737e-01 1.145036464149627731e-01 3.241657964426495914e-03
5.769003590199069731e+04 7.664370362023515781e+02 8.799905600093788083e-01 1.167896266306510389e-01 3.219813359970181890e-03
5.769003794601849950e+04 7.700664081949773845e+02 8.986421508990382057e-01 9.803167598005899097e-02 3.326173120902865387e-03
5.769427015548609779e+04 6.245485594146155108e+02 6.651833173291423762e-01 3.320460566260243218e-01 2.770626044833438169e-03
5.769427222827549849e+04 6.021488860521201332e+02 6.171557831470730893e-01 3.802784956191638255e-01 2.565721233763146834e-03
5.769427429901620053e+04 5.970016568779009276e+02 6.080388626457249313e-01 3.894275304137162497e-01 2.533606940558832087e-03
5.770016264601849980e+04 7.209902758234306930e+02 8.150094718877036737e-01 1.818695254834516717e-01 3.121002628844742229e-03
5.770016469395830063e+04 7.430520508531019459e+02 8.684540514051201088e-01 1.282095121715389752e-01 3.336436423340929502e-03
5.770016674040509679e+04 7.497438116859980255e+02 8.836192240362978900e-01 1.129881797816964240e-01 3.392596182005852556e-03
5.770321977893519943e+04 nan nan nan nan
5.770322185409720259e+04 nan nan nan nan
5.770322392438659881e+04 nan nan nan nan
5.770724706540509942e+04 nan nan nan nan
5.770724911196759786e+04 nan nan nan nan
5.770725116266200348e+04 nan nan nan nan
5.771122231931710121e+04 5.589080920683688873e+02 5.488007331312918513e-01 4.488443465999978899e-01 2.354920268710370291e-03
5.771122439228009898e+04 5.436361605677321904e+02 5.224810828873110991e-01 4.752628495284191290e-01 2.256067584269869954e-03
5.771122646682870254e+04 5.238281251855710252e+02 4.865022074399606988e-01 5.113910103525247663e-01 2.106782207514489285e-03
5.771422651776619750e+04 nan nan nan nan
5.771422857567130268e+04 nan nan nan nan
5.771423062320600002e+04 nan nan nan nan
5.772020971459490102e+04 6.272040040951338824e+02 7.191989686446592644e-01 2.775895300387969389e-01 3.211501316543841338e-03
5.772021178789350233e+04 6.241088488774137204e+02 7.124297656115047284e-01 2.843875683574639823e-01 3.182666031031349593e-03
5.772021386024310050e+04 6.107729232513592024e+02 6.848321765555729357e-01 3.120971304357105236e-01 3.070693008716576713e-03
5.772421063494210102e+04 nan nan nan nan
5.772421270884259866e+04 nan nan nan nan
5.772813138064809755e+04 nan nan nan nan
5.772813342998839653e+04 nan nan nan nan
5.799016862412040064e+04 8.313515542457886340e+02 9.899672058158414112e-01 6.569416715950554715e-03 3.463377468208141217e-03
5.799017067341440270e+04 8.297432492042187278e+02 9.881417903110407686e-01 8.394203053757291408e-03 3.464006635202049322e-03
5.799017272325229715e+04 8.282909797249849362e+02 9.828263269190389284e-01 1.373480642495702488e-02 3.438866656004136487e-03
5.799317281408570125e+04 nan nan nan nan
5.799317489197920077e+04 nan nan nan nan
5.799317696175930178e+04 nan nan nan nan
5.799617709755789838e+04 nan nan nan nan
5.799617914864580234e+04 1.951051074774388780e+02 3.443746502405806709e-01 6.480159095291624372e-01 7.609440230256840805e-03
5.799618119494210259e+04 3.329626618115819952e+02 5.010511656062575092e-01 4.934178718039398670e-01 5.530962589802643735e-03
5.800014257973380154e+04 nan nan nan nan
5.800014462671300134e+04 nan nan nan nan
5.800014669960649917e+04 nan nan nan nan
5.800314683020830125e+04 7.526247022177329882e+02 8.616603112815673926e-01 1.351382670566038113e-01 3.201421661828829889e-03
5.800314890200230002e+04 8.087858952663808623e+02 9.695709632970505032e-01 2.691893499313144714e-02 3.510101709818201025e-03
5.800315097386569687e+04 7.534375987795805258e+02 8.479648678429297926e-01 1.489413567872433508e-01 3.093775369826988041e-03
5.800711306057869660e+04 8.143449274009864212e+02 9.887238636161542749e-01 7.675652438920405919e-03 3.600483944925475348e-03
5.800711510732639726e+04 8.075128014177449813e+02 9.659982428217309680e-01 3.050648115306518401e-02 3.495276025203932976e-03
5.800711715050930070e+04 8.076553329732323618e+02 9.527744770826911402e-01 4.382648713626820930e-02 3.399035781040757147e-03
5.801011732460650092e+04 nan nan nan nan
5.801011937150460290e+04 nan nan nan nan
5.801012141791670001e+04 nan nan nan nan
5.801707824304400128e+04 nan nan nan nan
5.801708028812499833e+04 nan nan nan nan
5.801708233447920065e+04 nan nan nan nan
5.802104939627309795e+04 nan nan nan nan
5.802105144168980041e+04 nan nan nan nan
5.802105348754629813e+04 nan nan nan nan
5.802408142475689965e+04 6.346827208612443201e+02 9.242616493120897614e-01 7.055865609547445905e-02 5.179694592435782168e-03
5.802408347208330088e+04 6.242073451436242522e+02 9.513351311649707043e-01 4.299155305867091714e-02 5.673315776358473124e-03
5.802408551613429881e+04 6.011465337535250910e+02 9.167629955535909758e-01 7.755657601526251554e-02 5.680428431146467005e-03
5.802708559285879892e+04 6.977815488431355107e+02 7.814500361450208432e-01 2.154866527491732797e-01 3.063311105805981583e-03
5.802708970991899696e+04 7.275444047234695972e+02 8.451236083782054376e-01 1.515806808269196948e-01 3.295710794874996425e-03
5.804723603105320217e+04 7.158566677466717465e+02 8.207106880368263413e-01 1.760789376897259617e-01 3.210374273447820590e-03
5.804723807749999833e+04 7.507965236046252357e+02 9.044522289173081431e-01 9.200327584129813774e-02 3.544495241393874879e-03
5.804724014932870341e+04 7.215571216816666720e+02 8.336636048509928898e-01 1.630760176596042499e-01 3.260377489403000397e-03
5.805024026468749798e+04 3.699270860667865577e+02 6.083725730784528274e-01 3.850214868807318447e-01 6.605940040815337470e-03
5.805024233653939882e+04 6.373358115809060109e+02 7.770557108831512849e-01 2.193135478093948543e-01 3.630741307453987446e-03
5.805024438494210335e+04 6.648448510798375537e+02 7.873844887309400242e-01 2.091897213447543591e-01 3.425789924305749825e-03
5.805327577043980273e+04 6.804151180591680941e+02 7.809633079258659905e-01 2.158190258810712414e-01 3.217666193062782010e-03
5.805327784341439838e+04 5.156938230686316729e+02 6.792302821819264924e-01 3.165325286077953493e-01 4.237189210278127956e-03
5.805327991408570233e+04 6.686243495434241595e+02 7.572162763629498583e-01 2.396511366372366947e-01 3.132586999813489082e-03
5.805628832104169851e+04 6.414576812379309558e+02 7.016323760591264280e-01 2.954454177354208233e-01 2.922206205452751275e-03
5.805629039309029758e+04 6.596105347186049812e+02 7.417876607174516135e-01 2.551233835811211326e-01 3.088955701427436532e-03
5.805629246236110339e+04 6.658227554623342712e+02 7.597611404909714317e-01 2.370585856211434028e-01 3.180273887885203248e-03
5.806222355206019711e+04 4.415304434539393128e+02 3.278929257844107603e-01 6.707600654435311727e-01 1.347008772058013023e-03
5.806222562383100012e+04 4.501487814279677764e+02 3.412031398585579911e-01 6.573935892473400378e-01 1.403270894101906092e-03
5.806222766803239938e+04 4.324146660135456273e+02 3.149305822494963270e-01 6.837738608894218251e-01 1.295556861081725679e-03
5.806522972351850331e+04 5.311779035630536328e+02 5.337897873195834864e-01 4.637436727148033788e-01 2.466539965613235436e-03
5.806523176767359837e+04 5.193459737399355163e+02 5.189606336037326795e-01 4.786005285314295921e-01 2.438837864837869410e-03
5.806523383688659669e+04 5.165746058102877214e+02 5.312631240701212176e-01 4.661535400573707522e-01 2.583335872508100029e-03
5.806823395875000278e+04 6.582993651759719569e+02 7.691647847303128005e-01 2.275008010512174217e-01 3.334414218469713195e-03
5.806823600857640122e+04 6.574170143781001343e+02 7.644015225058936602e-01 2.322963879626585293e-01 3.302089531447927138e-03
5.806823805357640231e+04 6.319561478219147830e+02 7.085284384073103903e-01 2.884013498853045254e-01 3.070211707385154566e-03
5.807123806574069749e+04 7.111783215543349570e+02 9.152472595470458883e-01 8.070747065783402674e-02 4.045269795120190817e-03
5.807124011413189874e+04 7.095431800064440040e+02 9.192654303446637920e-01 7.663487195959574338e-02 4.099697695740645888e-03
5.807124218600690074e+04 6.976668540960449718e+02 8.838421648497127858e-01 1.122378818872467737e-01 3.919953263040661627e-03
5.755737672369209758e+04 6.518596764278646560e+02 5.948520723494701290e-01 4.031139912845944084e-01 2.033936365935473840e-03
5.756133022916669870e+04 3.738039633496501892e+02 1.967766999730550803e-01 8.025464582150020343e-01 6.768418119428500513e-04
5.756133227755789994e+04 3.658181548447891487e+02 1.879581360753003472e-01 8.113970723018445463e-01 6.447916228550172645e-04
5.756133432156249910e+04 3.710945849212527605e+02 1.931936694834038015e-01 8.061443515573708529e-01 6.619789592252912349e-04
5.756640274435179890e+04 7.334964768379667248e+02 7.670082332921326351e-01 2.303210266256888183e-01 2.670740082178625456e-03
5.756640565740739839e+04 7.137696818439375193e+02 7.187993579905106456e-01 2.787236374595525867e-01 2.477004549936817537e-03
5.756640813357639854e+04 7.448809185901011460e+02 7.882565848936688990e-01 2.090082146930439255e-01 2.735200413287235295e-03
5.756940826380789804e+04 6.363745266733351400e+02 8.424256393481290850e-01 1.532941492917030690e-01 4.280211360168020319e-03
5.756941031233799731e+04 6.911001173063848455e+02 8.361917913332636010e-01 1.602325380687220635e-01 3.575670598014371506e-03
5.756941235986109677e+04 7.049326372835961365e+02 8.814548129733053017e-01 1.147263378406600670e-01 3.818849186034669035e-03
5.757335477071759669e+04 nan nan nan nan
5.757335681866900268e+04 nan nan nan nan
5.757335886174769985e+04 nan nan nan nan
5.757635904164350359e+04 7.894751294995240869e+02 8.838339904350477338e-01 1.131048065675067799e-01 3.061202997445575634e-03
5.757636109031250089e+04 7.696586467649590304e+02 8.365551878264216867e-01 1.605593158526359976e-01 2.885496320942320010e-03
5.757636313547450118e+04 7.769249963090619531e+02 8.518510441449516080e-01 1.452126805786778940e-01 2.936275276370438597e-03
5.758129654758099787e+04 6.856358591583169755e+02 6.979682180310283757e-01 2.995006669243044928e-01 2.531115044667227396e-03
5.758129862053239776e+04 6.860716924254297737e+02 6.913858304418657452e-01 3.061337246518251454e-01 2.480444906309079052e-03
5.758130066709490347e+04 6.888962308044501697e+02 6.868111914259797945e-01 3.107611100941345961e-01 2.427698479885672701e-03
5.758430065474539879e+04 6.581197849019412160e+02 6.263490035379176701e-01 3.714386633245003733e-01 2.212333137581908027e-03
5.758430269878469699e+04 6.659090045209489972e+02 6.413036594856339478e-01 3.564310427402890280e-01 2.265297774076848077e-03
5.758430476832180284e+04 6.604889801635218873e+02 6.278481096547358087e-01 3.699448734041279052e-01 2.207016941136273527e-03
5.758735471921299904e+04 nan nan nan nan
5.758735676368059649e+04 nan nan nan nan
5.758735880907410319e+04 nan nan nan nan
5.759041060892360110e+04 3.536458381771172981e+02 3.019693534811319635e-01 6.962498419047977727e-01 1.780804614070124808e-03
5.759041265638890036e+04 4.752709923794310498e+02 3.981593289347262754e-01 6.001264816399158875e-01 1.714189425357859255e-03
5.759041472459489887e+04 4.050599405397221631e+02 3.537490625110081832e-01 6.443880799534409398e-01 1.862857535550842486e-03
5.759342014512729656e+04 8.326004369506372313e+02 9.678242668412639915e-01 2.887547903391013762e-02 3.300254124825883865e-03
5.759342219388890226e+04 8.310890412011065109e+02 9.648191248275228560e-01 3.188914420888411261e-02 3.291730963593212690e-03
5.759342423879630223e+04 8.144215445073072033e+02 9.254670951084816855e-01 7.137898183950333597e-02 3.153923052015053172e-03
5.792526005879630247e+04 7.409760044617535186e+02 9.133248881695534838e-01 8.296429144758800389e-02 3.710820382858649822e-03
5.792526223586809647e+04 7.374551977558331828e+02 9.081146502690912170e-01 8.818163337760019649e-02 3.703716353308733958e-03
5.792526430643520143e+04 7.235675628284901677e+02 9.374665144735855327e-01 5.843351262542123559e-02 4.099972900993432111e-03
5.793327861822919658e+04 7.491262689266933421e+02 8.850812102988359076e-01 1.115093436219459638e-01 3.409446079218228336e-03
5.793328153189810109e+04 7.588071724932292454e+02 9.006185661122947383e-01 9.594073574040516694e-02 3.440698147300218744e-03
5.793328357708329713e+04 7.633180368083918665e+02 9.019002301705237867e-01 9.468993311022090575e-02 3.409836719255324427e-03
5.793628368734950345e+04 8.317674957550091221e+02 9.899748140849894407e-01 6.565218257523745653e-03 3.459967657486909525e-03
5.793628576050930133e+04 8.332109829608756399e+02 9.825811390632429587e-01 1.402218189140067538e-02 3.396679045356440496e-03
5.793628783324069809e+04 8.412038662835359446e+02 9.951341116525881381e-01 1.447760175879159953e-03 3.418128171532841195e-03
5.794228447361110011e+04 nan nan nan nan
5.794228652329860051e+04 4.369510034792425017e+02 3.777623261775100438e-01 6.204120998179315505e-01 1.825574004558381831e-03
5.794228856964119768e+04 nan nan nan nan
5.794528865236110141e+04 4.522128414054983523e+02 3.206416423848161279e-01 6.781304047288904124e-01 1.227952886293340404e-03
5.794529069642360264e+04 4.286602091253413960e+02 2.937117642541348661e-01 7.051415511511049949e-01 1.146684594760009066e-03
5.794529273826390272e+04 4.418210969441860811e+02 3.112464722024200214e-01 6.875414133907546965e-01 1.212114406825202245e-03
5.794831481783559866e+04 7.815353901286455311e+02 8.858200728433780480e-01 1.110421552253023775e-01 3.137771931319647840e-03
