5.834822258515049907e+04 2.130100935898076955e+02 7.755253981245961992e-01 2.086105032439448947e-01 1.586409863145882629e-02
5.834822050653940096e+04 2.065790395342910699e+02 7.706269292789477143e-01 2.127182649745830156e-01 1.665480574646918677e-02
5.835128803995370254e+04 2.583028162997705977e+02 8.119954784108903700e-01 1.761775744400492505e-01 1.182694714906025978e-02
5.799618119494210259e+04 1.501626723700615003e+02 6.168484756298935334e-01 3.629559257121109939e-01 2.019559865799555251e-02
5.799617914864580234e+04 nan nan nan nan
5.800014257973380154e+04 3.019994419466436284e+02 8.154155898703360217e-01 1.758593293393010959e-01 8.725080790362944871e-03
5.790937800020830036e+04 nan nan nan nan
5.790637585583329928e+04 3.232192258055149523e+02 8.683976427008887056e-01 1.229632947701145562e-01 8.639062528996781579e-03
5.790637790084489825e+04 3.256603894201971912e+02 8.642167286162831807e-01 1.273549870447736321e-01 8.428284338943305143e-03
5.774603153121530340e+04 nan nan nan nan
5.774214797937499679e+04 2.796364843686819199e+02 8.328263383859936253e-01 1.565580516624909546e-01 1.061560995151530906e-02
5.774215002598379942e+04 2.797807265198308073e+02 8.354175562087146067e-01 1.539116844532984196e-01 1.067075933798697709e-02
5.795131904060189845e+04 3.061224345534471922e+02 8.548147260618674803e-01 1.358532167752364295e-01 9.332057162896029504e-03
5.794831686872689897e+04 3.136519275969038745e+02 8.628851125800670596e-01 1.280568575707189682e-01 9.058029849214090101e-03
5.794831891516200267e+04 3.185812735809553260e+02 8.708629676677474007e-01 1.201940396560942925e-01 8.942992676158252954e-03
5.827427206804400339e+04 2.613082263622686696e+02 7.929019594442072716e-01 1.960786764126014325e-01 1.101936414319125597e-02
5.827427001928239770e+04 2.616037721800877307e+02 7.951876119535536969e-01 1.937544303438867854e-01 1.105795770255950904e-02
5.827735675774310221e+04 2.669099578756992628e+02 8.195472786380546548e-01 1.691692640920408330e-01 1.128345726990446531e-02
5.804723603105320217e+04 2.992624518303219361e+02 8.474580905416408960e-01 1.429444625599932128e-01 9.597446898365880746e-03
5.802708970991899696e+04 nan nan nan nan
5.802708766583329998e+04 nan nan nan nan
5.808221538364580192e+04 2.906561370469477197e+02 8.267536013764784641e-01 1.635632429653906816e-01 9.683155658130783092e-03
5.808622070533560327e+04 2.747440492929856646e+02 7.723884244295649015e-01 2.181527189910968667e-01 9.458856579338195333e-03
5.808221331371529959e+04 2.830731600036786517e+02 8.223782394327378009e-01 1.675206400856696087e-01 1.010112048159248453e-02
5.802105348754629813e+04 3.028393136077232839e+02 8.524052980566975135e-01 1.381128866400096744e-01 9.481815303292805142e-03
5.802408142475689965e+04 nan nan nan nan
5.802105144168980041e+04 3.034063511779894498e+02 8.544964377358097440e-01 1.360107499372781026e-01 9.492812326912099599e-03
5.760643043196760118e+04 3.120769003521252216e+02 8.658143389700968529e-01 1.249737440046841674e-01 9.211917025218886029e-03
5.760642838563660189e+04 3.120175895781719078e+02 8.615347384393214902e-01 1.293407179924636330e-01 9.124543568214949635e-03
5.760943056070600142e+04 3.152838185977932426e+02 8.532068359418312209e-01 1.380286265087005138e-01 8.764537549468336478e-03
5.827736085368059867e+04 2.726090775341426138e+02 8.265259543691311217e-01 1.624724397680265275e-01 1.100160586284231953e-02
5.828425685040510143e+04 2.691211591820073750e+02 8.357227433345779666e-01 1.527360167275576830e-01 1.154123993786429665e-02
5.827735880615739734e+04 2.722315959808688035e+02 8.251796203829714349e-01 1.638241539064196894e-01 1.099622571060878892e-02
5.801012141791670001e+04 3.204839225759526471e+02 8.768682411458901260e-01 1.141723386947149088e-01 8.959420159394982514e-03
5.801707824304400128e+04 3.101454112285135238e+02 8.594708809413308392e-01 1.313382763911259687e-01 9.190842667543157318e-03
5.801011937150460290e+04 3.133244375024930832e+02 8.684339536720624420e-01 1.223719559268720419e-01 9.194090401065427645e-03
5.807124011413189874e+04 2.840841262670110723e+02 8.336457116044757587e-01 1.560482246787536498e-01 1.030606371677061581e-02
5.807520775504630001e+04 2.998310483006220579e+02 8.531194605722910440e-01 1.371912883877306755e-01 9.689251039978266644e-03
5.807124218600690074e+04 2.844791253760459995e+02 8.344349316840486974e-01 1.552681359069770506e-01 1.029693240897421383e-02
5.770321977893519943e+04 2.888241756510322489e+02 7.941657101179101508e-01 1.967857418710332040e-01 9.048548011056695498e-03
5.770016674040509679e+04 nan nan nan nan
5.770016469395830063e+04 2.991368174989302133e+02 8.354230907003614703e-01 1.552422831588920193e-01 9.334626140746347250e-03
5.791636182935190300e+04 3.253874330518460738e+02 8.468200679048571988e-01 1.450739722486104055e-01 8.105959846532334936e-03
5.791635976077550004e+04 3.222284107203115013e+02 8.485210797937497995e-01 1.431800049405604625e-01 8.298915265689750173e-03
5.792223818324069725e+04 nan nan nan nan
5.771122439228009898e+04 2.838662416225284346e+02 8.191532019276592802e-01 1.708806694498894163e-01 9.966128622451301752e-03
5.771422651776619750e+04 2.701131192019742571e+02 8.179871178498111517e-01 1.710373575053154571e-01 1.097552464487333221e-02
5.771122646682870254e+04 2.817473757054227690e+02 8.142278787057773970e-01 1.757768198930259873e-01 9.995301401196478655e-03
5.799017272325229715e+04 3.116346603380368379e+02 8.680626789266021603e-01 1.226511992287973724e-01 9.286121844600410055e-03
5.799317281408570125e+04 3.156862779192282460e+02 8.745428081325324898e-01 1.162722914269165714e-01 9.184900440550872874e-03
5.799017067341440270e+04 3.133421867689394844e+02 8.691728177945192702e-01 1.216184838160302706e-01 9.208698389450393346e-03
5.798336786162039789e+04 3.151762380104302110e+02 8.611432577057116511e-01 1.299222970104368380e-01 8.934445283851517872e-03
5.798637001756940299e+04 3.227545429095445684e+02 8.641361953198090085e-01 1.272846720450173663e-01 8.579132635173750132e-03
5.798336990800929925e+04 3.164506101347664639e+02 8.602305664431436627e-01 1.309255791824444348e-01 8.843854374411930230e-03
5.797027938540509786e+04 3.181354229316535225e+02 8.614084089875554406e-01 1.298171820176291513e-01 8.774408994815503446e-03
5.796527198114580096e+04 9.765752836746190724e+01 5.230667765878287412e-01 4.425990550731198625e-01 3.433416833905150733e-02
5.796526993535880320e+04 1.390774040422319615e+02 6.410942227556838402e-01 3.334753127921297744e-01 2.543046445218640622e-02
5.801011732460650092e+04 3.136183896951255861e+02 8.689473166890800959e-01 1.218649671735198420e-01 9.187716137399942404e-03
5.800711715050930070e+04 3.106630848412685282e+02 8.658400359849677264e-01 1.248634582452135267e-01 9.296505769818762602e-03
5.800711510732639726e+04 3.060340003975961736e+02 8.597289585905681930e-01 1.308259216396561175e-01 9.445119769775620067e-03
5.828426096879629767e+04 2.710219788313617073e+02 8.351639660274805532e-01 1.534713283905126402e-01 1.136470558200674934e-02
5.828823795074070222e+04 2.655941196360572576e+02 8.330420693722172532e-01 1.551840216294458064e-01 1.177390899833687110e-02
5.828425889914349682e+04 2.659559439795704066e+02 8.327313131185143380e-01 1.555355508348860716e-01 1.173313604659960777e-02
5.808221126275460119e+04 nan nan nan nan
5.807822652960650157e+04 2.862873285269553776e+02 8.305151545422929660e-01 1.594128716414328351e-01 1.007197381627416080e-02
5.807822860027779825e+04 2.848298719154029186e+02 8.260039139182586698e-01 1.639310147237337534e-01 1.006507135800755771e-02
5.761623896099539706e+04 3.088051415100163126e+02 8.261745180436113056e-01 1.652590836552666198e-01 8.566398301122168241e-03
5.761939315737270226e+04 2.979446494998512662e+02 7.852707827724442202e-01 2.064155734143480470e-01 8.313643813207722416e-03
5.761624100755790278e+04 3.072248137592677040e+02 8.236313866511290049e-01 1.677670594673295601e-01 8.601553881541438434e-03
5.808622277482639765e+04 2.754120904929256994e+02 7.709228847586205857e-01 2.196997768280726515e-01 9.377338413306766235e-03
5.809021082665510039e+04 2.733358643851869374e+02 7.690696581238446461e-01 2.214557211523367486e-01 9.474620723818624399e-03
5.811209502422450169e+04 2.866848847417352886e+02 8.290073004389024725e-01 1.609850788828807722e-01 1.000762067821662875e-02
5.811209296942129731e+04 2.866614887109069514e+02 8.368062522474771781e-01 1.529952819040788781e-01 1.019846584844382766e-02
5.811509514637730172e+04 2.962098539072539438e+02 8.410395878953247362e-01 1.493119612215845493e-01 9.648450883090733607e-03
5.787636973238430073e+04 3.426290510550460340e+02 8.751169730228193222e-01 1.170756065895786763e-01 7.807420387602030144e-03
5.787636768714120262e+04 3.434612810717393927e+02 8.745983579115655937e-01 1.176412178878854242e-01 7.760424200549135600e-03
5.790336961260419775e+04 2.971874156514638798e+02 8.512256078074571519e-01 1.389557316226725792e-01 9.818660569870223814e-03
5.773313695576389728e+04 2.692219226496384863e+02 7.989438709560099383e-01 1.905162551913733571e-01 1.053987385261666646e-02
5.773613697483800206e+04 2.689665230328599819e+02 7.856602462073802862e-01 2.041280827310740786e-01 1.021167106154566642e-02
5.773313491203699959e+04 2.635789331547346137e+02 7.856675366882320821e-01 2.036988725370217357e-01 1.063359077474616311e-02
5.832431320015050005e+04 2.595375258110730670e+02 7.872008213302066348e-01 2.017889972828700029e-01 1.101018138692335356e-02
5.832827059204859688e+04 2.467247732557550819e+02 7.411609629669048127e-01 2.480390490115818580e-01 1.079998802151329804e-02
5.832431525006939773e+04 2.585039991399606265e+02 7.831996546192289133e-01 2.058144828753435962e-01 1.098586250542747840e-02
5.774910491856480076e+04 2.706001169494817873e+02 8.210006419280311274e-01 1.679825762042113646e-01 1.101678186775750280e-02
5.774910696269680193e+04 2.734467444710655855e+02 8.228899571428832660e-01 1.662717289131770970e-01 1.083831394393962484e-02
5.775210701935189718e+04 2.708111046935014770e+02 8.252851857726350993e-01 1.636000852235134362e-01 1.111472900385132405e-02
5.827123162187499838e+04 nan nan nan nan
5.760342418274310330e+04 3.227673097599572998e+02 8.697695579439880254e-01 1.215397764725738711e-01 8.690665583438145214e-03
5.760642632716440130e+04 3.135712733028263983e+02 8.686862440697783461e-01 1.221288002146231622e-01 9.184955715598385959e-03
5.760342622562500037e+04 3.250323791544661276e+02 8.727652161243528717e-01 1.186056874531569716e-01 8.629096422490160206e-03
5.834821840804399835e+04 2.267076605809251362e+02 7.928777167405294257e-01 1.924835414450700444e-01 1.463874181440047960e-02
5.769003794601849950e+04 3.087738337248851508e+02 8.542673854443451065e-01 1.365718781023433914e-01 9.160736453311429245e-03
5.769003590199069731e+04 3.123960552032838791e+02 8.564967501700261332e-01 1.345069468438681026e-01 8.996302986105819688e-03
5.769427015548609779e+04 2.921843387282999629e+02 8.235160730345434388e-01 1.669766967705025029e-01 9.507230194953916053e-03
5.787636561278929730e+04 3.438254742323296114e+02 8.779094964144713575e-01 1.142877640596817734e-01 7.802739525846995663e-03
5.787323766340279690e+04 nan nan nan nan
5.787323970866900345e+04 nan nan nan nan
5.791335564643520047e+04 3.181255988718262984e+02 8.475938863158901659e-01 1.439103560674789561e-01 8.495757616631040982e-03
5.791335771677079902e+04 3.189181520009222481e+02 8.451820696918582732e-01 1.464123870147858164e-01 8.405543293356005849e-03
5.791635771358799684e+04 3.269123774554651050e+02 8.609957690759002524e-01 1.307026076045189333e-01 8.301623319580890559e-03
5.806823395875000278e+04 nan nan nan nan
5.806523176767359837e+04 nan nan nan nan
5.806523383688659669e+04 nan nan nan nan
5.797028347689809743e+04 3.196322882124982812e+02 8.641760994801107598e-01 1.270755347828977644e-01 8.748365736991539979e-03
5.797028143182869826e+04 3.161640202141072677e+02 8.562671712509405397e-01 1.349543873558133600e-01 8.778441393246122840e-03
5.797328356476849876e+04 nan nan nan nan
5.790637381167819694e+04 3.269929292977223554e+02 8.700678303771217648e-01 1.214588572668436339e-01 8.473312356034606516e-03
5.790337165991900110e+04 2.972827521446733954e+02 8.462047784953680152e-01 1.440982696764578908e-01 9.696951828174029883e-03
5.790337370518520038e+04 3.026506790649382879e+02 8.539120104641484410e-01 1.365607594050949058e-01 9.527230130756646209e-03
5.774603562748840341e+04 2.789805231671756474e+02 8.278202031036453468e-01 1.616420444770635401e-01 1.053775241929108368e-02
5.774910287126160256e+04 2.693094500823452222e+02 8.195592007901749687e-01 1.693571903442493420e-01 1.108360886557574303e-02
5.774603357987270283e+04 nan nan nan nan
5.806823600857640122e+04 nan nan nan nan
5.807123806574069749e+04 2.839341415050500359e+02 8.298044420138038779e-01 1.599734610908170318e-01 1.022209689537906079e-02
5.806823805357640231e+04 2.847286412999207528e+02 8.320589511582562325e-01 1.577206086847735278e-01 1.022044015697023793e-02
5.770322392438659881e+04 2.879164165880362134e+02 8.022050896685112287e-01 1.885039268851725347e-01 9.290983446316168973e-03
5.770724706540509942e+04 2.658081667230858898e+02 7.637826514540814182e-01 2.263357625170905607e-01 9.881586028828034940e-03
5.770322185409720259e+04 2.897646979412785981e+02 8.037553587596161231e-01 1.870363185189821975e-01 9.208322721401620420e-03
5.794228447361110011e+04 nan nan nan nan
5.793628576050930133e+04 3.219964082834931105e+02 8.642805443967722656e-01 1.270969966440241850e-01 8.622458959203735049e-03
5.793628783324069809e+04 3.260534466097163886e+02 8.797413679208957449e-01 1.115458639840201244e-01 8.712768095084141157e-03
5.832827263697919989e+04 2.490447210112805294e+02 7.547037276598623778e-01 2.343056565443562556e-01 1.099061579578129548e-02
5.832827470641199761e+04 2.482958591946165825e+02 7.358624261813191403e-01 2.536257513113032158e-01 1.051182250737759012e-02
5.833127475625000079e+04 2.638643792023796664e+02 8.296350732028190400e-01 1.585335198395630696e-01 1.183140695761780888e-02
5.769003383031250269e+04 3.145287038763080432e+02 8.679482324638225776e-01 1.229381501330856774e-01 9.113617403091776176e-03
5.763231367187500291e+04 3.219445145280292309e+02 8.646766433692704146e-01 1.266902100753507787e-01 8.633146555378929873e-03
5.763231162777780264e+04 3.218721945831030098e+02 8.614538177385291373e-01 1.299734197093516397e-01 8.572762552119344431e-03
5.796526788873840269e+04 1.110657791070791944e+02 5.541261516547502097e-01 4.160831642675813513e-01 2.979068407766838691e-02
5.796226476614580315e+04 2.833771376683123435e+02 8.425839034029910524e-01 1.468352500758895451e-01 1.058084652111928800e-02
5.796226272096070170e+04 2.869213971388198274e+02 8.455243671047024678e-01 1.440824134020147473e-01 1.039321949328282819e-02
5.793328357708329713e+04 2.953126109448727448e+02 8.602174986099712095e-01 1.296275867809164595e-01 1.015491460911224948e-02
5.793328153189810109e+04 2.921070870485928594e+02 8.518845981066112127e-01 1.379364968722301132e-01 1.017890502115861504e-02
5.793628368734950345e+04 3.195574097233858311e+02 8.739588743387119996e-01 1.170893760532191880e-01 8.951749608068998096e-03
5.831828496164349781e+04 nan nan nan nan
5.831336456532409647e+04 2.673068684025213884e+02 8.303051235565156452e-01 1.581476171859582669e-01 1.154725925752597693e-02
5.831336252050929761e+04 2.676518853023264910e+02 8.266211136955866623e-01 1.619633560032297526e-01 1.141553030118364585e-02
5.795435120121530053e+04 2.586165931285885904e+02 8.134609812199325996e-01 1.746981274063706402e-01 1.184089137369668567e-02
5.795825557232640131e+04 3.168661384674185229e+02 8.662176127136616000e-01 1.248385050069221874e-01 8.943882279416172712e-03
5.795434915491900028e+04 2.836550387421305004e+02 8.401189299565162694e-01 1.493826425564587224e-01 1.049842748702490072e-02
5.807521185368060105e+04 2.971232065227154635e+02 8.489668966392234228e-01 1.412622592778630948e-01 9.770844082913485856e-03
5.807520980290509760e+04 2.955420872034674744e+02 8.446863056337674536e-01 1.455373621456018396e-01 9.776332220630666939e-03
5.807822445435189729e+04 2.855409234786748698e+02 8.203319292263401286e-01 1.697901343010096431e-01 9.877936472650155481e-03
5.762619125050929870e+04 3.032024202434149629e+02 8.563975485245457486e-01 1.340545216008355578e-01 9.547929874618643273e-03
5.762928869053239760e+04 3.185248450110364615e+02 8.730873584889673467e-01 1.179207203375314816e-01 8.991921173501327830e-03
5.762619330261569849e+04 3.050035220437050612e+02 8.635333125316410063e-01 1.268732952589869956e-01 9.593392209371914836e-03
5.796226067233800131e+04 2.522835395864741770e+02 8.215508794661289249e-01 1.657575661342829965e-01 1.269155439958796067e-02
5.795825969094909669e+04 3.188295069967480799e+02 8.730386441515820550e-01 1.179876126485707027e-01 8.973743199847266511e-03
5.795825764436340251e+04 3.169106812067277019e+02 8.747207924201853002e-01 1.161614327440899097e-01 9.117774835724793553e-03
5.792224023196759663e+04 nan nan nan nan
5.792224230149309733e+04 nan nan nan nan
5.792526005879630247e+04 2.982595163737017856e+02 8.556760918775456748e-01 1.344735075025433324e-01 9.850400619910978928e-03
5.772813342998839653e+04 2.774185975587124631e+02 8.186238384840660576e-01 1.709548747258385903e-01 1.042128679009525147e-02
5.772813550339119683e+04 2.786935499961444407e+02 8.214015376323325901e-01 1.682021120598476971e-01 1.039635030781969026e-02
5.773313283907409641e+04 2.443375700474499297e+02 7.657577512527402597e-01 2.224871571049366892e-01 1.175509164232304768e-02
5.835129213258100208e+04 2.586381584940645553e+02 8.100654365574335714e-01 1.781942761963195565e-01 1.174028724624681143e-02
5.835129008620369859e+04 2.625993133181845565e+02 8.234251670553276448e-01 1.648073163888784110e-01 1.176751655579380898e-02
5.822336692063660303e+04 2.694920569815532758e+02 8.294401325367550815e-01 1.592227703121703031e-01 1.133709715107456516e-02
5.822336899138890294e+04 2.654442898650447091e+02 8.108739278199940115e-01 1.779578610472486999e-01 1.116821113275726432e-02
5.823538053755790315e+04 nan nan nan nan
5.833824304113430117e+04 2.678824963427422290e+02 8.342421223532789920e-01 1.541508967150253262e-01 1.160698093169562801e-02
5.833824508746530046e+04 2.676387974706997852e+02 8.248552156717684491e-01 1.637768638488264761e-01 1.136792047940504875e-02
5.834136736096059758e+04 2.678940084499797081e+02 8.265963135544600604e-01 1.620094653039241828e-01 1.139422114161571346e-02
5.795434710633099894e+04 2.861525145395488039e+02 8.429347328838892039e-01 1.466800284357236972e-01 1.038523868038702946e-02
5.795132316312500188e+04 3.128885934465798755e+02 8.603572038884139683e-01 1.305937697364475680e-01 9.049026375138430681e-03
5.795132111849539797e+04 3.138311852566109224e+02 8.677534170887157838e-01 1.230965177253126319e-01 9.150065185971497511e-03
5.832129183077550260e+04 2.554745498618119370e+02 8.159724518862291331e-01 1.718185669048731823e-01 1.220898120889759263e-02
5.832129390026620240e+04 2.297427968973348698e+02 7.943797575974539393e-01 1.913116719206220395e-01 1.430857048192409921e-02
5.832431115395829693e+04 2.526024994059485493e+02 7.584210127300321513e-01 2.307902865913328549e-01 1.078870067863497463e-02
5.809417043305560219e+04 2.867484575985774313e+02 8.069874535916667924e-01 1.835337083989991847e-01 9.478838009333911963e-03
5.805629246236110339e+04 2.975799280216302236e+02 8.249988919252215780e-01 1.658024774751307995e-01 9.198630599647665898e-03
5.805629039309029758e+04 2.944123668757503083e+02 8.174207441152083753e-01 1.733534793865581236e-01 9.225776498233383138e-03
5.806222355206019711e+04 2.986948216180931581e+02 8.105512913103254391e-01 1.806355957795244549e-01 8.813112910150144169e-03
5.831336047291669820e+04 2.655007481840858645e+02 8.255030590563536830e-01 1.629270412870900131e-01 1.156989965655622239e-02
5.831036035766200075e+04 2.678915475349531334e+02 8.325720753971915800e-01 1.558681497392315485e-01 1.155977486357673625e-02
5.831035831250000047e+04 2.647445582625331326e+02 8.345831831571772774e-01 1.535233383459284062e-01 1.189347849689422441e-02
5.785732096162039670e+04 nan nan nan nan
5.785732303363429673e+04 nan nan nan nan
5.787323558943290118e+04 nan nan nan nan
5.811810339833330363e+04 2.795782675023732509e+02 7.973591348447008897e-01 1.929061141763694087e-01 9.734750978929689394e-03
5.822336484763889894e+04 2.643950275410633139e+02 8.202136070499289611e-01 1.682685516477869514e-01 1.151784130228395570e-02
5.811810135194440227e+04 2.807679401637776664e+02 8.047537586057386116e-01 1.854139506380964864e-01 9.832290756164825674e-03
5.761939725003470085e+04 2.931235857622515937e+02 7.723539008983681953e-01 2.193369820625656608e-01 8.309117039066157839e-03
5.761939520490739960e+04 2.989489878643855150e+02 7.843865840109650600e-01 2.073741247157601664e-01 8.239291273274740660e-03
5.762318496390050132e+04 3.147191823694651589e+02 8.690730074458665744e-01 1.218007961451122306e-01 9.126196409021160305e-03
5.826535084216429823e+04 2.674441498646215223e+02 8.139286525925637505e-01 1.749864880723526195e-01 1.108485933508369589e-02
5.826535289314809779e+04 2.693643681773965000e+02 8.206423003540234129e-01 1.682493069866974056e-01 1.110839265927916764e-02
5.827023104541670182e+04 nan nan nan nan
5.805628832104169851e+04 2.962592336389660659e+02 8.229039232422367123e-01 1.678623250449215454e-01 9.233751712841704179e-03
5.805327991408570233e+04 2.922290418811739414e+02 8.341128964461280715e-01 1.561366090759694902e-01 9.750494477902381038e-03
5.805327784341439838e+04 2.276713663388120779e+02 7.683249451608252789e-01 2.180450265736640358e-01 1.363002826551052045e-02
5.771422857567130268e+04 2.708365008900340740e+02 8.153937979679234394e-01 1.737583404204951776e-01 1.084786161158129633e-02
5.772020971459490102e+04 2.808103473310405320e+02 8.164157197297918778e-01 1.734680147378335480e-01 1.011626553237459335e-02
5.771423062320600002e+04 2.711478489227427531e+02 8.214300946320246544e-01 1.675861055252234333e-01 1.098379984275182214e-02
5.830734518155090336e+04 2.642186457048860007e+02 8.325422828835431499e-01 1.555751741938644073e-01 1.188254292259230405e-02
5.830734722672450152e+04 2.637927756543080591e+02 8.246206577471718591e-01 1.636841775526532150e-01 1.169516470017487042e-02
5.831035626645830052e+04 2.587253544768310007e+02 8.246411324266373910e-01 1.632004873075734164e-01 1.215838026578912844e-02
5.793327861822919658e+04 2.887350121463381925e+02 8.526490645748409092e-01 1.369141811797827124e-01 1.043675424537626913e-02
5.792526430643520143e+04 2.868604497802907076e+02 8.462727939324938831e-01 1.433111543955033207e-01 1.041605167200281012e-02
5.792526223586809647e+04 2.985983401472597052e+02 8.605041822085128800e-01 1.295565381555458528e-01 9.939279635941168298e-03
5.834137145361110015e+04 2.690858573984071427e+02 8.362152209974005324e-01 1.522269009367629988e-01 1.155787806583642718e-02
5.834136940956019680e+04 2.689173737764301109e+02 8.332290086603975077e-01 1.552811308057318318e-01 1.148986053387059461e-02
5.834437296673609671e+04 2.611849624396298282e+02 8.202173617450260190e-01 1.679798315538618969e-01 1.180280670111210836e-02
5.797328561118060315e+04 nan nan nan nan
5.798009512350690056e+04 3.031844703521479687e+02 8.445026791287194579e-01 1.462116801498873631e-01 9.285640721393147862e-03
5.797328765510419908e+04 nan nan nan nan
5.802408551613429881e+04 nan nan nan nan
5.802408347208330088e+04 nan nan nan nan
5.802708559285879892e+04 nan nan nan nan
5.798009921662040142e+04 3.118962389066646210e+02 8.600237449342221785e-01 1.308766126620464487e-01 9.099642403731469931e-03
5.798009717217589787e+04 3.102770895641799029e+02 8.540835641430108982e-01 1.368481536332486759e-01 9.068282223740490103e-03
5.798336581408559869e+04 3.125826049197297607e+02 8.533514257627042854e-01 1.377288805229857083e-01 8.919693714310030636e-03
5.800711306057869660e+04 3.047056441672037295e+02 8.599722645577166924e-01 1.304946911935295772e-01 9.533044248753693925e-03
5.800314890200230002e+04 nan nan nan nan
5.800315097386569687e+04 3.009524628461834368e+02 8.289885260207259243e-01 1.619306563735193050e-01 9.080817605754760297e-03
5.774214593089120171e+04 2.792606977086218762e+02 8.360557608740725177e-01 1.532173308500541509e-01 1.072690827587331405e-02
5.773914515188660152e+04 2.785660759737793342e+02 8.063606277949999512e-01 1.836111051093368696e-01 1.002826709566320695e-02
5.773914310640050098e+04 2.773567560524377882e+02 8.034203784906098766e-01 1.865373512461157846e-01 1.004227026327430237e-02
5.834437502118059638e+04 2.645500352482671360e+02 8.304218103243788951e-01 1.577856983998315310e-01 1.179249127578943859e-02
5.834437706734950189e+04 2.633710049226764340e+02 8.235869248929492681e-01 1.647098197328649982e-01 1.170325537418572849e-02
5.834737719356479647e+04 2.705365399229594345e+02 8.421976881453719921e-01 1.462038621268783589e-01 1.159844972774963165e-02
5.829732833850690076e+04 2.568290342721585944e+02 7.926998004244839580e-01 1.958989362257528566e-01 1.140126334976306229e-02
5.829430911765049677e+04 2.506665047392400254e+02 8.004089654056852909e-01 1.873883609763291325e-01 1.220267361798553669e-02
5.829430707340280060e+04 nan nan nan nan
5.831828703347220289e+04 2.531225129599057482e+02 8.170755857281144507e-01 1.704538346947098160e-01 1.247057957717570900e-02
5.831828907890050323e+04 2.501439651578925236e+02 8.088809270886796465e-01 1.786045917826490081e-01 1.251448112867131236e-02
5.832128978122679837e+04 2.546901815266171241e+02 8.226876748202414102e-01 1.648250036876080238e-01 1.248732149215055036e-02
5.828824002586810093e+04 2.684347840730870303e+02 8.361403008220722466e-01 1.522477681727965326e-01 1.161193100513128150e-02
5.829127869806710078e+04 2.603128032107111949e+02 8.105221437273679719e-01 1.778750663802227683e-01 1.160278989240919913e-02
5.828824209775459894e+04 2.684820895849059070e+02 8.409622369230941308e-01 1.472956551638752165e-01 1.174210791303058679e-02
5.823926800362270296e+04 nan nan nan nan
5.824428116292820050e+04 nan nan nan nan
5.823927007418980065e+04 nan nan nan nan
5.794529069642360264e+04 nan nan nan nan
5.794831481783559866e+04 3.125178448730103469e+02 8.614575342631501931e-01 1.294487406081690495e-01 9.093725128680660297e-03
5.794529273826390272e+04 nan nan nan nan
5.794228652329860051e+04 nan nan nan nan
5.794228856964119768e+04 nan nan nan nan
5.794528865236110141e+04 2.625615029964753262e+02 7.814119196260853606e-01 2.079876943512683207e-01 1.060038602264619725e-02
5.770724911196759786e+04 2.659449133771261131e+02 7.592269430394019691e-01 2.310190387041780868e-01 9.754018256419891980e-03
5.770725116266200348e+04 2.646530611031083140e+02 7.555417393941317172e-01 2.347041697383890624e-01 9.754090867479227323e-03
5.771122231931710121e+04 2.855118441456597793e+02 8.271584700442952132e-01 1.627964614906553253e-01 1.004506846504942333e-02
5.769427222827549849e+04 2.931015224973074282e+02 8.169391349312907780e-01 1.737633482936864759e-01 9.297516775022643745e-03
5.770016264601849980e+04 nan nan nan nan
5.769427429901620053e+04 2.946294205790024421e+02 8.238919858840154653e-01 1.667493890062353434e-01 9.358625109749203405e-03
5.826232078871529666e+04 2.790335612353248393e+02 8.432618023562004073e-01 1.458078068427108576e-01 1.093039080108873864e-02
5.826534876859949873e+04 2.651154586638527348e+02 8.076120993985843599e-01 1.812818602525889944e-01 1.110604034882660580e-02
5.826232285940970178e+04 2.762425132422920342e+02 8.337475247302132964e-01 1.553503341566739304e-01 1.090214111311269343e-02
5.772421270884259866e+04 2.651096979768544770e+02 8.091304685249237627e-01 1.797212070746503354e-01 1.114832440042590363e-02
5.772813138064809755e+04 2.798735520322878756e+02 8.269509253769747881e-01 1.626004416840519662e-01 1.044863293897315207e-02
5.772021386024310050e+04 2.831865995540837844e+02 8.253035834458680720e-01 1.645314540392674441e-01 1.016496251486438684e-02
5.772021178789350233e+04 2.851005765337506546e+02 8.329636999973766276e-01 1.568203284000180830e-01 1.021597160260523558e-02
5.772421063494210102e+04 2.673676383843755389e+02 8.088866420236622279e-01 1.801591403682322734e-01 1.095421760810538249e-02
5.806222562383100012e+04 2.983284391898953345e+02 8.114235640467587496e-01 1.797226374014413153e-01 8.853798551799896971e-03
5.806522972351850331e+04 nan nan nan nan
5.806222766803239938e+04 2.977026557263710060e+02 8.067608199387392709e-01 1.844500094144905233e-01 8.789170646770250866e-03
5.829128281405090092e+04 2.600794798427818364e+02 8.251039359790049987e-01 1.628504523307318097e-01 1.204561169026318289e-02
5.829430420554400189e+04 2.455293188197340157e+02 7.910738682444223846e-01 1.965024283076260980e-01 1.242370344795145319e-02
5.829128076983799838e+04 2.578284351565133079e+02 8.155686740475601715e-01 1.724561152386884788e-01 1.197521071375125257e-02
5.773614109170140000e+04 2.679848435211036985e+02 7.876203403394161917e-01 2.020416460610366949e-01 1.033801359954711341e-02
5.773914103421299660e+04 2.797731700618922446e+02 8.102461449217321920e-01 1.797158933342869747e-01 1.003796174398066329e-02
5.773613904766199994e+04 2.671620043598558141e+02 7.820604469678864579e-01 2.076840970585676072e-01 1.025545597354581354e-02
5.798637413616899721e+04 3.199879556477785627e+02 8.590476250213494591e-01 1.323267427642482452e-01 8.625632214402280049e-03
5.798637209084490314e+04 3.183527315002129399e+02 8.567035782067418115e-01 1.346294433242227195e-01 8.666978469035533164e-03
5.799016862412040064e+04 3.124671204031990897e+02 8.669681712867400858e-01 1.238183980017650010e-01 9.213430711494859440e-03
5.805024026468749798e+04 nan nan nan nan
5.804723807749999833e+04 2.967365258900090339e+02 8.424140059304219275e-01 1.479403138662208905e-01 9.645680203357055379e-03
5.804724014932870341e+04 2.973261730188179399e+02 8.454595140487698446e-01 1.448634341360789390e-01 9.677051815151259742e-03
5.760943263361109712e+04 3.137933457029819806e+02 8.549274044494997726e-01 1.361888781537911319e-01 8.883717396709059008e-03
5.761321910018519702e+04 nan nan nan nan
5.760943467989579949e+04 3.101418671986285176e+02 8.393930289334600170e-01 1.518403216573976922e-01 8.766649409142389729e-03
5.791335360002310335e+04 3.142243511405366121e+02 8.394977723770941092e-01 1.519597640223292467e-01 8.542463600576652785e-03
5.790938211894679989e+04 nan nan nan nan
5.790938007233799726e+04 nan nan nan nan
5.805327577043980273e+04 2.941701134299104297e+02 8.389194918107716337e-01 1.513470494704197422e-01 9.733458718808679633e-03
5.805024233653939882e+04 2.777916051160491975e+02 8.393369317844625588e-01 1.497371448856820997e-01 1.092592332985531899e-02
5.805024438494210335e+04 2.921254148507970285e+02 8.535884525371491005e-01 1.361931663779347434e-01 1.021838108491610053e-02
5.823538261229170166e+04 nan nan nan nan
5.823926595738429751e+04 nan nan nan nan
5.811809930796299886e+04 2.772596055037491851e+02 7.921398693538160840e-01 1.980910372892861204e-01 9.769093356897811178e-03
5.811509719284719904e+04 2.949848600736048070e+02 8.343383592711359764e-01 1.560873042584680903e-01 9.574336470395837864e-03
5.811509924047449749e+04 2.950866876120683173e+02 8.420819064874733861e-01 1.481719421015312566e-01 9.746151410995362516e-03
5.825840509017359727e+04 2.389838544251908843e+02 8.055649572433466465e-01 1.808366454479347629e-01 1.359839730871855758e-02
5.825840713835650240e+04 2.381191091219419036e+02 8.039217011199364382e-01 1.824367801603080930e-01 1.364151871975540463e-02
5.826231871686340310e+04 2.780319152977814952e+02 8.457569553366467430e-01 1.431685078752310825e-01 1.107453678812208089e-02
5.761322332181710226e+04 3.113906963917708595e+02 8.545168723642470043e-01 1.364704521068869081e-01 9.012675528866134420e-03
5.761322127516200271e+04 3.113240049576218667e+02 8.576640004429199049e-01 1.332529253474198649e-01 9.083074209660353324e-03
5.761623691380790115e+04 3.060626334002499220e+02 8.245922173426223356e-01 1.667205478788091333e-01 8.687234778568683757e-03
5.785731888864580105e+04 nan nan nan nan
5.775211113959489739e+04 2.691883539186648591e+02 8.267941209106391964e-01 1.619155670996008933e-01 1.129031198975982524e-02
5.775210909396989882e+04 2.707100712105830098e+02 8.175506755958625860e-01 1.715338088119652826e-01 1.091551559217202212e-02
5.827123576915510057e+04 nan nan nan nan
5.827123369481480040e+04 nan nan nan nan
5.827426794648150099e+04 2.563415071173114370e+02 7.886834565931589713e-01 1.999875502968905538e-01 1.132899310995038981e-02
5.824428524973380263e+04 nan nan nan nan
5.825840302037040237e+04 2.605050306346615230e+02 8.231120346352971406e-01 1.649395753229631334e-01 1.194839004173954729e-02
5.824428320671300025e+04 nan nan nan nan
5.833428344784719957e+04 2.560300449827860803e+02 8.161807300235419671e-01 1.716570031874172231e-01 1.216226678904076298e-02
5.833127687896989664e+04 2.675384684625868772e+02 8.294927760625763202e-01 1.590024931606270342e-01 1.150473077679657966e-02
5.833127892640049686e+04 2.653703108273600151e+02 8.256826738900896467e-01 1.627310094530791951e-01 1.158631665683109574e-02
5.833428754302080051e+04 2.563231005021763735e+02 8.165983078917578020e-01 1.712548000283647953e-01 1.214689207987736108e-02
5.833428549665510218e+04 nan nan nan nan
5.833824099243059754e+04 2.652108949302194105e+02 8.213750607351986144e-01 1.671454115842498089e-01 1.147952768055146566e-02
5.800014462671300134e+04 3.081194930034695290e+02 8.248466468693453901e-01 1.665764245372924612e-01 8.576928593362325576e-03
5.800014669960649917e+04 3.129434560164189065e+02 8.282934439558736761e-01 1.633223794740338297e-01 8.384176570092577441e-03
5.800314683020830125e+04 nan nan nan nan
5.762929280788190226e+04 3.172323638585891104e+02 8.710586954015744343e-01 1.199180422764221376e-01 9.023262322003377731e-03
5.762929076252310188e+04 3.194983870532627179e+02 8.755708823248478101e-01 1.154409948658851187e-01 8.988122809267118027e-03
5.763230957098380168e+04 3.220202595415027531e+02 8.679378444662724235e-01 1.233678564458911692e-01 8.694299087836390022e-03
5.809417247935190244e+04 2.854749889878484623e+02 8.124063003740462641e-01 1.779012366026487824e-01 9.692463023304882450e-03
5.811209092512729694e+04 2.880552806821350487e+02 8.306221281775151288e-01 1.594265899453642110e-01 9.951281877120651473e-03
5.809417454857639677e+04 2.881185682572393603e+02 8.173616266688346066e-01 1.730065233337393926e-01 9.631849997426044155e-03
5.829733242995369801e+04 2.639058392673546223e+02 8.053054241440159577e-01 1.835504254136948454e-01 1.114415044228915345e-02
5.830734313171300164e+04 2.637685630784983459e+02 8.295251040365689832e-01 1.586380303373626788e-01 1.183686562606829987e-02
5.829733038506939920e+04 2.626055731623025622e+02 8.043195082936006601e-01 1.844532507255901010e-01 1.122724098080916423e-02
5.799317489197920077e+04 3.212814243610440599e+02 8.779614632283229136e-01 1.131012973757681839e-01 8.937239395908973608e-03
5.799317696175930178e+04 3.196011753094670667e+02 8.728707921019217553e-01 1.182021797447520145e-01 8.927028153326367274e-03
5.799617709755789838e+04 nan nan nan nan
5.762318700912039640e+04 3.197658974430067360e+02 8.739851253409943732e-01 1.170742572744398052e-01 8.940617384565956866e-03
5.762318905652780086e+04 3.209474317914805965e+02 8.738099756075485836e-01 1.173186705022600390e-01 8.871353890191484987e-03
5.762618919959489722e+04 nan nan nan nan
5.801708028812499833e+04 3.182552519975113796e+02 8.689927461883115711e-01 1.220843777462494589e-01 8.922876065438942184e-03
5.801708233447920065e+04 3.192407527472265087e+02 8.668232072320916082e-01 1.243531457789450179e-01 8.823646988963405186e-03
5.802104939627309795e+04 3.014783170910228591e+02 8.501132279532124247e-01 1.403705383155246789e-01 9.516233731262833950e-03
5.752940620478009805e+04 nan nan nan nan
5.752333588821760350e+04 nan nan nan nan
5.752333793572919967e+04 nan nan nan nan
5.759342014512729656e+04 3.206356765399314668e+02 8.600402807668171556e-01 1.313490359789008521e-01 8.610683254282139668e-03
5.759041472459489887e+04 2.233139264324721296e+02 6.628862256999420444e-01 3.265682035109916947e-01 1.054557078906629732e-02
5.759041265638890036e+04 2.588483093517282327e+02 7.232529222857283502e-01 2.674034947610230972e-01 9.343582953248462386e-03
5.759726976038190332e+04 nan nan nan nan
5.759342423879630223e+04 3.198393810648831277e+02 8.598190521895512362e-01 1.315317869847850429e-01 8.649160825663913463e-03
5.759342219388890226e+04 3.219359184543566244e+02 8.630975222081035403e-01 1.283003757651838550e-01 8.602102026712745222e-03
5.758735471921299904e+04 2.460279909465891990e+02 7.608548849470081477e-01 2.276989937750764637e-01 1.144612127791535573e-02
5.758430476832180284e+04 3.195002905532414275e+02 8.672941579695966352e-01 1.238869496219133920e-01 8.818892408490085558e-03
5.758430269878469699e+04 3.187847878098537535e+02 8.685121737556382726e-01 1.226044028918499840e-01 8.883423352511670562e-03
5.756941031233799731e+04 2.865078714584747672e+02 8.384252345994530620e-01 1.513258175627839042e-01 1.024894783776301478e-02
5.757335477071759669e+04 nan nan nan nan
5.756941235986109677e+04 2.845057269044780810e+02 8.311009746115045616e-01 1.586861208036231541e-01 1.021290458487222712e-02
5.756133432156249910e+04 3.200223261381343605e+02 8.417831907421898796e-01 1.499361739085689482e-01 8.280635349241248500e-03
5.756640274435179890e+04 3.125585133699613607e+02 8.462795983994899629e-01 1.449465801035162704e-01 8.773821496993912394e-03
5.756133227755789994e+04 3.187947580840526598e+02 8.438171566458706474e-01 1.477979397110876225e-01 8.384903643041815083e-03
5.752940825335650152e+04 nan nan nan nan
5.753429089564809692e+04 3.215630544568159053e+02 8.506674596548323697e-01 1.409570340993922533e-01 8.375506245775420425e-03
5.752941032322919636e+04 nan nan nan nan
5.755039775870370067e+04 3.228037075624912404e+02 8.554152173306558415e-01 1.361805003613306975e-01 8.404282308013551195e-03
5.755426286537040141e+04 2.416154408081471558e+02 7.914389009189468638e-01 1.957197949231063439e-01 1.284130415794658940e-02
5.755039571016200352e+04 3.232201213691889166e+02 8.630991462295172223e-01 1.283669387670895445e-01 8.533915003393182860e-03
5.755737672369209758e+04 3.271505524110116312e+02 8.689686849127321588e-01 1.225875400688609118e-01 8.443775018407092409e-03
5.755737465321760101e+04 3.260062358887217897e+02 8.686070490371438080e-01 1.228968708043238767e-01 8.496080158532435048e-03
5.756133022916669870e+04 3.202267813498151554e+02 8.521586385237169825e-01 1.393661739111160813e-01 8.475187565167140863e-03
5.757635904164350359e+04 3.135247931705667384e+02 8.673498201082021630e-01 1.234907483198630779e-01 9.159431571934691443e-03
5.757335886174769985e+04 nan nan nan nan
5.757335681866900268e+04 nan nan nan nan
5.751128210050929920e+04 3.205937378859068190e+02 8.548963803158027286e-01 1.365934032883402982e-01 8.510216395856933305e-03
5.751622383775460185e+04 nan nan nan nan
5.751128002734950132e+04 3.196240599118914361e+02 8.593154017549792245e-01 1.320339235399601852e-01 8.650674705060649311e-03
5.751622588629629900e+04 nan nan nan nan
5.751622793262729829e+04 nan nan nan nan
5.752032221108800150e+04 nan nan nan nan
5.750823684359950130e+04 2.305988651984259548e+02 7.683702128009086696e-01 2.183420684795505107e-01 1.328771871954077637e-02
5.750823888879630249e+04 2.450443854676344984e+02 7.885589189028737733e-01 1.990473376834102637e-01 1.239374341371601851e-02
5.751127795192129997e+04 3.197257580360906672e+02 8.565272757812073534e-01 1.348835609035780314e-01 8.589163315214703651e-03
5.758129862053239776e+04 3.130237062380577981e+02 8.692043398813245059e-01 1.215675444249226939e-01 9.228115693752737825e-03
5.758430065474539879e+04 3.207018071582480161e+02 8.697703588232826855e-01 1.214266531958197726e-01 8.802987980897623507e-03
5.758130066709490347e+04 3.200418370424974341e+02 8.751904575992767166e-01 1.158597006672947710e-01 8.949841733428583537e-03
5.754629702839120000e+04 3.227247455067579835e+02 8.686467070423474768e-01 1.226827650930409352e-01 8.670527864611667773e-03
5.755039358618060214e+04 3.234998196913363699e+02 8.601542849467205265e-01 1.313845854876783403e-01 8.461129565601173061e-03
