5.807822912599999836e+04 nan nan nan nan
5.807124271399999998e+04 5.165710590519446441e+02 6.138173818153386252e-01 5.784063178002898323e-04 3.856042118668609464e-01
5.801012195400000201e+04 nan nan nan nan
5.800315159333000338e+04 nan nan nan nan
5.800014724199999910e+04 nan nan nan nan
5.799317749400000321e+04 5.973299977871307647e+02 6.624388159313908675e-01 1.679408875963230409e-03 3.358817751926460038e-01
5.799017327200000000e+04 5.836206970036091661e+02 6.498675282345282023e-01 1.151306000002517982e-02 3.386194117654464653e-01
5.798637467599999945e+04 5.909987094737814459e+02 6.443563383718488025e-01 3.100316721632901534e-02 3.246404944118220781e-01
5.798337044600000081e+04 5.881511372583420325e+02 6.399635920036058634e-01 3.669881662109632930e-02 3.233375913752979391e-01
5.798009976599999936e+04 5.637499642373169308e+02 6.168959973942750308e-01 5.608394062900709520e-02 3.270200619767177908e-01
5.797328820200000337e+04 5.639119004387321183e+02 6.213493025503387113e-01 4.708266115398592605e-02 3.315680362956754945e-01
5.796226511333000235e+04 nan nan nan nan
5.806823849000000337e+04 nan nan nan nan
5.795826023800000257e+04 5.892274873585278101e+02 6.497816029616232392e-01 1.810042924475252502e-02 3.321179677936243468e-01
5.795435174399999960e+04 nan nan nan nan
5.795132370400000218e+04 5.855999094884271017e+02 6.301562567629448441e-01 5.360283409891480888e-02 3.162409091381404580e-01
5.793628842750000331e+04 6.045840630845705164e+02 6.524083480704200300e-01 2.957550194826251769e-02 3.180161499813173864e-01
5.793328380499999912e+04 nan nan nan nan
5.792526473000000260e+04 4.813968556952523272e+02 5.316564503841590961e-01 1.352400292631802670e-01 3.331035203526607202e-01
5.791636236400000053e+04 6.084680038066150018e+02 6.548698897618250303e-01 2.878720442866536736e-02 3.163429058095095225e-01
5.791335831250000047e+04 5.942120913613753146e+02 6.446535111988559441e-01 3.391140169020415845e-02 3.214350871109398766e-01
5.790637844400000176e+04 nan nan nan nan
5.806523438200000237e+04 nan nan nan nan
5.790337424199999805e+04 nan nan nan nan
5.787637027600000147e+04 6.470267425553558951e+02 6.889596995319557937e-01 1.393411002594524854e-03 3.096468894654497706e-01
5.774910750600000028e+04 nan nan nan nan
5.774603617800000211e+04 4.619715505428711140e+02 5.106491381740030366e-01 1.556646280544341510e-01 3.336862337715629789e-01
5.774215047749999940e+04 4.183271712975258652e+02 4.560384011592120701e-01 2.194021723248046896e-01 3.245594265159832403e-01
5.773614154250000138e+04 4.317442484392349797e+02 4.785638190718887741e-01 1.858916629563536205e-01 3.355445179717574944e-01
5.773313749600000301e+04 4.705930898616684317e+02 5.552917747908542312e-01 6.445322289264661386e-02 3.802550023164991688e-01
5.772813603400000284e+04 nan nan nan nan
5.770322446399999899e+04 nan nan nan nan
5.806222821400000248e+04 nan nan nan nan
5.770016729599999962e+04 5.243190449810687142e+02 5.768603872200802618e-01 9.256179029560743232e-02 3.305778224843122781e-01
5.769427482199999940e+04 5.145010797102463584e+02 6.115919330235288776e-01 2.508348172227583845e-03 3.858997188042435633e-01
5.769003839999999764e+04 nan nan nan nan
5.763231425399999716e+04 5.826488830147495719e+02 6.447955921046003569e-01 2.073698049860148857e-02 3.344674273967982447e-01
5.762929341500000010e+04 5.836625132311165771e+02 6.513643551857576375e-01 8.503308410103471368e-03 3.401323364041388131e-01
5.762619383999999991e+04 5.835620920844205557e+02 6.435042763661724674e-01 2.440841703501287971e-02 3.320873065988147466e-01
5.762318959799999720e+04 5.890128399904631351e+02 6.446128696845756512e-01 2.829359113877975840e-02 3.270935391766445766e-01
5.761939778600000136e+04 nan nan nan nan
5.761624154799999815e+04 5.826641859062860931e+02 6.336131955570892815e-01 4.343677849058747570e-02 3.229500259523232497e-01
5.761322387400000298e+04 5.849479753002796087e+02 6.432073768090157406e-01 2.658195850705620880e-02 3.302106646839280679e-01
5.805328033500000311e+04 nan nan nan nan
5.760943523000000278e+04 nan nan nan nan
5.760643098800000007e+04 nan nan nan nan
5.759342477599999984e+04 5.833715390007860151e+02 6.401145707557495124e-01 3.107279402794123346e-02 3.288126352163093236e-01
5.758735934000000270e+04 nan nan nan nan
5.758430528999999660e+04 5.980840943725271472e+02 6.545641566970388237e-01 1.831856744788430691e-02 3.271172758550768833e-01
5.758130120599999645e+04 5.906254240965192821e+02 6.493858535639565055e-01 2.046899913280104608e-02 3.301451473032426254e-01
5.757636367400000017e+04 5.834005643152682978e+02 6.192393119143823066e-01 7.307528357198722624e-02 3.076854045136303561e-01
5.756640866200000164e+04 5.748076357124321021e+02 6.221503256616457422e-01 5.790922189266901887e-02 3.199404524456851973e-01
5.756133485400000063e+04 5.940495196060220451e+02 6.399555193465531477e-01 4.310391669794785829e-02 3.169405639554989662e-01
5.805024492199999804e+04 5.142551649855751066e+02 6.124512401411176254e-01 1.936775411588619262e-04 3.873550823177234759e-01
5.755737726600000315e+04 6.075297210158594226e+02 6.687521958529764055e-01 3.309168872597636536e-04 3.309168872597637034e-01
5.755426752799999667e+04 nan nan nan nan
5.755039830600000278e+04 5.835807489882089385e+02 6.232504640793045114e-01 6.525756740420479707e-02 3.114919685164906360e-01
5.753429553000000305e+04 5.899369951538712940e+02 6.465477420820995302e-01 2.542232017506941208e-02 3.280299377428311236e-01
5.752941087600000174e+04 5.936669791281989319e+02 6.500888735925300921e-01 2.243229963398380572e-02 3.274788267734861646e-01
5.804724067667000054e+04 5.356532966556928841e+02 6.042136662327503016e-01 4.830052712348349014e-02 3.474858066437661597e-01
5.802105402399999730e+04 nan nan nan nan
5.801708287399999972e+04 nan nan nan nan
5.770725171599999885e+04 nan nan nan nan
5.794831947400000354e+04 5.865422100159934189e+02 6.411786237559826684e-01 3.247178438952227214e-02 3.263495918544951913e-01
5.771423116399999708e+04 nan nan nan nan
5.760041970800000126e+04 5.722137603070524392e+02 6.272307946204175311e-01 4.462729923558381856e-02 3.281419061439985740e-01
