5.759342477599999984e+04 1.280592135914641176e+03 6.166819943410605243e-01 6.665711705180235591e-02 3.166608886071370921e-01
5.759342477599999984e+04 1.280592135914641176e+03 6.166819943410605243e-01 6.665711705180235591e-02 3.166608886071370921e-01
5.758735934000000270e+04 nan nan nan nan
5.760041970800000126e+04 1.282773769947103801e+03 6.306648084212018723e-01 3.927693279524303860e-02 3.300582587835550474e-01
5.807822912599999836e+04 nan nan nan nan
5.807124271399999998e+04 1.054855492252465183e+03 5.126604310472504533e-01 1.648117271574156550e-01 3.225278417953339472e-01
5.801012195400000201e+04 nan nan nan nan
5.800315159333000338e+04 nan nan nan nan
5.800014724199999910e+04 nan nan nan nan
5.799317749400000321e+04 nan nan nan nan
5.799017327200000000e+04 1.297315518596010861e+03 6.429603790424465171e-01 2.163368299836749414e-02 3.354059379591859402e-01
5.798637467599999945e+04 1.303355248499833806e+03 6.276268764472268114e-01 5.572931100789803999e-02 3.166438125448752805e-01
5.798337044600000081e+04 1.291981135110185278e+03 6.182318787179557074e-01 6.909971728364598664e-02 3.126684039983982366e-01
5.798009976599999936e+04 1.268945282690626755e+03 6.256855627285821120e-01 4.232824013490533999e-02 3.319861971365125619e-01
5.797328820200000337e+04 1.257291356501311611e+03 6.180565301292030300e-01 5.197070972324020072e-02 3.299727601475568317e-01
5.796226511333000235e+04 nan nan nan nan
5.806823849000000337e+04 nan nan nan nan
5.795826023800000257e+04 1.329770191431133298e+03 6.616250051985180791e-01 3.380369578436382815e-04 3.380369578436384081e-01
5.795435174399999960e+04 nan nan nan nan
5.795132370400000218e+04 1.315659135830974265e+03 6.356615936885885443e-01 4.558214532155017290e-02 3.187562609898614285e-01
5.794831947400000354e+04 1.332361597605847464e+03 6.620258001601024844e-01 8.428284285284256367e-04 3.371313714113690629e-01
5.793628842750000331e+04 1.224649573450287562e+03 5.364657955199820805e-01 2.015024325862825594e-01 2.620317718937353879e-01
5.793328380499999912e+04 nan nan nan nan
5.791636236400000053e+04 1.321058004824179989e+03 6.176410691291851496e-01 8.387420731826619735e-02 2.984847235525487363e-01
5.791335831250000047e+04 nan nan nan nan
5.790637844400000176e+04 nan nan nan nan
5.806523438200000237e+04 nan nan nan nan
5.790337424199999805e+04 nan nan nan nan
5.787637027600000147e+04 1.390412776672606697e+03 6.372074868168602357e-01 7.600001264310833615e-02 2.867925005400314697e-01
5.774910750600000028e+04 nan nan nan nan
5.774603617800000211e+04 1.039548604865703737e+03 5.171278978542425131e-01 1.449630033733589618e-01 3.379090987723984418e-01
5.774215047749999940e+04 nan nan nan nan
5.773614154250000138e+04 nan nan nan nan
5.773313749600000301e+04 1.036505207488796032e+03 5.394030329228981513e-01 9.078808142708029438e-02 3.698088856500214572e-01
5.772813603400000284e+04 nan nan nan nan
5.771423116399999708e+04 nan nan nan nan
5.770322446399999899e+04 nan nan nan nan
5.806222821400000248e+04 nan nan nan nan
5.769427482199999940e+04 nan nan nan nan
5.769003839999999764e+04 nan nan nan nan
5.763231425399999716e+04 1.272776237541296268e+03 6.157937384558691551e-01 6.456710884518672422e-02 3.196391526989441623e-01
5.762929341500000010e+04 1.224801900817397382e+03 5.740535489453360007e-01 1.259841615795485315e-01 2.999622894751155511e-01
5.762619383999999991e+04 1.272842512144397460e+03 6.121521722966589696e-01 7.201083445957795481e-02 3.158369932437630756e-01
5.762318959799999720e+04 nan nan nan nan
5.761939778600000136e+04 nan nan nan nan
5.761624154799999815e+04 nan nan nan nan
5.761322387400000298e+04 1.289760708449962294e+03 6.255822695546221501e-01 5.316699647250968525e-02 3.212507339728682410e-01
5.805328033500000311e+04 nan nan nan nan
5.760943523000000278e+04 nan nan nan nan
5.760643098800000007e+04 nan nan nan nan
5.760041970800000126e+04 1.282773769947103801e+03 6.306648084212018723e-01 3.927693279524303860e-02 3.300582587835550474e-01
5.759342477599999984e+04 1.280592135914641176e+03 6.166819943410605243e-01 6.665711705180235591e-02 3.166608886071370921e-01
5.758735934000000270e+04 nan nan nan nan
5.758130120599999645e+04 1.294847090414572904e+03 6.235927888074673797e-01 5.969941885552578625e-02 3.167077923370068548e-01
5.757636367400000017e+04 1.295432043047200978e+03 6.109423843649485208e-01 8.534362997146721641e-02 3.037139856635843738e-01
5.756640866200000164e+04 1.302620989509241554e+03 6.384025998963608339e-01 3.361789887584853975e-02 3.279795012277906263e-01
5.756133485400000063e+04 nan nan nan nan
5.805024492199999804e+04 1.133043483752498105e+03 5.949243424680599190e-01 2.861129179593629654e-02 3.764643657360038920e-01
5.755737726600000315e+04 1.316332631252531201e+03 6.283431350585693131e-01 6.051675197246401267e-02 3.111401129689667089e-01
5.755426752799999667e+04 nan nan nan nan
5.755039830600000278e+04 1.292547252748056508e+03 6.115204297889184071e-01 8.283081316066333299e-02 3.056487570504182183e-01
5.753429553000000305e+04 1.324832418712442404e+03 6.521975258702356060e-01 1.687718951533585462e-02 3.309252846144284943e-01
5.752941087600000174e+04 1.330425237628864352e+03 6.523392815254224208e-01 1.936919961284237768e-02 3.282915188617351876e-01
5.804724067667000054e+04 nan nan nan nan
5.802105402399999730e+04 nan nan nan nan
5.801708287399999972e+04 nan nan nan nan
5.770725171599999885e+04 nan nan nan nan
5.792526473000000260e+04 1.099099288989906199e+03 5.539428175765902518e-01 9.920089749074273433e-02 3.468562849326669029e-01
5.770016729599999962e+04 1.176558204105461300e+03 5.822083176981451835e-01 8.342458962329953043e-02 3.343670926785552444e-01
5.758430528999999660e+04 nan nan nan nan
