5.833824304113430117e+04 1.088258718140698704e+02 1.029816983235236350e-01 8.964715080608669506e-01 5.467936156094144184e-04
5.756941031233799731e+04 1.374137096020988622e+02 1.217957278295008355e-01 8.777245700614701995e-01 4.797021090290612064e-04
5.798637413616899721e+04 1.337263728573258277e+02 1.225259971358564626e-01 8.769613894029708590e-01 5.126134611728244087e-04
5.754629497972220270e+04 1.695936465015432191e+02 1.561623069889727655e-01 8.433199658832681855e-01 5.177271277591686399e-04
5.755039571016200352e+04 1.721610785040375333e+02 1.576762890663107874e-01 8.418115216628019315e-01 5.121892708873185696e-04
5.796226476614580315e+04 1.250744939980059627e+02 1.128291701684921433e-01 8.866739253374557039e-01 4.969044940522355895e-04
5.806222355206019711e+04 6.025187828708891402e+01 2.859785428482439218e-02 9.712645853362845694e-01 1.375603788908766583e-04
5.792526223586809647e+04 1.243348639420071322e+02 1.138720702971989379e-01 8.856157572314621307e-01 5.121724713390578190e-04
5.828425889914349682e+04 1.034327586523692162e+02 9.637732062191295412e-02 9.030925264961753296e-01 5.301528819118003040e-04
5.772813550339119683e+04 1.055739013771115111e+02 8.432830114664190135e-02 9.152821147687744130e-01 3.895840845836612038e-04
5.798336786162039789e+04 1.482798188112988669e+02 1.340093744599809011e-01 8.654918858715721086e-01 4.987396684470941140e-04
5.804723807749999833e+04 1.261530270051441818e+02 1.157442971637411000e-01 8.837416929189333414e-01 5.140099173256088699e-04
5.800711510732639726e+04 1.442955189274980796e+02 1.333491104649719428e-01 8.661294040763255486e-01 5.214854587026311345e-04
5.794228856964119768e+04 nan nan nan nan
5.790336961260419775e+04 1.366770338143416836e+02 1.246739700370919496e-01 8.748179546028053144e-01 5.080753601028711094e-04
5.758129654758099787e+04 1.531476493478608347e+02 1.404584563044386225e-01 8.590279227130723783e-01 5.136209824890667795e-04
5.806823395875000278e+04 1.080633299582164710e+02 1.014490042182521756e-01 8.980128418340358465e-01 5.381539477120897766e-04
5.795434915491900028e+04 1.124000404606966583e+02 1.014650547576467221e-01 8.980373597624182747e-01 4.975854799351236936e-04
5.762618919959489722e+04 1.439932153762804035e+02 1.310734232971831892e-01 8.684206205625747410e-01 5.059561402420270897e-04
5.800314890200230002e+04 nan nan nan nan
5.774603562748840341e+04 1.019830694148865149e+02 7.045185341149620695e-02 9.292567420352523255e-01 2.914045532514728909e-04
5.770725116266200348e+04 3.510966912322452771e+01 1.320194527705492032e-02 9.867117190996252951e-01 8.633562331978332689e-05
5.758735880907410319e+04 5.786191382691741580e+01 3.051040271088319503e-02 9.693198206479533008e-01 1.697766411635259537e-04
5.751127795192129997e+04 1.563621808305961736e+02 1.422758993180410769e-01 8.572185474554337992e-01 5.055532265252952150e-04
5.799617914864580234e+04 nan nan nan nan
5.800314683020830125e+04 nan nan nan nan
5.756133227755789994e+04 1.063005206528550985e+02 5.776217559228015441e-02 9.420575292980091220e-01 1.802951097108411818e-04
5.750823684359950130e+04 6.746508311248788914e+01 5.402817204278936858e-02 9.455802212924289130e-01 3.916066647818162018e-04
5.806823805357640231e+04 1.061791858092859258e+02 9.908560421656119332e-02 9.003826427352764616e-01 5.317530481623119641e-04
5.755737465321760101e+04 1.366839105742215281e+02 1.004647834533863165e-01 8.992053330726703653e-01 3.298834739432873384e-04
5.750823888879630249e+04 7.309374718670872539e+01 5.700828782932872152e-02 9.426202768601747994e-01 3.714353104965662129e-04
5.775210909396989882e+04 1.003905178970979506e+02 9.220340300085765051e-02 9.072815152563421526e-01 5.150817428002167587e-04
5.773613904766199994e+04 nan nan nan nan
5.827735880615739734e+04 9.818832856554955413e+01 8.382259411070547284e-02 9.157323955458867015e-01 4.450103434078283475e-04
5.834822050653940096e+04 6.836449639937124800e+01 6.464898138132163519e-02 9.348049719263916701e-01 5.460466922868846204e-04
5.800315097386569687e+04 nan nan nan nan
5.827735675774310221e+04 9.290046921035785488e+01 7.980065944561291758e-02 9.197487886899774479e-01 4.505518644097934624e-04
5.793328357708329713e+04 1.180801351625801203e+02 1.112685577299356715e-01 8.881892430607318811e-01 5.421992093325642397e-04
5.761623691380790115e+04 9.130984947554657083e+01 4.923496647734611903e-02 9.505875002801896789e-01 1.775332424642740096e-04
5.772021386024310050e+04 9.929451867195889747e+01 9.295271416055579661e-02 9.065121780823777176e-01 5.351077570665545725e-04
5.833824508746530046e+04 1.098466851912982634e+02 1.037016998509415477e-01 8.957540914438970603e-01 5.442087051615287965e-04
5.751128210050929920e+04 1.577712192182797821e+02 1.416769266395427884e-01 8.578306820990125869e-01 4.923912614446272415e-04
5.794529069642360264e+04 5.295736758931756327e+01 2.657083719722231480e-02 9.732754445836064860e-01 1.537182191712139546e-04
5.759041060892360110e+04 3.849021846178425221e+01 1.422608056727636683e-02 9.856905057258676939e-01 8.341370685584483468e-05
5.807520980290509760e+04 1.055033833776463723e+02 1.005931490893685887e-01 8.988517503328871117e-01 5.551005777444637012e-04
5.797328561118060315e+04 nan nan nan nan
5.756133432156249910e+04 1.065198198231351938e+02 5.724198547242695390e-02 9.425816804795366100e-01 1.763340480364970037e-04
5.831828703347220289e+04 9.554578308329445235e+01 8.859697305696019598e-02 9.108779990630151424e-01 5.250278800246516338e-04
5.797028347689809743e+04 1.092306824975987354e+02 6.775225791167771572e-02 9.320128188940356440e-01 2.349231942866914717e-04
5.760342418274310330e+04 1.459178766532918132e+02 1.326301101304764307e-01 8.668654203818456638e-01 5.044694876780290473e-04
5.802105144168980041e+04 9.062867797212476262e+01 5.417349162142134217e-02 9.456083308531159082e-01 2.181775254628853973e-04
5.761939520490739960e+04 6.730286215658189519e+01 2.718584298940794619e-02 9.727145279152074053e-01 9.962909538452137143e-05
5.757335886174769985e+04 nan nan nan nan
5.806523383688659669e+04 7.200711387220943038e+01 4.670355898541915518e-02 9.530395690007349430e-01 2.568720138460140736e-04
5.799017272325229715e+04 1.526876909970918916e+02 1.413630952193246637e-01 8.581135072348470283e-01 5.233975458284835297e-04
5.834136940956019680e+04 1.074287310406350286e+02 1.010335603311698499e-01 8.984263597013674163e-01 5.400799674628239955e-04
5.832129183077550260e+04 9.107481959291749263e+01 8.314180209990428005e-02 9.163493243551021905e-01 5.088735449935781171e-04
5.790938007233799726e+04 nan nan nan nan
5.796226272096070170e+04 1.311752392223941399e+02 1.206449050203249052e-01 8.788385812292792698e-01 5.165137503959629436e-04
5.774603153121530340e+04 nan nan nan nan
5.828823795074070222e+04 1.033083050528013302e+02 9.637465047103375981e-02 9.030939479933451919e-01 5.314015356211204038e-04
5.769003383031250269e+04 1.498271546624689847e+02 1.361986287673138118e-01 8.632967888862408401e-01 5.045823464453725541e-04
5.792223818324069725e+04 2.133176353894321053e+01 1.985673709443327647e-02 9.796141724888782765e-01 5.290904166884428288e-04
5.757335681866900268e+04 nan nan nan nan
5.759727385310189857e+04 3.378688460329393450e+01 3.173036683464489777e-02 9.677310887400780715e-01 5.385444252771952539e-04
5.823926800362270296e+04 nan nan nan nan
5.826232285940970178e+04 1.054805743628291594e+02 9.893342196772511588e-02 9.005294117606784665e-01 5.371662715963751097e-04
5.773914310640050098e+04 6.262352849966184465e+01 3.528678573547647940e-02 9.645193415111525947e-01 1.938727533709286733e-04
5.755039775870370067e+04 1.749003424013468759e+02 1.619768921648756244e-01 8.374993959255579989e-01 5.237119095665180787e-04
5.795131904060189845e+04 1.249013722172152114e+02 1.105367698750420041e-01 8.889849891698895501e-01 4.782409550685473619e-04
5.756640565740739839e+04 1.463811164760731458e+02 1.121973698830017047e-01 8.874439040898141062e-01 3.587260271841811424e-04
5.831036035766200075e+04 1.057796033061960514e+02 9.897169783077208738e-02 9.004937552649946442e-01 5.345469042334636059e-04
5.785732096162039670e+04 nan nan nan nan
5.771122231931710121e+04 8.377440275734467434e+01 5.860507023480603789e-02 9.410961058535131096e-01 2.988239116808361659e-04
5.791636182935190300e+04 9.728716722453350485e+01 5.683983371402149404e-02 9.429517353747296493e-01 2.084309112489441491e-04
5.759342423879630223e+04 1.285021175977567225e+02 8.630174276558745527e-02 9.134228431103360579e-01 2.754141240765977674e-04
5.752032425738430175e+04 nan nan nan nan
5.774603357987270283e+04 8.912079730732109795e+01 5.528013074197098836e-02 9.444849343009653619e-01 2.349349570636483141e-04
5.801708028812499833e+04 1.507437300670719367e+02 1.383742806372119660e-01 8.611112021799330885e-01 5.145171828551427370e-04
5.824428116292820050e+04 nan nan nan nan
5.832431115395829693e+04 6.438102049347170919e+01 3.767338105495629530e-02 9.621175347863069049e-01 2.090841587369096362e-04
5.760943263361109712e+04 1.078937458257200461e+02 7.752700969668710473e-02 9.221577213755918212e-01 3.152689277212225474e-04
5.793628368734950345e+04 1.468990960069970413e+02 1.338389208191149427e-01 8.656542119072579977e-01 5.068672736271679453e-04
5.762619125050929870e+04 1.495357693323840067e+02 1.372610237534264976e-01 8.622244921741297752e-01 5.144840724438261683e-04
5.770321977893519943e+04 7.630976580363775952e+01 4.116718291014650338e-02 9.586551079755581961e-01 1.777091142953071213e-04
5.795434710633099894e+04 1.155472201047146683e+02 1.067013841517647638e-01 8.927779144436418512e-01 5.207014045934259695e-04
5.807822652960650157e+04 9.475512939793333089e+01 8.961480849163129536e-02 9.098390291694620213e-01 5.461623389067885850e-04
5.773914515188660152e+04 6.427577537195229240e+01 3.764944542206351275e-02 9.621410516177086869e-01 2.095029602277317742e-04
5.799317281408570125e+04 1.451583921321785624e+02 1.341391852347890712e-01 8.653393863722442791e-01 5.214283929666710263e-04
5.798009921662040142e+04 1.460358695161819469e+02 1.335555777302152580e-01 8.659337143124578029e-01 5.107079573271375945e-04
5.760342213885419915e+04 1.446564778245342779e+02 1.318975690868428308e-01 8.675947796681190427e-01 5.076512450381244707e-04
5.825840713835650240e+04 8.597909297923401084e+01 8.088932719268736304e-02 9.185702117912807330e-01 5.404610160320026582e-04
5.787323766340279690e+04 nan nan nan nan
5.833428344784719957e+04 9.691126999042991486e+01 8.445098688209695670e-02 9.150853222594652614e-01 4.636908584379093533e-04
5.754629702839120000e+04 1.637910883098227544e+02 1.464474643344057248e-01 8.530643884443329661e-01 4.881472212613807726e-04
5.797328356476849876e+04 nan nan nan nan
5.759342219388890226e+04 1.293482219403308022e+02 8.724121156171593672e-02 9.124810153957597647e-01 2.777730425243777755e-04
5.774910287126160256e+04 9.045755829814497417e+01 8.274486155269490661e-02 9.167442101087049933e-01 5.109283386002443170e-04
5.761321910018519702e+04 1.288447140038990995e+02 9.885454649078651013e-02 9.007860124129858370e-01 3.594410962276930262e-04
5.806823600857640122e+04 1.082938085741824494e+02 1.002907498193591485e-01 8.991855506954218313e-01 5.236994852190828779e-04
5.806523176767359837e+04 nan nan nan nan
5.785731888864580105e+04 nan nan nan nan
5.796526788873840269e+04 3.198517251212865986e+01 3.068597138370991739e-02 9.687520109047640382e-01 5.620177115261847014e-04
5.772020971459490102e+04 1.012139853286064977e+02 9.484039688693399195e-02 9.046234691499929204e-01 5.361339630732661534e-04
5.759041472459489887e+04 4.563093656391189512e+01 1.755174125250251460e-02 9.823579168316604049e-01 9.034191583713053325e-05
5.791635771358799684e+04 9.703256219669141558e+01 5.780031128516652239e-02 9.419830215992667233e-01 2.166671155667959918e-04
5.833127475625000079e+04 7.899138225050121775e+01 5.666484859296660320e-02 9.430209300614730283e-01 3.142213455604434317e-04
5.824428320671300025e+04 nan nan nan nan
5.797328765510419908e+04 nan nan nan nan
5.801011732460650092e+04 1.450644798791346659e+02 1.341104720482652890e-01 8.653676477067511197e-01 5.218802449836711099e-04
5.762318700912039640e+04 1.453076637738502939e+02 1.180616196543549795e-01 8.815352847260063962e-01 4.030956196387405614e-04
5.834737719356479647e+04 1.039958125045335464e+02 9.684597526251167987e-02 9.026244843426701747e-01 5.295403948181785867e-04
5.792224023196759663e+04 1.090115849063298903e+01 1.047589068794190469e-02 9.889602065080432824e-01 5.639028040149765813e-04
5.758129862053239776e+04 1.552895123846731167e+02 1.433391425666386831e-01 8.561406063447021264e-01 5.202510886592311102e-04
5.761939315737270226e+04 6.816665399823048688e+01 2.745816278333487043e-02 9.724427616322930401e-01 9.907558437214252281e-05
5.805024233653939882e+04 1.080777805168525703e+02 1.003104138845527238e-01 8.991635847694923189e-01 5.260013459551138477e-04
5.827023104541670182e+04 nan nan nan nan
5.808622277482639765e+04 5.024457986524348030e+01 2.833848207200753005e-02 9.714672762705137687e-01 1.942416574787750902e-04
5.811509719284719904e+04 7.813045171419813073e+01 5.402759706782202243e-02 9.456804194525647578e-01 2.919834796132473372e-04
5.772421063494210102e+04 8.346580194036138778e+01 7.909115228155215449e-02 9.203605627868042260e-01 5.482849316437039258e-04
5.794831686872689897e+04 1.209522414658244429e+02 9.037399894862632732e-02 9.092851012069022021e-01 3.408998444715118461e-04
5.769427015548609779e+04 1.046149279132272198e+02 9.942659612887444487e-02 9.000218531349563067e-01 5.515507361694366520e-04
5.759727180795140157e+04 6.785542136084436038e+01 6.102279188377483787e-02 9.384833721812234630e-01 4.938359350016832596e-04
5.760342622562500037e+04 1.458226101212124490e+02 1.331964069346254220e-01 8.662941414662375106e-01 5.094515991372280690e-04
5.751128002734950132e+04 1.590722642963837359e+02 1.465812570542187332e-01 8.529002586541735154e-01 5.184842916077876587e-04
5.770016264601849980e+04 1.234441573100616267e+02 9.159363163972920885e-02 9.080701997762585798e-01 3.361685840122345930e-04
5.769427429901620053e+04 1.035687507146192274e+02 9.752938091368451579e-02 9.019291407258145377e-01 5.414783605009709485e-04
5.796527198114580096e+04 2.639458647922773338e+01 2.481075870988647819e-02 9.746497082923026856e-01 5.395329978108615076e-04
5.827123369481480040e+04 nan nan nan nan
5.769003590199069731e+04 1.499064847298017753e+02 1.358556691627574309e-01 8.636428176731602013e-01 5.015131640824011840e-04
5.794528865236110141e+04 5.381503349805144865e+01 2.653549904613749025e-02 9.733160390809093565e-01 1.484618729531588291e-04
5.827736085368059867e+04 9.647001038999951561e+01 8.199078909034586415e-02 9.175681352144045011e-01 4.410756952497671282e-04
5.811209296942129731e+04 1.017684974650928922e+02 8.146450627533857736e-02 9.181442226167026988e-01 3.912711079588414667e-04
5.811809930796299886e+04 5.147167244773181238e+01 2.512037646971373300e-02 9.747341836951918248e-01 1.454398350943347221e-04
5.773614109170140000e+04 4.056054999205425560e+01 1.494120556811020205e-02 9.849759370403331493e-01 8.285739155658242833e-05
5.757636313547450118e+04 1.620202095476412865e+02 1.453859253959349229e-01 8.541224042792413540e-01 4.916703248238853867e-04
5.760943056070600142e+04 1.234145134741810210e+02 9.933990638140148544e-02 9.002644695841133249e-01 3.956240344852059968e-04
5.774214593089120171e+04 1.034659639872222812e+02 9.834037797443088980e-02 9.011080066345670270e-01 5.516153910021155422e-04
5.798637209084490314e+04 1.328833563129525999e+02 1.226975867301611234e-01 8.767818200472627943e-01 5.205932225760759183e-04
5.769427222827549849e+04 1.047981135877280963e+02 9.982933668150438533e-02 8.996165774345292743e-01 5.540858839664584675e-04
5.831828907890050323e+04 9.423320051025886812e+01 8.808363359563635420e-02 9.113828470168725548e-01 5.335193874910865120e-04
5.827427001928239770e+04 8.142363323690427990e+01 5.548541561284205115e-02 9.442310378302867235e-01 2.835465568713602482e-04
5.795825764436340251e+04 1.552123277367924175e+02 1.420003270279761864e-01 8.574885870592071635e-01 5.110859128167460083e-04
5.755426286537040141e+04 8.999099163638449284e+01 7.017136136908187771e-02 9.294573690437175628e-01 3.712695872006169869e-04
5.773313283907409641e+04 5.985707299138670123e+01 3.223541064622702235e-02 9.675874956554086914e-01 1.770936983642627338e-04
5.791335360002310335e+04 8.143273098209402860e+01 4.371473786939084755e-02 9.561092974915212928e-01 1.759646390879068877e-04
5.761939725003470085e+04 6.649557813775579973e+01 2.668798032757374941e-02 9.732136608024133384e-01 9.835887001282100483e-05
5.759041265638890036e+04 6.079547334118476698e+01 2.570500726954695961e-02 9.741858334612653048e-01 1.091592691876417846e-04
5.787323970866900345e+04 4.718310629599509554e+01 4.758999137957644482e-02 9.517888166412769024e-01 6.211919791467385111e-04
5.807520775504630001e+04 1.058904632326052422e+02 1.008291852009132739e-01 8.986171760679386722e-01 5.536387311481002485e-04
5.793328153189810109e+04 1.121287828418675616e+02 1.042092258578824898e-01 8.952633672884610094e-01 5.274068536565816329e-04
5.826534876859949873e+04 8.502635348736767185e+01 5.905743758380387759e-02 9.406479780213533592e-01 2.945843948428327700e-04
5.799618119494210259e+04 3.144937512867490170e+01 2.047984367535487030e-02 9.792612176751200881e-01 2.589386495249690811e-04
5.758430269878469699e+04 1.508670310819009899e+02 1.293629121437811225e-01 8.701881372885732491e-01 4.489505676456969838e-04
5.773613697483800206e+04 nan nan nan nan
5.800014462671300134e+04 8.357273839922130776e+01 4.352791760800134302e-02 9.563064389822578670e-01 1.656434097408302538e-04
5.752333383954859892e+04 5.153685863377748433e+01 4.787778330281477340e-02 9.515952297857603881e-01 5.269869114248659303e-04
5.828824002586810093e+04 1.055959529844615474e+02 9.837807306553900122e-02 9.010919344376600026e-01 5.299924968010287724e-04
5.806222562383100012e+04 6.078904740338172275e+01 2.905717364683570517e-02 9.708033104523454693e-01 1.395159008186960261e-04
5.760041507263889798e+04 1.530039250423931492e+02 1.411691982332489437e-01 8.583109944384209600e-01 5.198073283302338289e-04
5.832128978122679837e+04 8.801945197541286348e+01 8.047275051189388406e-02 9.190168526018905881e-01 5.103968862154650366e-04
5.827123162187499838e+04 nan nan nan nan
5.756640813357639854e+04 1.434570239952836630e+02 1.111756124330452733e-01 8.884576604093834540e-01 3.667271575712919662e-04
5.811810135194440227e+04 5.182844490446679941e+01 2.551462810435902936e-02 9.743373895951714658e-01 1.479823004695319394e-04
5.828425685040510143e+04 1.083655395844587588e+02 1.021257274276384797e-01 8.973319526284492254e-01 5.423199439123169976e-04
5.756133022916669870e+04 1.077843639259998270e+02 5.910149768417344990e-02 9.407149105951292389e-01 1.835917206972953648e-04
5.757635904164350359e+04 1.591467446086970199e+02 1.428769708417809703e-01 8.566308801718237609e-01 4.921489863954217007e-04
5.750823479354169831e+04 5.993948048340524082e+01 4.887401852966788418e-02 9.507200078682206401e-01 4.059736021114982037e-04
5.807822445435189729e+04 9.650641025796929284e+01 9.060482312777481950e-02 9.088569591964326122e-01 5.382176757925942077e-04
5.771422857567130268e+04 9.415865630213170334e+01 9.054990481299199367e-02 9.088853882309552157e-01 5.647069560529223734e-04
5.832827059204859688e+04 5.043729226886555495e+01 2.338628615647573780e-02 9.764824374497943493e-01 1.312763937299311402e-04
5.823538261229170166e+04 nan nan nan nan
5.797028143182869826e+04 1.084390047437905764e+02 6.790482684164689253e-02 9.318557325033112182e-01 2.394406550418360106e-04
5.763231367187500291e+04 1.503517774390186617e+02 1.366314333165036810e-01 8.628643098864285932e-01 5.042567970679108242e-04
5.811810339833330363e+04 5.113172002424976625e+01 2.528217811312216332e-02 9.745685370099559375e-01 1.492848769219543925e-04
5.801011937150460290e+04 1.454958071388741132e+02 1.340554414311245224e-01 8.654261936723460780e-01 5.183648965293720075e-04
5.799017067341440270e+04 1.511924335530639780e+02 1.403666121617362650e-01 8.591070856605410588e-01 5.263021777227637824e-04
5.802104939627309795e+04 9.314154607688797682e+01 5.760920810994282076e-02 9.421571963366887070e-01 2.335955533684887155e-04
5.752032221108800150e+04 nan nan nan nan
5.811509514637730172e+04 7.927930079100930527e+01 5.504812311727033669e-02 9.446574801027105561e-01 2.943967800190816519e-04
5.833127892640049686e+04 8.094342473321424336e+01 5.882112448392450704e-02 9.408564190129865557e-01 3.224565030889900538e-04
5.805327991408570233e+04 1.056859552836651233e+02 9.962752820570766610e-02 8.998298567858081798e-01 5.426150084843397309e-04
5.770724706540509942e+04 3.653900375890305696e+01 1.398300437329965361e-02 9.859275713927477813e-01 8.942423395250038770e-05
5.798336990800929925e+04 1.548842815055802191e+02 1.413510596553468890e-01 8.581403699302105892e-01 5.085704144425287621e-04
5.757335477071759669e+04 8.474064859159307517e+00 8.466632243201047819e-03 9.909238231814823106e-01 6.095445753166772772e-04
5.774910491856480076e+04 9.466500125274977506e+01 8.912807446333581574e-02 9.103306507421279337e-01 5.412747945364562762e-04
5.829127869806710078e+04 1.001614646484037507e+02 9.304019001142037337e-02 9.064329351124091882e-01 5.268748761704544238e-04
5.801012141791670001e+04 1.518617851810069510e+02 1.406602149021154713e-01 8.588159275602891274e-01 5.238575375955133217e-04
5.807124218600690074e+04 9.719712314126635988e+01 9.176928435236432480e-02 9.076863941159829530e-01 5.443215316527083569e-04
5.802708766583329998e+04 nan nan nan nan
5.771122439228009898e+04 7.964569315526409810e+01 5.353684688724009294e-02 9.461872550622320022e-01 2.758980505278874366e-04
5.809417043305560219e+04 6.812336041629225747e+01 4.173130378537274338e-02 9.580395569966509983e-01 2.291392179763090703e-04
5.834437706734950189e+04 9.762436654057135854e+01 9.010170581212238738e-02 9.093781578276920463e-01 5.201363601855938431e-04
5.833127687896989664e+04 7.960348506867948970e+01 5.710243969216713400e-02 9.425833555118048324e-01 3.142047960280840006e-04
5.796526993535880320e+04 4.226269820260410626e+01 4.004539761464134123e-02 9.594063779045030049e-01 5.482244808557533693e-04
5.753429499166669848e+04 1.216195566526695728e+02 7.467265623896306159e-02 9.250971550535852517e-01 2.301887074517104529e-04
5.773313695576389728e+04 7.010684679752793613e+01 3.843886398496576540e-02 9.613775718659579583e-01 1.835641490762873046e-04
5.804724014932870341e+04 1.281315451355042114e+02 1.193679795752589506e-01 8.801020749291326162e-01 5.299454956085322774e-04
5.758130066709490347e+04 1.636079532543420498e+02 1.518728666249548886e-01 8.476009717099481922e-01 5.261616650969147503e-04
5.802708970991899696e+04 nan nan nan nan
5.793628576050930133e+04 1.543349269983172292e+02 1.401903733673436070e-01 8.593058064178217270e-01 5.038202148347006859e-04
5.770322185409720259e+04 7.653628200395628767e+01 4.112135253650448657e-02 9.587023818061753966e-01 1.762656573200687847e-04
5.774215002598379942e+04 1.003977260432440346e+02 9.577142824916773378e-02 9.036729339020584950e-01 5.556378487738108853e-04
5.772021178789350233e+04 1.003845458142574216e+02 9.345812621398649767e-02 9.060126150104773624e-01 5.292587755361940821e-04
5.809417247935190244e+04 6.637646870183863257e+01 4.049399366305242443e-02 9.592787476049027262e-01 2.272587320448691249e-04
5.769003794601849950e+04 1.432386448485577546e+02 1.294755010453505495e-01 8.700255886901300251e-01 4.989102645194441960e-04
5.760041916413189756e+04 1.626398312272639544e+02 1.507510546283722663e-01 8.487243378248205961e-01 5.246075468072593706e-04
5.795132111849539797e+04 1.281990417357513081e+02 1.112412545253912977e-01 8.882989868935329270e-01 4.597585810758860825e-04
5.759726976038190332e+04 3.736715747537783017e+01 3.512390444833497077e-02 9.643365935067289563e-01 5.395020449362156363e-04
5.770016674040509679e+04 1.214388475012573849e+02 8.904624389357031211e-02 9.106254465066334625e-01 3.283095997963096689e-04
5.832431320015050005e+04 6.624975362976408633e+01 3.930409968795533365e-02 9.604809813097294757e-01 2.149190023152116008e-04
5.751622588629629900e+04 nan nan nan nan
5.822336692063660303e+04 1.078893285567927052e+02 9.959339247080517543e-02 8.998862860942851150e-01 5.203214349097502701e-04
5.801708233447920065e+04 1.492197249598611108e+02 1.360620441766295929e-01 8.634302768713773002e-01 5.076789519931878538e-04
5.831336047291669820e+04 1.041616691460078101e+02 9.609780251653553262e-02 9.033824663923671894e-01 5.197310910973759008e-04
5.832129390026620240e+04 7.596448118405754713e+01 6.919822263748451330e-02 9.302950943162566766e-01 5.066830462588541289e-04
5.795435120121530053e+04 9.984104809206269238e+01 9.307513141250488287e-02 9.063942081643620030e-01 5.306604231331195441e-04
5.763231162777780264e+04 1.514434374460822710e+02 1.391186511805187209e-01 8.603660757497448852e-01 5.152730697365530237e-04
5.758735471921299904e+04 6.040670295807156975e+01 3.181554817767237586e-02 9.680150663333860761e-01 1.693854889415608283e-04
5.800711306057869660e+04 1.389653205692876554e+02 1.268510529401614406e-01 8.726401519466280288e-01 5.087951132106537794e-04
5.808622070533560327e+04 5.205174107947603801e+01 2.944886947580190734e-02 9.703556811076465838e-01 1.954494165515819834e-04
5.787636561278929730e+04 1.775545900320740600e+02 1.614158662159805580e-01 8.380794768092244551e-01 5.046569747951707178e-04
5.805628832104169851e+04 8.614940010782758861e+01 7.395597887200967835e-02 9.255940240333329072e-01 4.499970946575192849e-04
5.752333588821760350e+04 4.025025431186444536e+01 3.770425810942757555e-02 9.617599314302593960e-01 5.358104603131604807e-04
5.827426794648150099e+04 7.676800555269693405e+01 5.130985391074607133e-02 9.484173685002055265e-01 2.727775890483781973e-04
5.752940620478009805e+04 1.007224614367844282e+02 5.571930383034402051e-02 9.440938318654864547e-01 1.868643041694875489e-04
5.761322332181710226e+04 1.374780335046489483e+02 1.034800088493883080e-01 8.961740406707219275e-01 3.459504798898548842e-04
5.829733242995369801e+04 6.247987731522903232e+01 3.219384143231141665e-02 9.676440399430115136e-01 1.621186246770911911e-04
5.833428754302080051e+04 9.935631543868623794e+01 8.736098218432354623e-02 9.121669420495627234e-01 4.720757661138735351e-04
5.795825557232640131e+04 1.578053239934159535e+02 1.449395900584238839e-01 8.545453018162627590e-01 5.151081253134287032e-04
5.775210701935189718e+04 9.946490994464645041e+01 9.047209469542859261e-02 9.090227125080105886e-01 5.051927965608368331e-04
5.828426096879629767e+04 1.102219334883582036e+02 1.042969572678710821e-01 8.951563102548959483e-01 5.467324772330462357e-04
5.811209092512729694e+04 1.031924266485179089e+02 8.411370202837746557e-02 9.154805975208117896e-01 4.057004508107328144e-04
5.832827470641199761e+04 5.078275864021916419e+01 2.329047040935519272e-02 9.765810921662014810e-01 1.284374244431817633e-04
5.808221126275460119e+04 nan nan nan nan
5.773914103421299660e+04 6.637947603070730906e+01 3.941024484846510079e-02 9.603745174865826462e-01 2.152376649523352590e-04
5.831336456532409647e+04 1.062784221844087682e+02 9.875145915650172801e-02 9.007213540864530410e-01 5.271867570452243778e-04
5.791335771677079902e+04 8.406901928541684299e+01 4.498842127797637175e-02 9.548367160179823676e-01 1.748627040412764708e-04
5.795825969094909669e+04 1.581533430027912743e+02 1.453837809575926621e-01 8.541002272287678831e-01 5.159918136395045532e-04
5.805629246236110339e+04 9.008231072975178222e+01 8.129760328038290740e-02 9.182050673641160010e-01 4.973293555011994637e-04
5.752940825335650152e+04 1.032370675178411830e+02 5.854440647347568250e-02 9.412592271433453117e-01 1.963663831789993098e-04
5.752333793572919967e+04 nan nan nan nan
5.770724911196759786e+04 3.596143624338442635e+01 1.396656681555990230e-02 9.859413303670100381e-01 9.210281742998151190e-05
5.822336899138890294e+04 1.095141647880834199e+02 1.021094938626401494e-01 8.973596714403903052e-01 5.308346969697331141e-04
5.758735676368059649e+04 6.186582684187487047e+01 3.318910210881029221e-02 9.666351633997918302e-01 1.757344913978936302e-04
5.785732303363429673e+04 nan nan nan nan
5.792224230149309733e+04 2.008918382180646844e+01 1.906469148722340912e-02 9.803853845761082431e-01 5.499239366684077800e-04
5.762929076252310188e+04 1.625967467377288642e+02 1.481842602176611512e-01 8.513085761605787560e-01 5.071636217602224460e-04
5.825840509017359727e+04 8.394685941643449212e+01 7.769903072825073975e-02 9.217778629823287773e-01 5.231062894205127994e-04
5.811509924047449749e+04 7.904750588348044005e+01 5.489294801054615119e-02 9.448125932743510758e-01 2.944587151028181526e-04
5.763230957098380168e+04 1.538520931932446558e+02 1.428358209726332817e-01 8.566378769336804311e-01 5.263020936864997237e-04
5.831035626645830052e+04 9.656218095017116809e+01 8.976591404747719105e-02 9.097063989121914052e-01 5.276870403314774067e-04
5.757636109031250089e+04 1.651367732572491605e+02 1.509466291921280345e-01 8.485431867362744907e-01 5.101840715976710492e-04
5.829430707340280060e+04 7.105524259275659915e+01 4.886791713124844644e-02 9.508432656708900588e-01 2.888171978615436332e-04
5.756640274435179890e+04 1.392444809847115437e+02 1.065557647956004578e-01 8.930866615069577019e-01 3.575736974418390634e-04
5.794831891516200267e+04 1.255557092867293818e+02 9.350097381249018735e-02 9.061603949776793065e-01 3.386312098305530429e-04
5.808221331371529959e+04 8.483601472754605766e+01 8.119544235144442179e-02 9.182452246621699565e-01 5.593329863857821396e-04
5.793327861822919658e+04 1.089209902677450543e+02 1.013956873641612133e-01 8.980751569698518511e-01 5.291556659869499531e-04
5.787636973238430073e+04 1.808674874691357104e+02 1.658876674614501445e-01 8.335986736169436195e-01 5.136589216061561436e-04
5.795132316312500188e+04 1.299795539282876859e+02 1.124754136562591961e-01 8.870673584055497329e-01 4.572279381910654091e-04
5.799016862412040064e+04 1.498914396260147157e+02 1.374341343579726371e-01 8.620525278872277486e-01 5.133377547996342480e-04
5.798009717217589787e+04 1.461405564509289832e+02 1.342866032560628420e-01 8.651978221486070764e-01 5.155745953301540778e-04
5.772813138064809755e+04 1.055860014877113002e+02 8.526503793623689542e-02 9.143367660228159943e-01 3.981960409471810508e-04
5.831035831250000047e+04 9.935357363724774871e+01 9.339959743896851518e-02 9.060607792916965941e-01 5.396232693349270080e-04
5.834437296673609671e+04 9.879255893157561275e+01 9.220705934382419922e-02 9.072610191865755347e-01 5.319214696003983674e-04
5.761322127516200271e+04 1.375868571944091912e+02 1.055086071221100485e-01 8.941323142771421262e-01 3.590786007479004069e-04
5.762619330261569849e+04 1.499358795610904735e+02 1.385167383858041668e-01 8.609621136856332457e-01 5.211479285626255701e-04
5.762929280788190226e+04 1.609029713659516574e+02 1.473546286754597867e-01 8.521332568134710739e-01 5.121145110690842250e-04
5.802408142475689965e+04 nan nan nan nan
5.798637001756940299e+04 1.353926060321914804e+02 1.247971766724230991e-01 8.746840384942483615e-01 5.187848333287015069e-04
5.790938211894679989e+04 nan nan nan nan
5.770322392438659881e+04 7.544641045548355862e+01 4.070964409832188158e-02 9.591125750047762022e-01 1.777808969019443650e-04
5.761623896099539706e+04 9.130420232241958445e+01 4.734689272810329447e-02 9.524889088127256320e-01 1.641984591711518411e-04
5.805327577043980273e+04 1.091194753292013502e+02 1.033164876572705559e-01 8.961361153913051103e-01 5.473969514245099382e-04
5.805024438494210335e+04 1.182673438010058220e+02 1.109123266871195196e-01 8.885506444947632865e-01 5.370288181172648469e-04
5.829732833850690076e+04 5.951246349263756485e+01 3.028137043319231031e-02 9.695605401339273399e-01 1.580894328803719121e-04
5.829128281405090092e+04 9.820645847471277534e+01 9.125254149288519745e-02 9.082202559792782459e-01 5.272025278366171321e-04
5.775211113959489739e+04 9.882276587944544133e+01 9.190927084853969808e-02 9.075625609177959685e-01 5.281682336643685367e-04
5.829430420554400189e+04 6.902714469780325146e+01 4.700973301325681725e-02 9.527070603695109163e-01 2.832066172323160244e-04
5.824428524973380263e+04 nan nan nan nan
5.826232078871529666e+04 1.051298438483799202e+02 9.838428586954842126e-02 9.010809440733759113e-01 5.347700570758729495e-04
5.755039358618060214e+04 1.686901528952058982e+02 1.524087930843204819e-01 8.470927722610729349e-01 4.984346546066171406e-04
5.802105348754629813e+04 8.793876759621929295e+01 5.055953072051505570e-02 9.492386266179180243e-01 2.018426615670286539e-04
5.756941235986109677e+04 1.368510993175927410e+02 1.198452127722041960e-01 8.796864998560269822e-01 4.682873717687841171e-04
5.826231871686340310e+04 1.028169565505527174e+02 9.530165503253322512e-02 9.041737319743583523e-01 5.246129931085287195e-04
5.801707824304400128e+04 1.430096940311462674e+02 1.310122531442270144e-01 8.684752862069680113e-01 5.124606488050323328e-04
5.758430065474539879e+04 1.503294527517754489e+02 1.275831537468478660e-01 8.719770351800626429e-01 4.398110730894756824e-04
5.799617709755789838e+04 nan nan nan nan
5.806222766803239938e+04 5.884558214495655193e+01 2.795235911812123109e-02 9.719098638409486846e-01 1.377770409300739789e-04
5.830734722672450152e+04 1.082575018623915355e+02 9.622295676325652580e-02 9.032946413039832922e-01 4.824019327603160123e-04
5.831828496164349781e+04 9.173366242936980086e+01 8.550710732553581939e-02 9.139623569792134639e-01 5.305356952509410759e-04
5.807123806574069749e+04 1.007222080687362933e+02 9.647068353451802858e-02 9.029691618985474788e-01 5.601545669345829289e-04
5.772813342998839653e+04 1.055676497650261609e+02 8.512595796082608746e-02 9.144770059685308761e-01 3.970360706430553954e-04
5.809417454857639677e+04 6.347401165771474041e+01 3.714232125254515737e-02 9.626485981005783454e-01 2.090806468765668764e-04
5.790337370518520038e+04 1.431268064631717891e+02 1.312613909628963793e-01 8.682250389886279063e-01 5.135700484757758878e-04
5.827123576915510057e+04 nan nan nan nan
5.823538053755790315e+04 4.397784841569673375e+01 4.091792410018912918e-02 9.585534762458259861e-01 5.285996539848582775e-04
5.829128076983799838e+04 9.969000260022579596e+01 9.435137731386029902e-02 9.051016559448797905e-01 5.469667412600737969e-04
5.802408347208330088e+04 7.069675993705857309e+01 5.357465857197208497e-02 9.460746804425800294e-01 3.506609854479307022e-04
5.828824209775459894e+04 1.061062666933942467e+02 9.833086453830207352e-02 9.011447323112495855e-01 5.244031504483822681e-04
5.770016469395830063e+04 1.221509169541016604e+02 9.038281196188535649e-02 9.092828807224055954e-01 3.343073157091527186e-04
5.823927007418980065e+04 nan nan nan nan
5.794228652329860051e+04 3.940191367900369102e+01 2.087667720333349908e-02 9.789519050556519941e-01 1.714177410146217767e-04
5.822336484763889894e+04 1.075397294711115705e+02 1.010232083650271229e-01 8.984379364321546380e-01 5.388552028182074091e-04
5.752941032322919636e+04 1.099642466568319179e+02 6.433588543746299182e-02 9.354551025707564804e-01 2.090119917804925793e-04
5.808221538364580192e+04 8.986454747930235953e+01 8.502605428372002339e-02 9.144273138902644371e-01 5.466318260155825443e-04
5.760041711899310030e+04 1.598279331186412549e+02 1.445098803979237012e-01 8.549909393886458986e-01 4.991802134304025845e-04
5.759342014512729656e+04 1.274080677137670534e+02 8.466674169677483597e-02 9.150636088892348807e-01 2.696494139904103728e-04
5.761624100755790278e+04 9.191006839927671024e+01 4.879002301132282643e-02 9.510379076407350363e-01 1.720693479421109501e-04
5.771422651776619750e+04 9.254631191458543071e+01 8.723164475178063482e-02 9.122258580051251231e-01 5.424972430942933592e-04
5.794831481783559866e+04 1.183818157733332583e+02 8.733195139680238750e-02 9.123357381670453847e-01 3.323104361522200207e-04
5.790637585583329928e+04 1.625029897545944948e+02 1.474728265109420400e-01 8.520242881867823304e-01 5.028853022758560457e-04
5.758430476832180284e+04 1.540806795962402873e+02 1.345730680183909178e-01 8.649611447467105974e-01 4.657872348984387579e-04
5.802408551613429881e+04 6.906368404702399744e+01 5.278272748018413008e-02 9.468606146432064774e-01 3.566578766094667349e-04
5.830734313171300164e+04 1.097472805028245375e+02 9.848086285790860761e-02 9.010274557176853882e-01 4.916814244060235600e-04
5.771122646682870254e+04 7.490737267807253374e+01 4.831865101084454467e-02 9.514272820719971158e-01 2.540669171584284173e-04
5.760943467989579949e+04 9.348373808379056982e+01 5.804110988175381625e-02 9.417235115467088580e-01 2.353785715374466915e-04
5.790637790084489825e+04 1.677498438913984558e+02 1.536377302549847834e-01 8.458500702317772735e-01 5.121995132380457788e-04
5.799317696175930178e+04 1.480935843959792919e+02 1.371317239749783035e-01 8.623447105170324312e-01 5.235655079893834470e-04
5.800014669960649917e+04 8.550110874141950035e+01 4.418494910581957646e-02 9.556519813448960399e-01 1.630695492844551396e-04
5.787636768714120262e+04 1.769574892704039826e+02 1.572446591213746692e-01 8.422731915604881880e-01 4.821493181370993140e-04
5.755426493841440242e+04 8.549829698983563731e+01 6.665996830361861636e-02 9.329688531020021713e-01 3.711785943793698356e-04
5.755426700672449806e+04 1.364966673237561849e+02 1.102365281511425849e-01 8.893652045911624171e-01 3.982672576950694395e-04
5.755737672369209758e+04 1.358178716216421265e+02 9.901685888802450042e-02 9.006585982250944200e-01 3.245428868811175201e-04
5.796226067233800131e+04 1.007791880982656636e+02 9.179373843134672195e-02 9.076996768906400170e-01 5.065846780133244397e-04
5.790937800020830036e+04 nan nan nan nan
5.806522972351850331e+04 nan nan nan nan
5.753429294650460361e+04 1.202282356867568041e+02 7.377972932828943953e-02 9.259903231078455699e-01 2.299475638649826046e-04
5.834822258515049907e+04 7.274348595078329538e+01 6.892526779874290355e-02 9.305265355834011487e-01 5.481966178559878698e-04
5.762318905652780086e+04 1.467186911511285530e+02 1.186113703882283738e-01 8.809895593143459713e-01 3.990702974256331802e-04
5.792526005879630247e+04 1.234976230472079806e+02 1.132546421789323160e-01 8.862318317789604771e-01 5.135260421073037981e-04
5.791335564643520047e+04 8.191303752442345854e+01 4.402489184608160411e-02 9.557987245632392215e-01 1.763835906791601336e-04
5.811209502422450169e+04 1.002437730080332869e+02 7.979885160971375568e-02 9.198142061696465976e-01 3.869422206397437084e-04
5.791635976077550004e+04 9.310891857508181602e+01 5.404991164384916058e-02 9.457443216728607105e-01 2.057666832902713908e-04
5.751622793262729829e+04 nan nan nan nan
5.833428549665510218e+04 9.620906737481782045e+01 8.284414535682177450e-02 9.167031037870604360e-01 4.527508561178501963e-04
5.807521185368060105e+04 1.060993884399473188e+02 1.023557031035718240e-01 8.970760121799592479e-01 5.682847164688786465e-04
5.798336581408559869e+04 1.525259369856819376e+02 1.390725143193971836e-01 8.604198374751116374e-01 5.076482054912596171e-04
5.835128803995370254e+04 9.213646584345129043e+01 7.408417959815430387e-02 9.255210400786878511e-01 3.947803231578007150e-04
5.832827263697919989e+04 5.010809753324361537e+01 2.308682438790328820e-02 9.767835531649055048e-01 1.296224471912064556e-04
5.807822860027779825e+04 9.183813179118052972e+01 8.574811043289091994e-02 9.137195721432506135e-01 5.323174238585927885e-04
5.827427206804400339e+04 8.257299182915117797e+01 5.631574235659292382e-02 9.434002361337626708e-01 2.840215096445049530e-04
5.790337165991900110e+04 1.400784247966311398e+02 1.312454230468860505e-01 8.682185415414790386e-01 5.360354116349569419e-04
5.797027938540509786e+04 1.104469588206893604e+02 6.926862663369603990e-02 9.304911953376292510e-01 2.401780286746927099e-04
5.751622383775460185e+04 nan nan nan nan
5.774214797937499679e+04 1.004500748081801618e+02 9.411287265626683274e-02 9.053511268666238898e-01 5.360004771093771977e-04
5.829430911765049677e+04 7.441797117515476145e+01 5.244032969428147339e-02 9.472564607941387216e-01 3.032095115799331229e-04
5.834821840804399835e+04 8.203922553461724476e+01 7.816768343504688910e-02 9.212779729816384933e-01 5.543435833148564881e-04
