5.759342477599999984e+04 1.850295028612875683e+02 1.339329880773892645e-01 1.506047963731594608e-01 7.154622155494512192e-01
5.760041970800000126e+04 1.971867158032983411e+02 1.473035029191296086e-01 9.067996707115598409e-02 7.620165300097143657e-01
5.807822912599999836e+04 nan nan nan nan
5.807124271399999998e+04 1.405755540080423032e+02 9.319400738124029859e-02 3.066696639498254773e-01 6.001363286689342935e-01
5.801012195400000201e+04 nan nan nan nan
5.800315159333000338e+04 nan nan nan nan
5.800014724199999910e+04 nan nan nan nan
5.799317749400000321e+04 nan nan nan nan
5.799017327200000000e+04 1.836275085407851293e+02 1.411487719637591620e-01 5.203936515578913569e-02 8.068118628804517023e-01
5.798637467599999945e+04 2.007759721869845464e+02 1.463836785217057235e-01 1.277521025341664673e-01 7.258642189441277814e-01
5.798337044600000081e+04 1.963009445792799283e+02 1.409085903594656242e-01 1.554948415483685953e-01 7.035965680921658638e-01
5.798009976599999936e+04 2.082444890826814685e+02 1.543360481499559955e-01 9.562940475466126522e-02 7.500345470953826421e-01
5.797328820200000337e+04 1.923501016472935987e+02 1.417406489818189008e-01 1.167825898793637268e-01 7.414767611388173307e-01
5.796226511333000235e+04 nan nan nan nan
5.806823849000000337e+04 nan nan nan nan
5.795826023800000257e+04 1.917534166746033293e+02 1.511137702517134918e-01 8.480381915567295316e-04 8.480381915567297701e-01
5.795435174399999960e+04 nan nan nan nan
5.795132370400000218e+04 2.082915017137316909e+02 1.534049984350641660e-01 1.059169599508187204e-01 7.406780416141170997e-01
5.794831947400000354e+04 2.091319712864759595e+02 1.634817147797435199e-01 2.086080511771220593e-03 8.344322047084853367e-01
5.793628842750000331e+04 1.716770857345712784e+02 1.045268641123941744e-01 3.892701195576986906e-01 5.062030163299071628e-01
5.792526473000000260e+04 1.588851081821797493e+02 1.129264680137959942e-01 1.972807388398556405e-01 6.897927931463483375e-01
5.791636236400000053e+04 1.863900297142305647e+02 1.313482207352694719e-01 1.905473458028019429e-01 6.781044334619286129e-01
5.791335831250000047e+04 nan nan nan nan
5.790637844400000176e+04 nan nan nan nan
5.806523438200000237e+04 nan nan nan nan
5.790337424199999805e+04 nan nan nan nan
5.787637027600000147e+04 2.041523310010011301e+02 1.437361810063433332e-01 1.793754245322679852e-01 6.768883944613887094e-01
5.774910750600000028e+04 nan nan nan nan
5.774603617800000211e+04 1.427677994927028351e+02 9.711442290577967928e-02 2.710552222347239471e-01 6.318303548594963459e-01
5.774215047749999940e+04 nan nan nan nan
5.773614154250000138e+04 nan nan nan nan
5.773313749600000301e+04 nan nan nan nan
5.772813603400000284e+04 nan nan nan nan
5.771423116399999708e+04 nan nan nan nan
5.770322446399999899e+04 nan nan nan nan
5.770016729599999962e+04 1.725457841082585162e+02 1.236590750402944555e-01 1.749876436794289836e-01 7.013532812802765193e-01
5.769427482199999940e+04 nan nan nan nan
5.769003839999999764e+04 nan nan nan nan
5.763231425399999716e+04 nan nan nan nan
5.762929341500000010e+04 1.863361461403615920e+02 1.251613240574857566e-01 2.587551013351098161e-01 6.160835746074043717e-01
5.762619383999999991e+04 1.944501197851162146e+02 1.393109919447412526e-01 1.598021936780121832e-01 7.008868143772466475e-01
5.762318959799999720e+04 nan nan nan nan
5.761939778600000136e+04 nan nan nan nan
5.761624154799999815e+04 nan nan nan nan
5.761322387400000298e+04 1.923258217756010140e+02 1.412739239158038729e-01 1.219383660162457750e-01 7.367877100679504077e-01
5.805328033500000311e+04 nan nan nan nan
5.760943523000000278e+04 nan nan nan nan
5.760643098800000007e+04 nan nan nan nan
5.760041970800000126e+04 1.971867158032983411e+02 1.473035029191296086e-01 9.067996707115598409e-02 7.620165300097143657e-01
5.759342477599999984e+04 1.850295028612875683e+02 1.339329880773892645e-01 1.506047963731594608e-01 7.154622155494512192e-01
5.758430528999999660e+04 nan nan nan nan
5.758130120599999645e+04 nan nan nan nan
5.757636367400000017e+04 1.982917496962911628e+02 1.391096401144042150e-01 1.888448018172149967e-01 6.720455580683807328e-01
5.756640866200000164e+04 2.078037714190321026e+02 1.556268602318535699e-01 7.850181118025850724e-02 7.658713285878878674e-01
5.756133485400000063e+04 nan nan nan nan
5.805024492199999804e+04 nan nan nan nan
5.755737726600000315e+04 nan nan nan nan
5.755426752799999667e+04 nan nan nan nan
5.755039830600000278e+04 1.969055388112309402e+02 1.387115704130518490e-01 1.836421435232595822e-01 6.776462860636885965e-01
5.753429553000000305e+04 2.034013633664611689e+02 1.559843330637654957e-01 4.095604092649663547e-02 8.030596260097379036e-01
5.752941087600000174e+04 2.148070427476680209e+02 1.633865086956698687e-01 4.661019451081726411e-02 7.900032967935128880e-01
5.804724067667000054e+04 nan nan nan nan
5.802105402399999730e+04 nan nan nan nan
5.801708287399999972e+04 nan nan nan nan
5.770725171599999885e+04 nan nan nan nan
5.793328380499999912e+04 nan nan nan nan
5.806222821400000248e+04 nan nan nan nan
5.758735934000000270e+04 nan nan nan nan
