5.750823479354169831e+04 5.305312000760046658e+02 7.361355833701294094e-01 2.591619967965114180e-01 4.702419833359242074e-03
5.750823684359950130e+04 5.658374123544517715e+02 7.347822890035137222e-01 2.610989965950744063e-01 4.118714401412044979e-03
5.750823888879630249e+04 6.452640481289116678e+02 8.645966104515799833e-01 1.310182869664417438e-01 4.385102581978490670e-03
5.751127795192129997e+04 7.380715528091002398e+02 6.671494604028134212e-01 3.308549235774351782e-01 1.995616019751337254e-03
5.751128002734950132e+04 7.178966461928067702e+02 6.265419260947983071e-01 3.715976836165534869e-01 1.860390288648134651e-03
5.751128210050929920e+04 6.897702308083067919e+02 5.744791152334842721e-01 4.238266747989253846e-01 1.694209967590372748e-03
5.751622383775460185e+04 nan nan nan nan
5.751622588629629900e+04 nan nan nan nan
5.751622793262729829e+04 nan nan nan nan
5.752032221108800150e+04 nan nan nan nan
5.752032425738430175e+04 nan nan nan nan
5.752032630150460318e+04 nan nan nan nan
5.752333383954859892e+04 3.323106882272088001e+02 4.087422845589802622e-01 5.875625137054787395e-01 3.695201735541045560e-03
5.752333588821760350e+04 2.916468071124065204e+02 4.151263839262165356e-01 5.799251128512884490e-01 4.948503222495001519e-03
5.752333793572919967e+04 nan nan nan nan
5.752940620478009805e+04 7.111853556303063897e+02 5.790620787209566078e-01 4.193186773534691714e-01 1.619243925574245097e-03
5.752940825335650152e+04 6.628655929070235970e+02 5.015898405266825399e-01 4.970116218756816528e-01 1.398537597635702038e-03
5.752941032322919636e+04 6.086742090823561284e+02 4.189666530269976485e-01 5.798761247861693446e-01 1.157222186833028934e-03
5.753429089564809692e+04 7.974378173071316951e+02 7.324325236869574374e-01 2.655069924214407684e-01 2.060483891601821559e-03
5.753429294650460361e+04 8.179957922161651140e+02 7.676905829266488235e-01 2.301581321966436611e-01 2.151284876707429579e-03
5.753429499166669848e+04 8.136657113251717419e+02 7.575285973652858829e-01 2.403543401692138093e-01 2.117062465500399362e-03
5.754629497972220270e+04 6.299652824906952446e+02 4.656830473315691776e-01 5.329822784809654657e-01 1.334674187465349554e-03
5.754629702839120000e+04 6.423146185786690694e+02 4.845611624822692143e-01 5.140487913350287874e-01 1.390046182701838934e-03
5.754629907357640332e+04 6.459459586811240115e+02 4.874249992803640352e-01 5.111842449652658216e-01 1.390755754370084224e-03
5.755039358618060214e+04 7.583494260890913665e+02 6.635682724548080946e-01 3.345616477521433096e-01 1.870079793048553445e-03
5.755039571016200352e+04 7.438284633861942439e+02 6.360204257167944020e-01 3.621938098159940833e-01 1.785764467211461157e-03
5.755039775870370067e+04 7.397804810715143731e+02 6.268190634653055815e-01 3.714274344252825877e-01 1.753502109411795695e-03
5.755426286537040141e+04 6.315066899369450084e+02 7.281279447732295074e-01 2.686250190754280176e-01 3.247036151342462887e-03
5.755426493841440242e+04 5.546869328283200957e+02 5.980923284076820057e-01 3.990679992555539735e-01 2.839672336763956681e-03
5.755426700672449806e+04 8.342748028539573397e+02 8.846694000312034234e-01 1.125841518830777849e-01 2.746448085718858952e-03
5.755737257791669981e+04 8.839652868441095279e+02 8.879416808365082625e-01 1.095938346073230957e-01 2.464484556168674775e-03
5.794831891516200267e+04 7.287174897397287623e+02 6.480602399943613534e-01 3.500080585568821068e-01 1.931701448756545890e-03
5.795131904060189845e+04 8.041754805659502381e+02 8.344766441938574753e-01 1.628933642491713074e-01 2.629991556971254200e-03
5.795132111849539797e+04 8.099251797407698632e+02 8.265360892039159690e-01 1.709202366424840691e-01 2.543674153600100196e-03
5.795132316312500188e+04 8.111835574128454027e+02 8.236834069290065452e-01 1.737982784120806756e-01 2.518314658912914911e-03
5.795434710633099894e+04 7.261393678202023239e+02 8.387603359988061724e-01 1.579808209763594040e-01 3.258843024834581423e-03
5.795434915491900028e+04 7.188299733266965177e+02 8.134009470109285767e-01 1.834716443689174969e-01 3.127408620154007932e-03
5.795435120121530053e+04 7.352125276214449059e+02 9.901725286219053013e-01 5.397268794776748091e-03 4.430202583318041711e-03
5.795825557232640131e+04 7.051104372664871107e+02 6.075901964749805817e-01 3.905962312572716644e-01 1.813572267747663508e-03
5.795825764436340251e+04 7.090441086506198189e+02 6.120432023584473358e-01 3.861369070119402003e-01 1.819890629612414728e-03
5.795825969094909669e+04 7.130815236322171131e+02 6.180808154012509270e-01 3.800841688454209000e-01 1.835015753328055488e-03
5.796226067233800131e+04 5.755213100906939871e+02 5.947479681296913290e-01 4.026436525232107155e-01 2.608379347097927736e-03
5.796226272096070170e+04 7.221639045810688913e+02 7.458202547011268946e-01 2.515746451183046295e-01 2.605100180568540105e-03
5.796226476614580315e+04 7.140188160969128148e+02 7.491403122420714489e-01 2.481710353541680680e-01 2.688652403760620566e-03
5.796526788873840269e+04 2.486660206136250508e+02 4.025830889645294342e-01 5.910150564702414400e-01 6.401854565229086851e-03
5.796526993535880320e+04 3.127633281533408649e+02 4.685703392124640487e-01 5.259475782072309258e-01 5.482082580305023753e-03
5.796527198114580096e+04 2.187091869253884227e+02 3.747800967909502567e-01 6.180477984746552966e-01 7.172104734394441419e-03
5.797027938540509786e+04 6.516406549348134831e+02 5.001871636094382678e-01 4.983737847520006148e-01 1.439051638560962573e-03
5.797028143182869826e+04 6.052824409124044678e+02 4.355041646203548500e-01 5.632314015371688853e-01 1.264433842476247755e-03
5.797028347689809743e+04 6.128024146936616035e+02 4.423024367822167568e-01 5.564251582230643756e-01 1.272404994718864552e-03
5.797328356476849876e+04 7.936531843505653114e+02 7.903093168951608183e-01 2.072687602000206908e-01 2.421922904818536899e-03
5.797328561118060315e+04 7.032706397637857663e+02 7.144098646012640996e-01 2.830696885193321188e-01 2.520446879403832711e-03
5.797328765510419908e+04 8.286912047742447385e+02 8.741451292694574216e-01 1.231371222475931282e-01 2.717748482949445057e-03
5.798009512350690056e+04 8.004065483624370927e+02 8.137864840082770224e-01 1.836887140483052794e-01 2.524801943417731218e-03
5.798009717217589787e+04 8.069436833975988748e+02 8.178196021253678616e-01 1.796716546305944517e-01 2.508743244037794657e-03
5.798009921662040142e+04 8.313038803033597333e+02 8.635151190742387239e-01 1.338494726007687374e-01 2.635408324992530825e-03
5.798336581408559869e+04 7.238397595152749773e+02 6.611701204153943578e-01 3.367920437016411750e-01 2.037835882964391266e-03
5.798336786162039789e+04 7.164270871569083283e+02 6.464682971489026375e-01 3.515429624080633197e-01 1.988740443033947761e-03
5.798336990800929925e+04 7.052333390894755212e+02 6.215208053915239894e-01 3.765821684929590019e-01 1.897026115516960371e-03
5.798637001756940299e+04 7.026697561082470429e+02 6.459689101519037191e-01 3.519669061348588701e-01 2.064183713237322752e-03
5.798637209084490314e+04 7.062835954540222474e+02 6.570546968627947182e-01 3.408314615060707986e-01 2.113841631134442435e-03
5.773313283907409641e+04 7.119572110592014269e+02 9.460090027440518634e-01 4.967868312505955425e-02 4.312314130888664741e-03
5.773313491203699959e+04 6.552534823281423542e+02 7.076604494391833811e-01 2.894907712311530212e-01 2.848779329663620255e-03
5.773313695576389728e+04 6.513912327622073235e+02 6.794309480708087268e-01 3.179117893648594206e-01 2.657262564331927188e-03
5.773613697483800206e+04 5.126611615003828319e+02 4.408464676470979504e-01 5.573474334313621714e-01 1.806098921539759554e-03
5.773613904766199994e+04 5.078314171714573035e+02 4.372218833186103937e-01 5.609676426997677323e-01 1.810473981621879645e-03
5.773614109170140000e+04 5.129139783881029189e+02 4.462656640802137864e-01 5.518853844443000201e-01 1.848951475486210021e-03
5.773914103421299660e+04 7.636200125053815100e+02 9.606226426760428039e-01 3.551209768374013337e-02 3.865259640217165536e-03
5.773914310640050098e+04 7.492715071207621804e+02 9.238532528398853971e-01 7.243348864232689033e-02 3.713258517787897291e-03
5.773914515188660152e+04 7.597343844358848628e+02 9.564558526938818916e-01 3.967305140679707604e-02 3.871095899321157652e-03
5.774214593089120171e+04 6.417404911346952758e+02 6.952597540298575129e-01 3.018734094169316373e-01 2.866836553210922595e-03
5.774214797937499679e+04 6.580391584366508368e+02 7.346774916058314009e-01 2.622779968195708133e-01 3.044511574597834769e-03
5.774215002598379942e+04 6.459527928948651834e+02 7.127695520268150231e-01 2.842565617091573071e-01 2.973886264027674094e-03
5.774603153121530340e+04 7.008242222132682855e+02 7.275772539993895505e-01 2.697902503859513357e-01 2.632495614659161130e-03
5.774603357987270283e+04 6.880052441514808379e+02 6.972674228097982541e-01 3.002239109253053706e-01 2.508666264896481160e-03
5.774603562748840341e+04 7.092900333497940437e+02 7.375994992418661855e-01 2.597591799746017394e-01 2.641320783532113275e-03
5.774910287126160256e+04 6.675719646217012269e+02 7.863010677492411338e-01 2.103104189995796125e-01 3.388513251179343932e-03
5.774910491856480076e+04 6.609362393401293048e+02 7.664513293831528573e-01 2.302641070551511571e-01 3.284563561696053711e-03
5.774910696269680193e+04 6.348780700936598578e+02 7.066234396260318018e-01 2.903508798902870169e-01 3.025680483681298782e-03
5.775210701935189718e+04 7.032242272298353782e+02 8.477660427558210143e-01 1.486842542091292296e-01 3.549703035049894817e-03
5.775210909396989882e+04 7.114849061742044114e+02 8.699822994743207083e-01 1.263658155674778349e-01 3.651884958201524842e-03
5.775211113959489739e+04 7.243758442717822845e+02 9.084382165047095725e-01 8.772037484504766058e-02 3.841408650242900905e-03
5.785731888864580105e+04 nan nan nan nan
5.785732096162039670e+04 nan nan nan nan
5.785732303363429673e+04 nan nan nan nan
5.787323558943290118e+04 2.849058689049041391e+02 4.883030841715223502e-01 5.045222152636898993e-01 7.174700564787708790e-03
5.787323766340279690e+04 nan nan nan nan
5.787323970866900345e+04 5.012170467431296856e+02 9.256803099101825749e-01 6.598867305516392667e-02 8.331017034653546982e-03
5.787636561278929730e+04 7.540550850238959129e+02 6.251713932828103504e-01 3.731497266010678771e-01 1.678880116121768884e-03
5.787636768714120262e+04 7.787109818658369704e+02 6.608085779120898007e-01 3.374325818933802124e-01 1.758840194529941647e-03
5.787636973238430073e+04 7.796643053152326956e+02 6.615737936777085215e-01 3.366675988236795258e-01 1.758607498611876535e-03
5.790336961260419775e+04 8.025954646392178802e+02 8.026904405161642275e-01 1.948665203926474299e-01 2.443039091188391188e-03
5.759727180795140157e+04 4.335413177543177881e+02 5.133966997075180005e-01 4.831782039227843217e-01 3.425096369697681626e-03
5.759727385310189857e+04 2.080963222343088148e+02 2.498677460212182233e-01 7.466108226333111331e-01 3.521431345470733398e-03
5.760041507263889798e+04 7.501870305954221294e+02 6.857033244765261548e-01 3.122560606691653362e-01 2.040614854308496831e-03
5.760041711899310030e+04 7.668433375913584769e+02 7.067537156581349400e-01 2.911716071126015937e-01 2.074677229263521393e-03
5.760041916413189756e+04 7.790214049615094609e+02 7.287730905142301152e-01 2.690893731215918683e-01 2.137536364178032125e-03
5.760342213885419915e+04 7.213486306139085400e+02 6.494244994854977415e-01 3.485958225443314684e-01 1.979677970170730644e-03
5.760342418274310330e+04 7.365559880610749133e+02 6.741457203143189636e-01 3.238081946860246751e-01 2.046084999656421974e-03
5.760342622562500037e+04 7.229731886205184992e+02 6.491973766621415010e-01 3.488332104946416101e-01 1.969412843216800015e-03
5.760642632716440130e+04 7.213619115674683826e+02 6.720811631347246573e-01 3.257986962366566375e-01 2.120140628618722572e-03
5.760642838563660189e+04 7.146683563872276181e+02 6.623205281298323310e-01 3.355817159155927154e-01 2.097755954574932746e-03
5.760643043196760118e+04 7.392373669491664714e+02 7.126907536286325451e-01 2.850390571218359148e-01 2.270189249531605162e-03
5.760943056070600142e+04 7.817074663913532504e+02 7.809894928249310198e-01 2.165725307656636289e-01 2.437976409405363028e-03
5.760943263361109712e+04 7.769440266878884813e+02 7.774363651661535535e-01 2.201180773516255296e-01 2.445557482220965528e-03
5.760943467989579949e+04 7.769943343834185043e+02 7.737734757017771248e-01 2.238042707003172482e-01 2.422253597905645213e-03
5.761321910018519702e+04 7.506760286568581932e+02 6.790249236101945085e-01 3.189766232366185172e-01 1.998453153187023257e-03
5.761322127516200271e+04 7.533673392076327673e+02 6.678254541741313055e-01 3.302552584939240088e-01 1.919287331944656864e-03
5.761322332181710226e+04 7.368003366931517348e+02 6.359879513406646590e-01 3.621922397708574604e-01 1.819808888477817592e-03
5.761623691380790115e+04 6.904221676541812940e+02 5.742735539436665260e-01 4.240366440678862148e-01 1.689801988447221315e-03
5.761623896099539706e+04 7.399554537670991294e+02 6.496080213229888933e-01 3.485095469068026364e-01 1.882431770208359712e-03
5.761624100755790278e+04 7.553045735090965991e+02 6.789416500224494389e-01 3.190847991714316212e-01 1.973550806118850188e-03
5.761939315737270226e+04 6.963852328645625676e+02 6.149784559530510064e-01 3.831167486442854098e-01 1.904795402663545228e-03
5.761939520490739960e+04 6.381155927866386719e+02 5.127829555016050200e-01 4.856398106626942934e-01 1.577233835700621051e-03
5.761939725003470085e+04 6.599322110940454422e+02 5.515370392680777334e-01 4.467569633885662972e-01 1.705997343355815680e-03
5.762318496390050132e+04 9.005340447969953175e+02 9.576434264032523958e-01 3.959450138450701373e-02 2.762072212240626514e-03
5.762318700912039640e+04 8.742863664469764444e+02 8.893676716320938480e-01 1.081048764487812092e-01 2.527451919125017852e-03
5.762318905652780086e+04 8.639624013024863416e+02 8.667476528759098242e-01 1.307941126787716679e-01 2.458234445318561653e-03
5.762618919959489722e+04 7.370852075750257200e+02 6.716202021431472158e-01 3.263519295479645477e-01 2.027868308888154582e-03
5.762619125050929870e+04 7.406150760751778535e+02 6.701777810886987430e-01 3.278222530119047073e-01 1.999965899396508474e-03
5.762619330261569849e+04 7.373733305264036062e+02 6.622357954725505147e-01 3.357941507172858553e-01 1.970053810163578407e-03
5.762928869053239760e+04 7.362783651160923455e+02 6.432259706936368504e-01 3.549099228937349082e-01 1.864106412628123649e-03
5.762929076252310188e+04 7.412789055343856717e+02 6.490833371116273565e-01 3.490439755490949425e-01 1.872687339277747222e-03
5.755737465321760101e+04 8.696842561783080328e+02 8.487609072373331065e-01 1.489127422143630974e-01 2.326350548303808205e-03
5.759726976038190332e+04 2.501284979083591793e+02 3.211780592531683909e-01 6.747948350730714751e-01 4.027105673760255494e-03
5.762929280788190226e+04 7.273291863923791425e+02 6.262163042298932725e-01 3.719731298236846340e-01 1.810565946422162302e-03
5.772813550339119683e+04 6.891848209373772534e+02 7.114002816847071475e-01 2.859972569242040241e-01 2.602461391088981869e-03
5.790337165991900110e+04 8.138258108331176572e+02 8.249978112722271550e-01 1.724922084409313550e-01 2.509980286841560250e-03
5.792224230149309733e+04 2.349999086619866091e+02 5.124339641323045758e-01 4.759524037680079589e-01 1.161363209968739769e-02
5.794831686872689897e+04 7.239579732728344652e+02 6.471191707746538624e-01 3.509293251718901829e-01 1.951504053455910010e-03
5.798637413616899721e+04 7.063559948100875090e+02 6.510617018676519985e-01 3.468632667727765684e-01 2.075031359571259670e-03
5.802708766583329998e+04 6.776114555038108165e+02 6.229191041910034921e-01 3.750168018686624305e-01 2.064093940334078749e-03
5.790337370518520038e+04 8.190112605618995758e+02 8.207978097281370955e-01 1.767490619363831783e-01 2.453128335479883189e-03
5.790637381167819694e+04 8.391918448304439835e+02 8.424689371146708572e-01 1.550694887433268221e-01 2.461574142002326358e-03
5.790637585583329928e+04 8.533389329165661366e+02 8.841531960243541599e-01 1.132247624919785617e-01 2.622041483667265829e-03
5.790637790084489825e+04 8.413877034230583831e+02 8.423258517175531424e-01 1.552262375568347064e-01 2.447910725612194218e-03
5.790937800020830036e+04 nan nan nan nan
5.790938007233799726e+04 nan nan nan nan
5.790938211894679989e+04 nan nan nan nan
5.791335360002310335e+04 5.322369941826840432e+02 3.470489213157240682e-01 6.519125968135638383e-01 1.038481870712132556e-03
5.791335564643520047e+04 5.406761430113758706e+02 3.588539186056199370e-01 6.400701400183291812e-01 1.075941376050798537e-03
5.791335771677079902e+04 5.540285460563767401e+02 3.731770380922448394e-01 6.257148256130715680e-01 1.108136294683570965e-03
5.791635771358799684e+04 5.520192992398106071e+02 3.737150020599975808e-01 6.251655595968623746e-01 1.119438343140020248e-03
5.791635976077550004e+04 5.409337070299199013e+02 3.587315324107603898e-01 6.401942836522657165e-01 1.074183936973957879e-03
5.791636182935190300e+04 5.428177681504506609e+02 3.576295501493098605e-01 6.413102534641141883e-01 1.060196386575913653e-03
5.792223818324069725e+04 2.553329391856396740e+02 5.380769496345212399e-01 4.510762231057068306e-01 1.084682725977202493e-02
5.792224023196759663e+04 1.404489368143126171e+02 3.371835252801832494e-01 6.487390433452158156e-01 1.407743137460083956e-02
5.763230957098380168e+04 7.629080205654775000e+02 7.189347441257277760e-01 2.788962425480311924e-01 2.169013326241023797e-03
5.763231162777780264e+04 7.493231618529478055e+02 6.904023804192778169e-01 3.075241680715077863e-01 2.073451509214440172e-03
5.763231367187500291e+04 7.887009195226390830e+02 7.634736194748653615e-01 2.342376692276138817e-01 2.288711297520648006e-03
5.769003383031250269e+04 7.557097422022582123e+02 7.119993158731661165e-01 2.858325969151008228e-01 2.168087211732870351e-03
5.769003590199069731e+04 7.310095707072532605e+02 6.657068351827611918e-01 3.322675934782725604e-01 2.025571338966177058e-03
5.769003794601849950e+04 7.123730918331931434e+02 6.416596790458609645e-01 3.563586929862387898e-01 1.981627967900199787e-03
5.769427015548609779e+04 6.767572328498287106e+02 7.341006852208451505e-01 2.630254053061737429e-01 2.873909472981183311e-03
5.769427222827549849e+04 6.980253175979945581e+02 7.835019645590167725e-01 2.134207664064700360e-01 3.077269034513341935e-03
5.769427429901620053e+04 7.379840790239553598e+02 8.784980940129133442e-01 1.180407968096543192e-01 3.461109177432413787e-03
5.770016264601849980e+04 6.919378872995393976e+02 6.269887013503926410e-01 3.710058440069566310e-01 2.005454642650698546e-03
5.770016469395830063e+04 6.659070839965692130e+02 5.818624391894486880e-01 4.162727232264079591e-01 1.864837584143358516e-03
5.770016674040509679e+04 6.866734904135176976e+02 6.182196054510091798e-01 3.798006342022002269e-01 1.979760346790495305e-03
5.770321977893519943e+04 6.292366898372644073e+02 5.626958716431038621e-01 4.353509269914078716e-01 1.953201365488337407e-03
5.770322185409720259e+04 6.203514698836742127e+02 5.482419164833098879e-01 4.498504432555071597e-01 1.907640261182949560e-03
5.770322392438659881e+04 6.566666155809875818e+02 6.153266991701559219e-01 3.825286861176028230e-01 2.144614712241186150e-03
5.770724706540509942e+04 5.879239887875347677e+02 6.232460300341347015e-01 3.740092103396505663e-01 2.744759626214752623e-03
5.770724911196759786e+04 4.801705295725169549e+02 4.203780450658367585e-01 5.777499082019206256e-01 1.872046732242611203e-03
5.770725116266200348e+04 6.963442578333934989e+02 8.860900527941153459e-01 1.099550485239153136e-01 3.954898681969467103e-03
5.771122231931710121e+04 4.961703702550565822e+02 3.912303086823762932e-01 6.072511347669378168e-01 1.518556550685734976e-03
5.771122439228009898e+04 5.022395293055154752e+02 4.021417597450752668e-01 5.962923396121100339e-01 1.565900642814586777e-03
5.771122646682870254e+04 4.888261340922388740e+02 3.842314901472060895e-01 6.142594560845340279e-01 1.509053768259836607e-03
5.771422651776619750e+04 6.371041841779777997e+02 7.218596288655944049e-01 2.750048319667448560e-01 3.135539167660798127e-03
5.771422857567130268e+04 6.661226358372757659e+02 7.928312847090656090e-01 2.037086777493338219e-01 3.460037541600519215e-03
5.771423062320600002e+04 6.483628407893572785e+02 7.573236405066837706e-01 2.393439801636443320e-01 3.332379329671944154e-03
5.772020971459490102e+04 5.799611752045063895e+02 5.677677187326689578e-01 4.298914441918096352e-01 2.340837075521481989e-03
5.772021178789350233e+04 5.759794018839002092e+02 5.621931728178206633e-01 4.354798888891511788e-01 2.326938293028126253e-03
5.772021386024310050e+04 5.966006467218401212e+02 6.078562106945272214e-01 3.896082992344122586e-01 2.535490071060591925e-03
5.772421063494210102e+04 5.796347255029379539e+02 6.398762190809367256e-01 3.571472473473429887e-01 2.976533571720327721e-03
5.772421270884259866e+04 6.172866414926379548e+02 7.385808508179215748e-01 2.579225168682781621e-01 3.496632313800337229e-03
5.772813138064809755e+04 6.915096074221406752e+02 7.194929770683989867e-01 2.778628837074166302e-01 2.644139224184455066e-03
5.772813342998839653e+04 7.281521363417567727e+02 7.936450585394154711e-01 2.034533516730027414e-01 2.901589787581870371e-03
5.799016862412040064e+04 6.914810995135758276e+02 5.969924408449578390e-01 4.011870005093986502e-01 1.820558645643476949e-03
5.799017067341440270e+04 6.853170291170488326e+02 5.868259139292018034e-01 4.113832197977514427e-01 1.790866273046844582e-03
5.799017272325229715e+04 6.913305105075615984e+02 5.949528429354927761e-01 4.032382290812508985e-01 1.808927983256414110e-03
5.799317281408570125e+04 7.540134307985046007e+02 6.940307563885592668e-01 3.038999271753704545e-01 2.069316436070379323e-03
5.799317489197920077e+04 7.647107932687185894e+02 7.092954397321976634e-01 2.886032628229979746e-01 2.101297444804390603e-03
5.799317696175930178e+04 7.744768508912230800e+02 7.253946401254375287e-01 2.724626693990637727e-01 2.142690475498709897e-03
5.799617709755789838e+04 nan nan nan nan
5.799617914864580234e+04 nan nan nan nan
5.799618119494210259e+04 1.779230328118209741e+02 1.283874358448475472e-01 8.703407948412245076e-01 1.271769313927946423e-03
5.800014257973380154e+04 7.683515243717455405e+02 7.196304124332802976e-01 2.782270584124249546e-01 2.142529154294724788e-03
5.800014462671300134e+04 8.302904973311863159e+02 8.310616101508194742e-01 1.664913899905638428e-01 2.446999858616686046e-03
5.800014669960649917e+04 8.340482479613390296e+02 8.299277536949644096e-01 1.676538589442200800e-01 2.418387360815545117e-03
5.800314683020830125e+04 5.963979854695030554e+02 4.623781702208874522e-01 5.361537490246989224e-01 1.468080754413472961e-03
5.800314890200230002e+04 5.940052832272124306e+02 4.451692702228934317e-01 5.534589089983544818e-01 1.371820778752051283e-03
5.800315097386569687e+04 6.086455765374975044e+02 4.647932684215156929e-01 5.337823762124553895e-01 1.424355366028877542e-03
5.800711306057869660e+04 6.975483369964690610e+02 6.189289056278760581e-01 3.791481773079804496e-01 1.922917064143473635e-03
5.800711510732639726e+04 6.904545663707040148e+02 6.042212032042749703e-01 3.939083328240743365e-01 1.870463971650641183e-03
5.800711715050930070e+04 7.032990727658244623e+02 6.184238857792999644e-01 3.796876008766464361e-01 1.888513344053432529e-03
5.801011732460650092e+04 7.218854731801168327e+02 6.420990162208066732e-01 3.559685926229256836e-01 1.932391156267567129e-03
5.801011937150460290e+04 7.288659390329996768e+02 6.528003829496776822e-01 3.452403522909253675e-01 1.959264759396985890e-03
5.801012141791670001e+04 7.428386357851750290e+02 6.727352910380919315e-01 3.252614961396395055e-01 2.003212822268462395e-03
5.801707824304400128e+04 7.521429423896233857e+02 7.051805102813910597e-01 2.926725123371614057e-01 2.146977381447439607e-03
5.801708028812499833e+04 7.549686547396645437e+02 7.015429252032632235e-01 2.963480664710863577e-01 2.109008325650345989e-03
5.801708233447920065e+04 7.419385070984731101e+02 6.747384518288415123e-01 3.232414953114945422e-01 2.020052859663962024e-03
5.802104939627309795e+04 8.391159761405202744e+02 8.850934159665224676e-01 1.121891320584080809e-01 2.717451975069552945e-03
5.802105144168980041e+04 8.215290754843607601e+02 8.493301627485578820e-01 1.480592701824385848e-01 2.610567069003540564e-03
5.802105348754629813e+04 8.668831596187349078e+02 9.366885701992048174e-01 6.045977503868323055e-02 2.851654762112006223e-03
5.802408142475689965e+04 6.392214327953839756e+02 8.026901447185015304e-01 1.934584356287422369e-01 3.851419652756407110e-03
5.802408347208330088e+04 6.269631258273888079e+02 8.119908926347486622e-01 1.839122961159972702e-01 4.096811249254129171e-03
5.802408551613429881e+04 6.213320944665937304e+02 8.330914357444261231e-01 1.625175443883252191e-01 4.391019867248656915e-03
5.802708559285879892e+04 6.683792270542036249e+02 6.097241378260658262e-01 3.882432780642324777e-01 2.032584109701667929e-03
5.802708970991899696e+04 6.949590266874627105e+02 6.520236261127296817e-01 3.458263865509420554e-01 2.149987336328206943e-03
5.804723603105320217e+04 6.333782385181599466e+02 5.566372115139952559e-01 4.414763361663519015e-01 1.886452319652950427e-03
5.804723807749999833e+04 6.291575176546550665e+02 5.497949681952837286e-01 4.483398963485534794e-01 1.865135456162781780e-03
5.804724014932870341e+04 6.269346014508806775e+02 5.458374999914933356e-01 4.523110589289126016e-01 1.851441079593959572e-03
5.805024026468749798e+04 4.609032849537418315e+02 8.200684294767718319e-01 1.721992790595794354e-01 7.732291463648737970e-03
5.805024233653939882e+04 6.306397889338970799e+02 6.655928044636830743e-01 3.316864862613611575e-01 2.720709274955786846e-03
5.805024438494210335e+04 6.802224032001614660e+02 7.157338193378299795e-01 2.815620426593337111e-01 2.704138002836406485e-03
5.805327577043980273e+04 6.310338234272675209e+02 6.146416192635049125e-01 3.830411659586049899e-01 2.317214777890071100e-03
5.805327784341439838e+04 4.792016578545392349e+02 5.376313445043908734e-01 4.592942568897756539e-01 3.074398605833535136e-03
5.805327991408570233e+04 6.223587342978759125e+02 6.024650664671579170e-01 3.952461232359154586e-01 2.288810296926507316e-03
5.805628832104169851e+04 6.156098022052721035e+02 6.266838939919676665e-01 3.707849806730337816e-01 2.531125334998592189e-03
5.805629039309029758e+04 6.571289083865558496e+02 7.253894682192941756e-01 2.716342846990724147e-01 2.976247081633568835e-03
5.805629246236110339e+04 6.446612266670614417e+02 6.995690645064249757e-01 2.975546914697581036e-01 2.876244023817050351e-03
5.806222355206019711e+04 6.653360031126093190e+02 6.568061814577272894e-01 3.408135823743833615e-01 2.380236167889430640e-03
5.806222562383100012e+04 6.462631836112951760e+02 6.190502271790080391e-01 3.787086762028881171e-01 2.241096618103829118e-03
5.806222766803239938e+04 7.601059710690381053e+02 8.586714000137107838e-01 1.382116248024255756e-01 3.116975183863745103e-03
5.806522972351850331e+04 5.156704471926227598e+02 4.255168143556464777e-01 5.728200923859729787e-01 1.663093258380451619e-03
5.806523176767359837e+04 4.999997554338594909e+02 4.053645600021521522e-01 5.930300534975213589e-01 1.605386500326320617e-03
5.806523383688659669e+04 5.003052992477369685e+02 4.185333063826336963e-01 5.797573968166928049e-01 1.709296800673329409e-03
5.806823395875000278e+04 6.181115415065925163e+02 5.986082227359016406e-01 3.991010188650005452e-01 2.290758399097584785e-03
5.806823600857640122e+04 6.255311645554027109e+02 6.122557760325207932e-01 3.854043335662196701e-01 2.339890401259591378e-03
5.806823805357640231e+04 5.976047966464778938e+02 5.650124588814122717e-01 4.328042304523712636e-01 2.183310666216526762e-03
5.807123806574069749e+04 6.139139389775212976e+02 6.241747556495902405e-01 3.733004555884334996e-01 2.524788761976290256e-03
5.807124011413189874e+04 6.105223341167038598e+02 6.202206186627982065e-01 3.772587059263386999e-01 2.520675410863186788e-03
5.807124218600690074e+04 6.084427869302636509e+02 6.175947955703421366e-01 3.798887133324480025e-01 2.516491097209956705e-03
5.755737672369209758e+04 8.966768550350259375e+02 8.999656283399845025e-01 9.757396120756453572e-02 2.460410452451031182e-03
5.756133022916669870e+04 8.272504438618090035e+02 7.643165672748236661e-01 2.335984610174286769e-01 2.084971707747617156e-03
5.756133227755789994e+04 8.219935714086955159e+02 7.574590922232024015e-01 2.404669058239051471e-01 2.074001952892389790e-03
5.756133432156249910e+04 8.195026377820215657e+02 7.464138285470406364e-01 2.515599529399368817e-01 2.026218513022370882e-03
5.756640274435179890e+04 8.693136983958003157e+02 8.790652721381492229e-01 1.184371626447535963e-01 2.497565217097263111e-03
5.756640565740739839e+04 8.192367519054843115e+02 7.702596251316214948e-01 2.275812236937769240e-01 2.159151174601439856e-03
5.756640813357639854e+04 8.366340474183324432e+02 8.090573460780655646e-01 1.886585535788456447e-01 2.284100343088707030e-03
5.756940826380789804e+04 6.729476353029245956e+02 7.375640824365623516e-01 2.595018871372677394e-01 2.934030426169890841e-03
5.756941031233799731e+04 8.430973010043388740e+02 9.769828538546828645e-01 1.973735550067614100e-02 3.279790644641052653e-03
5.756941235986109677e+04 7.247889096902362098e+02 7.309265576952828081e-01 2.665894397273757543e-01 2.484002577341497004e-03
5.757335477071759669e+04 7.814414637616401649e+01 1.530706619031209637e-01 8.375576321272640845e-01 9.371705969614877244e-03
5.757335681866900268e+04 nan nan nan nan
5.757335886174769985e+04 nan nan nan nan
5.757635904164350359e+04 8.020741748628188361e+02 7.543434842809154661e-01 2.434961023431212179e-01 2.160413375963337636e-03
5.757636109031250089e+04 8.070885320580534881e+02 7.575706528081966873e-01 2.402774002021619837e-01 2.151946989641279149e-03
5.757636313547450118e+04 7.983640975432732603e+02 7.396271471570520228e-01 2.582765630189651773e-01 2.096289823982717005e-03
5.758129654758099787e+04 8.530179922199467910e+02 8.497941149139599526e-01 1.477818511694183323e-01 2.424033916621805285e-03
5.758129862053239776e+04 8.498382941606397480e+02 8.374611156767752806e-01 1.601670500178091761e-01 2.371834305415633504e-03
5.758130066709490347e+04 8.466427946691925399e+02 8.195028016654980485e-01 1.782088186217662684e-01 2.288379712735539098e-03
5.758430065474539879e+04 8.292686724467041586e+02 7.929267874542379468e-01 2.048401376032884802e-01 2.233074942473453704e-03
5.758430269878469699e+04 8.060175925754706441e+02 7.474049744918758176e-01 2.504948743072565320e-01 2.100151200867666004e-03
5.758430476832180284e+04 7.968194078634438711e+02 7.291501965422612086e-01 2.688045750122138311e-01 2.045228445525049208e-03
5.758735471921299904e+04 5.971364908661678328e+02 6.359741151470416076e-01 3.612553775885907204e-01 2.770507264367743586e-03
5.758735676368059649e+04 6.529496680481436215e+02 7.521668144869613215e-01 2.445920546740216750e-01 3.241130839017040358e-03
5.758735880907410319e+04 5.752707345409382924e+02 6.212682352278158238e-01 3.758830998128986356e-01 2.848664959285586613e-03
5.759041060892360110e+04 2.532542139556597931e+02 1.367993036641925730e-01 8.624880368836612687e-01 7.126594521460581514e-04
5.759041265638890036e+04 4.324826887597790801e+02 2.810916876189873959e-01 7.178765345647265539e-01 1.031777816286074756e-03
5.759041472459489887e+04 3.127851974132235000e+02 1.819533012495089530e-01 8.172201753906743749e-01 8.265233598165728189e-04
5.759342014512729656e+04 7.742125060782074115e+02 7.067154319445422272e-01 2.912494180668578903e-01 2.035149988599921096e-03
5.759342219388890226e+04 7.396773627987424788e+02 6.412263513300618945e-01 3.569381008446062542e-01 1.835547825331744660e-03
5.759342423879630223e+04 7.684234679510475416e+02 6.923708430729624830e-01 3.056462426552193357e-01 1.982914271818095060e-03
5.792526005879630247e+04 7.014560589537371698e+02 7.178045667610513103e-01 2.796377949237975336e-01 2.557638315151231165e-03
5.792526223586809647e+04 7.241816413752468407e+02 7.668312702101751643e-01 2.304301068346402970e-01 2.738622955184551698e-03
5.792526430643520143e+04 6.813018986525476066e+02 7.229406363745993769e-01 2.743092305287749832e-01 2.750133096625758701e-03
5.793327861822919658e+04 6.856051431477098959e+02 6.457706811056067586e-01 3.520624324615111433e-01 2.166886432882154847e-03
5.793328153189810109e+04 6.262566806865496574e+02 5.329541345316251011e-01 4.652769683892111763e-01 1.768897079163569757e-03
5.793328357708329713e+04 6.476405071071834527e+02 5.618734944007318655e-01 4.362881195344932017e-01 1.838386064774905071e-03
5.793628368734950345e+04 6.945318019687184687e+02 6.021803779979724158e-01 3.959835210154328267e-01 1.836100986594581654e-03
5.793628576050930133e+04 7.048727819620448827e+02 6.143693310851137124e-01 3.837751507480958169e-01 1.855518166790366252e-03
5.793628783324069809e+04 7.191912553474344350e+02 6.335755481488358765e-01 3.645289000524655765e-01 1.895551798698562459e-03
5.794228447361110011e+04 4.124777926895456517e+02 2.866076095668200763e-01 7.122131511784416391e-01 1.179239254738289385e-03
5.794228652329860051e+04 nan nan nan nan
5.794228856964119768e+04 4.082061387014203433e+02 2.809519285379151188e-01 7.178910734594144971e-01 1.156998002670437233e-03
5.794528865236110141e+04 3.843126002464741191e+02 2.084202769086877238e-01 7.908613694016023432e-01 7.183536897099396853e-04
5.794529069642360264e+04 3.890014178992472580e+02 2.178535548746284578e-01 7.813803996171109212e-01 7.660455082606230709e-04
5.794529273826390272e+04 3.866806270886813763e+02 2.150450009085159986e-01 7.841995912116974665e-01 7.554078797864765670e-04
5.794831481783559866e+04 7.210335128033700585e+02 6.415947895677279744e-01 3.564712909329595947e-01 1.933919499312285401e-03
