5.807822702199999912e+04 1.445140286344211972e+03 6.540299489661242083e-01 6.628528867827693238e-02 2.796847623555989149e-01
5.807521031799999764e+04 1.484606127936965549e+03 6.820802476681315785e-01 2.968788258402760977e-02 2.882318697478408187e-01
5.802708815599999798e+04 1.496212088465924126e+03 6.907619280083998614e-01 1.819047482303530819e-02 2.910475971685648755e-01
5.802408396399999765e+04 1.147216906975149413e+03 5.954051573017477006e-01 3.678134933620475638e-02 3.678134933620474945e-01
5.802105194599999959e+04 nan nan nan nan
5.801708080599999812e+04 1.640643951600435912e+03 7.219624820842841517e-01 1.361762451037504956e-02 2.644198934053408334e-01
5.801011987200000294e+04 1.601267223856039891e+03 7.076100123485781213e-01 2.573245217360893913e-02 2.666575354778129014e-01
5.800711561800000345e+04 1.566215066144919774e+03 6.939047535774941489e-01 3.806088002801737841e-02 2.680343663944885768e-01
5.800314940999999817e+04 1.544875934696064178e+03 6.924601049880244608e-01 3.319565325285372959e-02 2.743442417591217541e-01
5.800014514800000325e+04 nan nan nan nan
5.799317538000000059e+04 1.609606053823260709e+03 7.102206455737136714e-01 2.392673568657409724e-02 2.658526187397121654e-01
5.799017118599999958e+04 1.592772722437022367e+03 7.113181140790740820e-01 1.634048410873165796e-02 2.723414018121942948e-01
5.807124063600000227e+04 1.465730459680746662e+03 6.642084976498296989e-01 5.538106197424522148e-02 2.804104403759252184e-01
5.798637258399999700e+04 1.655976132788420273e+03 7.258474082872763411e-01 1.180561399719862528e-02 2.623469777155249538e-01
5.798336837199999718e+04 1.635667846618714293e+03 7.077666643860143214e-01 3.656112597795272562e-02 2.556722096360330432e-01
5.798009769200000301e+04 1.551373285658402892e+03 6.824824691082103101e-01 5.324992299183987920e-02 2.642676078999497968e-01
5.797028193599999940e+04 1.617205778564360799e+03 7.051825319690760985e-01 3.518077227493630887e-02 2.596366957559875788e-01
5.796226323399999819e+04 1.429583892518950279e+03 6.855304073680261734e-01 4.709978921097929022e-04 3.139985947398640231e-01
5.795825814199999877e+04 1.602685042329332646e+03 7.084779882888923019e-01 2.468264172382376304e-02 2.668393699872839697e-01
5.795434966600000189e+04 1.402410068616381977e+03 6.707577664951269725e-01 1.686819792150202890e-02 3.123740355833709570e-01
5.795132162599999720e+04 1.627800328151443409e+03 7.199395484384429889e-01 1.295463223722986487e-02 2.671058193243271983e-01
5.794831738400000177e+04 1.595356562842250696e+03 7.062059083333468434e-01 2.622205918336248734e-02 2.675720324832907004e-01
5.806823653200000263e+04 1.501991875888114009e+03 6.806261440743794910e-01 3.897538715861391390e-02 2.803984687670065812e-01
5.794529109250000329e+04 nan nan nan nan
5.793628626600000280e+04 1.646406294264829739e+03 7.110494134390947796e-01 3.425637187522410226e-02 2.546942146856810418e-01
5.793328203999999823e+04 nan nan nan nan
5.792526272800000152e+04 1.478099570443300763e+03 6.807833199405368685e-01 2.954637147555829943e-02 2.896703085839048564e-01
5.791636026799999672e+04 1.647085934794586137e+03 7.006472338695333146e-01 5.226009908096881235e-02 2.470926670494979216e-01
5.791335616399999708e+04 1.619257944568753601e+03 7.041813285731713945e-01 3.757452352038721105e-02 2.582441479064414014e-01
5.790637637199999881e+04 1.639407829761639277e+03 7.114573050877173177e-01 3.137451762860827414e-02 2.571681772836744151e-01
5.790337216400000034e+04 1.545267348530599293e+03 7.006996218787987507e-01 1.853079264165036211e-02 2.807695854795509427e-01
5.785732145399999717e+04 1.249720276255789486e+03 6.260122716802323239e-01 3.135123879180828216e-02 3.426364895279594425e-01
5.806523226199999772e+04 1.471775790885208608e+03 6.916491115039254955e-01 6.785227375219243275e-03 3.015656611208553661e-01
5.775210959000000003e+04 1.392939831421817644e+03 6.708077995894289325e-01 1.250898693238822364e-02 3.166832134781829011e-01
5.774910542200000054e+04 1.390299977517322759e+03 6.765998132495116835e-01 1.436185333993871081e-18 3.234001867504884276e-01
5.774603408399999898e+04 1.413729030569749057e+03 6.682279724353156203e-01 2.669430106842288208e-02 3.050777264962615254e-01
5.774214848799999891e+04 1.418562282187616120e+03 6.756602586862765492e-01 1.455966365018624212e-02 3.097800776635371012e-01
5.773914360599999782e+04 1.427386054817846343e+03 6.757485763571043913e-01 1.820949476805313813e-02 3.060419288748426059e-01
5.773613954599999852e+04 1.390497112444842287e+03 6.672103620317904049e-01 1.839224735110086065e-02 3.143973906171088628e-01
5.773313540800000192e+04 1.366432638455524739e+03 6.579353056200597516e-01 2.548469032631670711e-02 3.165800040536235760e-01
5.772813394400000107e+04 1.441027746585978775e+03 6.735165488133252332e-01 2.818884069176863863e-02 2.982946104949062427e-01
5.772421321799999714e+04 nan nan nan nan
5.772021227799999906e+04 1.441548623725030438e+03 6.842196893490737342e-01 8.152146353871934231e-03 3.076281642970541963e-01
5.806222611399999732e+04 1.537462224310658712e+03 7.081424412958835513e-01 2.172636913430148285e-03 2.896849217906863339e-01
5.771422909600000276e+04 1.396046903269156701e+03 6.678306755167441322e-01 1.968642280568684566e-02 3.124829016775690915e-01
5.770322236400000111e+04 1.461798405735670030e+03 6.535897746189404112e-01 7.343132437155637515e-02 2.729789010095032276e-01
5.769427273799999966e+04 1.515964450763226523e+03 7.029868025578294155e-01 3.376818359451270578e-03 2.936363790827193898e-01
5.769003639600000315e+04 1.576292668103305232e+03 7.046286604592941760e-01 2.251097968785980077e-02 2.728603598528460683e-01
5.763231214400000317e+04 1.616886666890741935e+03 7.151232351010126109e-01 1.776306128999780368e-02 2.671137036089895611e-01
5.762929125400000339e+04 1.617140703029773022e+03 7.162163548226924137e-01 1.593688238607815846e-02 2.678467627912295423e-01
5.762619176000000152e+04 1.603076456166239268e+03 7.092158095977272314e-01 2.351930951783087753e-02 2.672648808844418356e-01
5.762318751199999679e+04 1.613921639064337114e+03 7.001903353557390464e-01 4.279323545929656497e-02 2.570164291849643678e-01
5.761939571199999773e+04 1.626425205008260718e+03 7.201246135966807849e-01 1.218013398503206210e-02 2.676952524182871218e-01
5.805629088600000250e+04 1.559134119047945887e+03 7.062374160631118558e-01 1.358844570428142592e-02 2.801741382326067842e-01
5.761623948399999790e+04 1.620473275830660214e+03 7.040720814506373770e-01 3.815098601507461995e-02 2.577769325342879059e-01
5.761322177599999850e+04 1.618798653801508408e+03 7.154236202410743095e-01 1.786936967558390432e-02 2.667070100833418556e-01
5.760943312799999694e+04 1.596533291266896413e+03 6.955065675145236659e-01 4.535008568932626799e-02 2.591433467961500869e-01
5.760642889399999694e+04 1.607636413718195627e+03 7.158511953624554502e-01 1.340196839405284092e-02 2.707468362434917730e-01
5.760041762200000085e+04 1.621663174345390416e+03 7.153170087661755439e-01 1.899657850976989651e-02 2.656864127240545215e-01
5.759727232599999843e+04 nan nan nan nan
5.759342271600000095e+04 1.650352110005145278e+03 7.310926982985184175e-01 9.378929306977423557e-04 2.679694087707837902e-01
5.797328611999999703e+04 1.516762757296643258e+03 6.868252527703901933e-01 3.317944349281069794e-02 2.799953037367990949e-01
5.787636818599999970e+04 1.748278209329888568e+03 7.255446842361595872e-01 3.927509660030963773e-02 2.351802191635307682e-01
5.770016520399999717e+04 1.551239466390295320e+03 7.082418868702148318e-01 7.116051539750858565e-03 2.846420615900343565e-01
5.759041317200000049e+04 1.382246165621300634e+03 6.674455011461892795e-01 1.416819071229734502e-02 3.183863081415134189e-01
5.758735726599999907e+04 1.246621859797262005e+03 6.366056928212689980e-01 7.299934637103371038e-03 3.560943725416277350e-01
5.758430321199999889e+04 1.641803078848115547e+03 7.168061709859979702e-01 2.290538322907369542e-02 2.602884457849283240e-01
5.805327823499999795e+04 1.096145804513203984e+03 5.540227010016374187e-01 9.714875174166542893e-02 3.488285472566970968e-01
5.758129911400000128e+04 1.637402749344576250e+03 7.179313659090637012e-01 1.955710864567217211e-02 2.625115254452641267e-01
5.757636160399999790e+04 1.654027029688687207e+03 7.179932066452640038e-01 2.470132496537832609e-02 2.573054683893576944e-01
5.756941082399999868e+04 1.407372832583213039e+03 6.696610325857117463e-01 2.117755663816446587e-02 3.091614107761236907e-01
5.756640616399999999e+04 1.623731116208073217e+03 7.069693964869609992e-01 3.416964634604341411e-02 2.588609571669955867e-01
5.756133278399999836e+04 1.653159568012500358e+03 7.158195891894527652e-01 2.816202269293711230e-02 2.560183881176101850e-01
5.755737514999999985e+04 1.649627973587214001e+03 7.111816170356700662e-01 3.502367034189590722e-02 2.537947126224340821e-01
5.755426544399999693e+04 1.090033384482464498e+03 5.773169207178272533e-01 3.964449361640676184e-02 3.830385856657658739e-01
5.755039621199999965e+04 1.671080853399247871e+03 7.325080709598920103e-01 5.116324292576857925e-03 2.623756047475312436e-01
5.754629755200000363e+04 1.620293544440930873e+03 7.039663991926129460e-01 3.827687393983193742e-02 2.577567268675551304e-01
5.753429346400000213e+04 1.665819870142258651e+03 7.308501607595091487e-01 6.308199357199000858e-03 2.628416398832917888e-01
5.805024283200000355e+04 1.373970562310019659e+03 6.520351909584237715e-01 4.043956905785883044e-02 3.075252399837172801e-01
5.752940875599999708e+04 1.649187894775861196e+03 7.299494133920294558e-01 2.541337863076492069e-03 2.675092487448940126e-01
5.752333647667000332e+04 nan nan nan nan
5.804723859600000287e+04 1.527148777072921575e+03 6.929694204682730341e-01 2.586704516201362991e-02 2.811635343697133083e-01
5.770724963199999911e+04 nan nan nan nan
