5.795434915491900028e+04 2.070196109129572335e+02 1.749780111532593663e-01 8.245857627718117255e-01 4.362260749289196301e-04
5.823926800362270296e+04 nan nan nan nan
5.835129213258100208e+04 1.613428313964111283e+02 1.242610487970134542e-01 8.753767596418989827e-01 3.621915610875823632e-04
5.756640813357639854e+04 2.157994530074145416e+02 1.576930398754805840e-01 8.419809042591623882e-01 3.260558653569960836e-04
5.796526993535880320e+04 7.028475077294402240e+01 6.542650988169400328e-02 9.340443716321240597e-01 5.291184861820716779e-04
5.785731888864580105e+04 1.249405546475878879e+02 9.023333976298440751e-02 9.094481709339337083e-01 3.184893030819755657e-04
5.833428344784719957e+04 1.750233264503570751e+02 1.495834499655171457e-01 8.499705418079116503e-01 4.460082265712267489e-04
5.770724706540509942e+04 1.219512610775347810e+02 6.458522184677560618e-02 9.352435160134807690e-01 1.712621397436584999e-04
5.835128803995370254e+04 1.624780572111707784e+02 1.284440530857352825e-01 8.711743488056055140e-01 3.815981086591718036e-04
5.769003794601849950e+04 2.389503452966230270e+02 2.050387635799806874e-01 7.945116385248082169e-01 4.495978952110483420e-04
5.825840509017359727e+04 1.605404423993061584e+02 1.407974112574899850e-01 8.587329238752995364e-01 4.696648672106634227e-04
5.831828703347220289e+04 1.682308572094922852e+02 1.489939343329248767e-01 8.505271119958317527e-01 4.789536712434814864e-04
5.831828496164349781e+04 1.624961260752205590e+02 1.433693407747538007e-01 8.561553303487982047e-01 4.753288764479674921e-04
5.807520775504630001e+04 2.096614582138524270e+02 1.741796491055991880e-01 8.253989210728702730e-01 4.214298215306125470e-04
5.805024026468749798e+04 8.874415165255324212e+01 7.828996724994723155e-02 9.212348065410995712e-01 4.752262089531847583e-04
5.807124011413189874e+04 1.934432920778360199e+02 1.572025537429653508e-01 8.423941915083692500e-01 4.032547486654172297e-04
5.752032221108800150e+04 nan nan nan nan
5.824428524973380263e+04 4.800172827321117097e+01 1.047282927024635255e-02 9.894981049522563188e-01 2.906577749725940853e-05
5.759041472459489887e+04 8.462593440507396281e+01 3.424210903911831944e-02 9.656579181959724645e-01 9.997276490916844592e-05
5.751622793262729829e+04 nan nan nan nan
5.827023104541670182e+04 nan nan nan nan
5.770016264601849980e+04 1.889534689593361065e+02 1.299488241002060562e-01 8.697623722917116051e-01 2.888036080824327883e-04
5.829430420554400189e+04 1.332273242111647846e+02 9.593915032080654881e-02 9.037442045801771240e-01 3.166450990163434116e-04
5.761939315737270226e+04 1.362197391759485186e+02 6.034109947392372886e-02 9.395390847527247402e-01 1.198157733514032379e-04
5.753429089564809692e+04 2.051393325308739293e+02 1.329351350407818599e-01 8.668084464732117578e-01 2.564184860064062997e-04
5.787636561278929730e+04 2.729212651920810799e+02 2.161020663063116798e-01 7.835150994893484988e-01 3.828342043398153872e-04
5.796226476614580315e+04 2.205458214147581657e+02 1.901256730694468045e-01 8.094205404979651908e-01 4.537864325881451233e-04
5.822336692063660303e+04 1.893686926181320302e+02 1.585985749498275144e-01 8.409731233035641074e-01 4.283017466084146504e-04
5.811810135194440227e+04 1.473788966207040403e+02 8.790580216155555182e-02 9.118769616737202321e-01 2.172361647242751731e-04
5.801708028812499833e+04 2.349814048629761487e+02 1.945345568186404583e-01 8.050469444232200011e-01 4.184987581396057313e-04
5.751127795192129997e+04 2.370756945257606958e+02 1.832620779750576689e-01 8.163730514878930755e-01 3.648705370493032438e-04
5.792224023196759663e+04 1.926074904000259735e+01 1.743339075510927025e-02 9.820663616264642126e-01 5.002476184267217211e-04
5.834437502118059638e+04 1.791181805895823516e+02 1.567840060601993768e-01 8.427481598963252329e-01 4.678340434755355972e-04
5.792526430643520143e+04 2.166895956979398079e+02 1.835885251406270402e-01 8.159731636342789640e-01 4.383112250940142678e-04
5.799618119494210259e+04 6.258374965135742940e+01 3.987978534094595295e-02 9.598722726535532379e-01 2.479420055007902721e-04
5.792223818324069725e+04 3.787361138998856092e+01 3.326207700309270765e-02 9.662669533294322433e-01 4.709696674751119214e-04
5.832128978122679837e+04 1.667119570193580671e+02 1.442229688446506342e-01 8.553200450359337292e-01 4.569861194157848151e-04
5.771423062320600002e+04 1.685402501204514749e+02 1.356910846790480574e-01 8.639131269717928996e-01 3.957883491590417934e-04
5.790637790084489825e+04 2.618901780108170669e+02 2.105932912448594818e-01 7.890118713510271276e-01 3.948374041135347778e-04
5.796226067233800131e+04 1.792078172686115636e+02 1.571792296741889028e-01 8.423510449124863575e-01 4.697254133248292707e-04
5.797328765510419908e+04 1.174128422685607660e+02 4.683317365172187663e-02 9.530696761658421501e-01 9.715018243593666791e-05
5.758430269878469699e+04 2.326808074808454876e+02 1.927295043635759986e-01 8.068515642199103333e-01 4.189314165137608095e-04
5.759727180795140157e+04 1.106869870779747913e+02 9.849391715860066066e-02 9.010225863426465365e-01 4.834964987529108589e-04
5.808221126275460119e+04 1.183646968708397793e+02 9.292272909882691445e-02 9.067009423418170844e-01 3.763285593560390728e-04
5.760342213885419915e+04 2.589331535560065731e+02 2.200744256435135660e-01 7.794844800230935622e-01 4.410943333929759347e-04
5.823538053755790315e+04 8.821456900371029519e+01 7.370087610251288557e-02 9.258729053807226439e-01 4.262185167646373929e-04
5.754629907357640332e+04 2.635792923965199748e+02 2.190922514234496521e-01 7.804858586977764245e-01 4.218898787739568676e-04
5.773313283907409641e+04 1.198351432435419497e+02 7.228157073576457758e-02 9.274962751247191051e-01 2.221541395164122453e-04
5.758129654758099787e+04 2.268746697760567486e+02 1.998554661581561087e-01 7.996706982415692222e-01 4.738356002748142634e-04
5.795434710633099894e+04 2.106129133157902231e+02 1.809709157450654915e-01 8.185782517484641030e-01 4.508325064704741983e-04
5.805327577043980273e+04 2.073731722538248050e+02 1.690484733877852253e-01 8.305457518709635778e-01 4.057747412513755146e-04
5.793328153189810109e+04 2.014688371793853037e+02 1.769478353235444112e-01 8.225811413727345256e-01 4.710233037212383650e-04
5.834822050653940096e+04 1.238463343970566939e+02 1.143978494426081960e-01 8.850811513621625881e-01 5.209991952293187853e-04
5.807822652960650157e+04 1.906812352153459926e+02 1.519712464096347748e-01 8.476408939563665479e-01 3.878596339987893413e-04
5.751128210050929920e+04 2.425467251546571958e+02 1.890321231473957864e-01 8.105969843625272508e-01 3.708924900770765214e-04
5.804723603105320217e+04 2.209517047895908775e+02 1.813230579759736449e-01 8.182657175047561848e-01 4.112245192701472450e-04
5.772813550339119683e+04 1.720272157614402886e+02 1.285193335239832590e-01 8.711398581043352518e-01 3.408083716816288412e-04
5.794529273826390272e+04 1.046604629354531113e+02 5.789749579722396067e-02 9.419156418113082685e-01 1.868623914677488293e-04
5.774910491856480076e+04 1.780301023287296402e+02 1.432018924558787487e-01 8.564030337006631743e-01 3.950738434581380944e-04
5.797028347689809743e+04 2.109046576390520045e+02 1.508619112319476430e-01 8.488256574832618861e-01 3.124312847905346378e-04
5.757635904164350359e+04 2.376267408117373066e+02 2.020471766866147045e-01 7.975113722216901069e-01 4.414510916953017818e-04
5.811509514637730172e+04 1.989275416372091456e+02 1.484151978360530311e-01 8.512449151552733406e-01 3.398870086736786172e-04
5.809417454857639677e+04 1.711460526418621839e+02 1.159543424030891612e-01 8.837653674014516181e-01 2.802901954592772779e-04
5.833127475625000079e+04 1.632456732996752748e+02 1.276497134666567668e-01 8.719769298109540934e-01 3.733567223891365002e-04
5.798637413616899721e+04 2.487175061116188033e+02 2.018808076955161679e-01 7.977168969624633954e-01 4.022953420204683126e-04
5.795132111849539797e+04 2.443896689407893916e+02 2.058723618840937464e-01 7.936943287727150631e-01 4.333093431911862387e-04
5.829430911765049677e+04 1.385497556556232155e+02 9.997690052500224356e-02 8.997051519456463753e-01 3.179475293514945062e-04
5.802408347208330088e+04 1.286718346299116433e+02 9.479934992961425166e-02 9.048692051423029570e-01 3.314449280828384112e-04
5.809417247935190244e+04 1.712516902058457617e+02 1.162609152340785823e-01 8.834576580079944730e-01 2.814267579270066772e-04
5.802708559285879892e+04 1.514600961216899577e+02 9.422504231550284104e-02 9.055386358377601752e-01 2.363218467370498360e-04
5.794529069642360264e+04 1.026090795030251144e+02 5.535382023616579328e-02 9.444684781956081965e-01 1.777015682260127091e-04
5.793628783324069809e+04 2.691360505984344513e+02 2.310170368955867526e-01 7.685330673304353599e-01 4.498957739778363177e-04
5.756133022916669870e+04 1.929949836241209766e+02 1.225514549536891040e-01 8.772023311577247240e-01 2.462138885862546079e-04
5.792526005879630247e+04 2.323139372944091576e+02 1.995694482556758242e-01 7.999799371760957234e-01 4.506145682285378506e-04
5.752333383954859892e+04 9.122490784042429368e+01 7.876064657765212418e-02 9.207841984153199988e-01 4.551550070280288227e-04
5.762318905652780086e+04 2.408506035851939941e+02 1.997834864218353546e-01 7.997963761785534809e-01 4.201373996112923049e-04
5.758735471921299904e+04 1.131745251022067293e+02 6.263266104214405827e-02 9.371803258655041491e-01 1.870130923518802460e-04
5.754629702839120000e+04 2.612181783355551374e+02 2.171377714517293556e-01 7.824403070980874286e-01 4.219214501833747511e-04
5.796226272096070170e+04 2.287042328033934382e+02 1.972081872265399050e-01 8.023377989013383838e-01 4.540138721218381986e-04
5.826232285940970178e+04 2.113152360072245983e+02 1.871729396377565247e-01 8.123479978962466763e-01 4.790624659968254796e-04
5.800014257973380154e+04 1.460814191602771643e+02 7.999555043194141180e-02 9.198213407121516028e-01 1.831088559069342175e-04
5.758735676368059649e+04 1.160108197892318174e+02 6.522021191728240297e-02 9.345867979674985504e-01 1.929901152190594254e-04
5.775211113959489739e+04 1.802975486506497305e+02 1.466669586546510973e-01 8.529289750979344165e-01 4.040662474145086027e-04
5.759342219388890226e+04 2.152571110993804666e+02 1.499532812218075384e-01 8.497503963134888094e-01 2.963224647037739014e-04
5.829732833850690076e+04 1.351388947528454594e+02 8.847927673583008690e-02 9.112589712404584041e-01 2.617520237115844779e-04
5.762928869053239760e+04 2.663597999574031974e+02 2.278418694835079028e-01 7.717113467793997872e-01 4.467837370924562660e-04
5.760943467989579949e+04 1.777630532798895047e+02 1.141634167530926752e-01 8.855847352160093333e-01 2.518480308980168298e-04
5.801707824304400128e+04 2.266623737887101129e+02 1.913784489620394547e-01 8.081862448495841234e-01 4.353061883765314919e-04
5.808221538364580192e+04 1.926132651727271252e+02 1.512871890313520207e-01 8.483361075461142153e-01 3.767034225337984651e-04
5.770725116266200348e+04 1.174906020674269911e+02 6.000293656271873943e-02 9.398378035522432228e-01 1.592598850380576260e-04
5.761322127516200271e+04 2.312665516315350089e+02 1.760550965002145862e-01 8.235910372043603322e-01 3.538662954251708070e-04
5.773313491203699959e+04 1.390555021153680002e+02 8.644121346048190546e-02 9.133228294665077795e-01 2.359570730103440178e-04
5.831336456532409647e+04 1.996913715792734649e+02 1.723067624568287715e-01 8.272386121490817867e-01 4.546253940895841590e-04
5.770724911196759786e+04 1.166960153563215243e+02 5.924252179530350992e-02 9.406001079435644119e-01 1.573702611320552892e-04
5.761623691380790115e+04 1.549780127578661961e+02 8.558919156422091501e-02 9.142245717138789418e-01 1.862367219001473504e-04
5.755039358618060214e+04 2.623621925273566831e+02 2.103469658429848455e-01 7.892605359779005791e-01 3.924981791147467655e-04
5.771122439228009898e+04 1.755634844886705821e+02 1.252520971936561811e-01 8.744371112047309991e-01 3.107916016129144742e-04
5.769427429901620053e+04 1.946062610207449666e+02 1.445078158699077409e-01 8.551554891025933136e-01 3.366950274989796298e-04
5.797328561118060315e+04 9.406783161255305004e+01 3.373576777490939343e-02 9.661856966231998634e-01 7.853560189068902885e-05
5.824428320671300025e+04 nan nan nan nan
5.757335681866900268e+04 nan nan nan nan
5.801011937150460290e+04 2.309005933183990749e+02 1.967169155057209573e-01 8.028398832610846858e-01 4.432012331943996093e-04
5.793328357708329713e+04 2.091069126044624227e+02 1.846873159712593138e-01 8.148363572415768807e-01 4.763267871638213820e-04
5.794228652329860051e+04 nan nan nan nan
5.833127687896989664e+04 1.640774802030174726e+02 1.264314697717994207e-01 8.732059700819220227e-01 3.625601462787090873e-04
5.793628368734950345e+04 2.576167895559640328e+02 2.258002964826795467e-01 7.737306003838543278e-01 4.691031334662588894e-04
5.828824209775459894e+04 1.961628765977206115e+02 1.735659076971524939e-01 8.259560538299409727e-01 4.780384729066052799e-04
5.822336899138890294e+04 1.871485307521615766e+02 1.549473949394857830e-01 8.446340396271773132e-01 4.185654333370124607e-04
5.796527198114580096e+04 4.299904089937137996e+01 3.969023317529831590e-02 9.597895104515917764e-01 5.202563731100362217e-04
5.828823795074070222e+04 1.887157310114742188e+02 1.654985228458343560e-01 8.340318646177817818e-01 4.696125363838860945e-04
5.774910287126160256e+04 1.819319829938754651e+02 1.521952080688462050e-01 8.473774736265186069e-01 4.273183046353472118e-04
5.832431115395829693e+04 1.229044226796794703e+02 6.968730604442083254e-02 9.301163850619682538e-01 1.963088936109735666e-04
5.758129862053239776e+04 2.321879814097169401e+02 2.049691744019174755e-01 7.945549808530946168e-01 4.758447449878793899e-04
5.799017272325229715e+04 2.455258681479242000e+02 2.118754520489787574e-01 7.876698380410968037e-01 4.547099099245170543e-04
5.772021178789350233e+04 1.894681450440394883e+02 1.483122448773043500e-01 8.513136021016960431e-01 3.741530209996602428e-04
5.755426286537040141e+04 1.504487553173464391e+02 1.163167868292464824e-01 8.833182279822815453e-01 3.649851884721106560e-04
5.802708766583329998e+04 1.502609137668261781e+02 9.255801167694624465e-02 9.072103002765850022e-01 2.316880464687590927e-04
5.770322185409720259e+04 1.457787072235526580e+02 8.158499750950364005e-02 9.182237530973401674e-01 1.912493931562282744e-04
5.773914310640050098e+04 1.583554520222996018e+02 1.043190334113070494e-01 8.954159770593408396e-01 2.649895293521709635e-04
5.794831481783559866e+04 2.277132399276794672e+02 1.788709177555565799e-01 8.207523172449148197e-01 3.767649995286995808e-04
5.759727385310189857e+04 5.266116241096841577e+01 4.654627198998030624e-02 9.529766860627534308e-01 4.770419472664760765e-04
5.826231871686340310e+04 2.078455826518882077e+02 1.826167684784266165e-01 8.169118556431675948e-01 4.713758784058283868e-04
5.806222766803239938e+04 1.573643190267365242e+02 9.068999502575657290e-02 9.091072022108750428e-01 2.028027633684408883e-04
5.800314683020830125e+04 1.577871565747127818e+02 9.899015727921225971e-02 9.007695125061806474e-01 2.403302146071063078e-04
5.752032630150460318e+04 nan nan nan nan
5.834822258515049907e+04 1.310959843221522192e+02 1.191955112085061746e-01 8.802997012016050560e-01 5.047875898887834670e-04
5.790637381167819694e+04 2.605164830529695337e+02 2.079632184760057123e-01 7.916476734051940412e-01 3.891081188003392378e-04
5.811809930796299886e+04 1.445268982362381394e+02 8.524770827176038346e-02 9.145398520149812249e-01 2.124397132584269338e-04
5.806523176767359837e+04 1.556028031414945474e+02 1.090114698915240210e-01 8.906888366910160615e-01 2.996934174599650527e-04
5.829430707340280060e+04 nan nan nan nan
5.824428116292820050e+04 nan nan nan nan
5.770322392438659881e+04 1.463789957966118038e+02 8.289568526374460622e-02 9.169084871049325569e-01 1.958276313228380088e-04
5.829128076983799838e+04 1.787043418719552221e+02 1.534044226056344717e-01 8.461456181305224700e-01 4.499592638430429466e-04
5.757636109031250089e+04 2.403131112347078613e+02 2.020622152562239204e-01 7.975060838643552863e-01 4.317008794208130576e-04
5.806222562383100012e+04 1.583155190018946996e+02 9.103791650278311720e-02 9.087601700295506735e-01 2.019134676662101904e-04
5.753429294650460361e+04 2.076687868227600120e+02 1.341873506534822236e-01 8.655577032593759768e-01 2.549460871418525259e-04
5.773914103421299660e+04 1.620440440930030661e+02 1.099604611524879622e-01 8.897583652068217219e-01 2.811736406903579308e-04
5.808622070533560327e+04 1.354179855858789665e+02 7.679226308210128360e-02 9.230113783389669591e-01 1.963585789318409900e-04
5.752032425738430175e+04 nan nan nan nan
5.760041711899310030e+04 2.315063759976423796e+02 1.886719863114730833e-01 8.109224523237564819e-01 4.055613647704635924e-04
5.774215002598379942e+04 1.898560325267980602e+02 1.632147714167055119e-01 8.363339572295709345e-01 4.512713537237551440e-04
5.796526788873840269e+04 5.246768871391682154e+01 4.937271825918718854e-02 9.500865798903610493e-01 5.407018504519085344e-04
5.823927007418980065e+04 nan nan nan nan
5.794528865236110141e+04 1.079637500746405010e+02 5.810969454561307201e-02 9.417134131626673232e-01 1.768922917196394384e-04
5.799016862412040064e+04 2.472084053970627622e+02 2.141943953033638715e-01 7.853471912116243292e-01 4.584134850119736342e-04
5.756640565740739839e+04 2.215791589888897590e+02 1.609896111715950484e-01 8.386880552650594067e-01 3.223335633456214590e-04
5.829127869806710078e+04 1.817502847270694133e+02 1.546125928540106331e-01 8.449455242693474366e-01 4.418828766419845310e-04
5.827123576915510057e+04 1.193880326657358211e+02 6.416490580112957365e-02 9.356587175136822365e-01 1.763766851881522083e-04
5.787323970866900345e+04 8.985443560152319264e+01 7.848176669833885344e-02 9.210524047046615426e-01 4.658285969996602644e-04
5.758430476832180284e+04 2.361817352202920972e+02 1.976921732024459755e-01 8.018800137962006636e-01 4.278130013534897809e-04
5.805024438494210335e+04 2.160463831540762385e+02 1.821695220843004281e-01 8.173963426326111836e-01 4.341352830883724490e-04
5.757335477071759669e+04 nan nan nan nan
5.772813342998839653e+04 1.729611394178176624e+02 1.301913720984803624e-01 8.694626606601928431e-01 3.459672413269321550e-04
5.834737719356479647e+04 1.962470701771856625e+02 1.747621538232137783e-01 8.247536113078682840e-01 4.842348689180728011e-04
5.801708233447920065e+04 2.397620131876011271e+02 2.010319256850721936e-01 7.985387979694215099e-01 4.292763455064053067e-04
5.806823395875000278e+04 1.944889610090694134e+02 1.574633491384685446e-01 8.421363959205047101e-01 4.002549410268557836e-04
5.829733038506939920e+04 1.421562954392718439e+02 9.365884152855050160e-02 9.060761052943402394e-01 2.650531771092451958e-04
5.762619330261569849e+04 2.390137729688781576e+02 2.050793613832778417e-01 7.944711013471826844e-01 4.495372695395229872e-04
5.752333793572919967e+04 nan nan nan nan
5.807822860027779825e+04 1.876261773022859813e+02 1.486409913052554044e-01 8.509757800431885233e-01 3.832286515561660598e-04
5.799017067341440270e+04 2.412640896761849945e+02 2.054549307122587598e-01 7.941022613353238002e-01 4.428079524174667559e-04
5.791335564643520047e+04 1.805766820351790614e+02 1.113756845967496661e-01 8.883920283091956138e-01 2.322870940547885552e-04
5.795825969094909669e+04 2.531729169735176583e+02 2.178742946366694633e-01 7.816734901767442567e-01 4.522151865862659211e-04
5.811209296942129731e+04 1.857572072801195020e+02 1.396709658867278103e-01 8.599838199762838142e-01 3.452141369884578954e-04
5.775210909396989882e+04 1.860393082967337648e+02 1.530410184606639801e-01 8.465457686045088082e-01 4.132129348272020174e-04
5.798009717217589787e+04 2.304810238159861058e+02 1.846499548095404675e-01 8.149581267410791474e-01 3.919184493803280853e-04
5.771122231931710121e+04 1.796158653862063375e+02 1.293515159374088452e-01 8.703318035777575234e-01 3.166804848336943071e-04
5.750823684359950130e+04 1.266585863153990346e+02 9.543870845877854003e-02 9.042145966197697726e-01 3.466949214517047991e-04
5.797028143182869826e+04 2.049848025575247448e+02 1.459468493367157282e-01 8.537436128103980115e-01 3.095378528863883326e-04
5.755039571016200352e+04 2.633921667899308545e+02 2.101675104910262215e-01 7.894437191949248422e-01 3.887703140490570840e-04
5.829733242995369801e+04 1.425295861302812455e+02 9.328949411401041281e-02 9.064489147200461838e-01 2.615911659433787042e-04
5.773914515188660152e+04 1.578554440923851985e+02 1.036093601804392444e-01 8.961275848561877089e-01 2.630549633732140805e-04
5.750823888879630249e+04 1.347699223546485712e+02 9.852198552393465203e-02 9.011516912388630729e-01 3.263232372022492698e-04
5.798009512350690056e+04 2.251271020960900842e+02 1.836930998422778571e-01 8.159003653185770144e-01 4.065348391452273252e-04
5.834437296673609671e+04 1.786420910086362426e+02 1.568873092490806753e-01 8.426417397895941130e-01 4.709509613253277547e-04
5.750823479354169831e+04 1.119858709750300250e+02 8.570763408719639376e-02 9.139346978231522867e-01 3.576680896513380076e-04
5.798009921662040142e+04 2.354402774579839672e+02 1.911930542963067858e-01 8.084042747103621362e-01 4.026709933311564704e-04
5.769427015548609779e+04 1.955748153285021544e+02 1.486330957146399512e-01 8.510142307798490569e-01 3.526735055110498656e-04
5.756941031233799731e+04 1.924863074768695128e+02 1.547089942889877667e-01 8.448965492365797525e-01 3.944564744326264374e-04
5.802104939627309795e+04 2.009849925076360080e+02 1.571574579854669584e-01 8.424691969824968929e-01 3.733450320362306806e-04
5.758735880907410319e+04 1.064528137953935243e+02 5.820002005511096255e-02 9.416174644990652487e-01 1.825154458238195220e-04
5.795131904060189845e+04 2.287546071534774512e+02 1.905040103840313082e-01 8.090725064104578035e-01 4.234832055110569001e-04
5.826535084216429823e+04 1.701803611537304448e+02 1.235073741557311117e-01 8.761710121441236288e-01 3.216137001453496817e-04
5.822336484763889894e+04 1.857511506894501565e+02 1.576895830398691023e-01 8.418703582416386944e-01 4.400587184923382780e-04
5.828425889914349682e+04 1.859561318354625996e+02 1.610536440570425332e-01 8.384883324547265371e-01 4.580234882309139246e-04
5.802708970991899696e+04 1.491309915707454081e+02 9.051028981079463354e-02 9.092647903596757786e-01 2.249198295296219059e-04
5.806823805357640231e+04 1.963097259736290994e+02 1.593098243627560640e-01 8.402880431781440951e-01 4.021324591000003984e-04
5.769003383031250269e+04 2.471049588151097964e+02 2.112269033798150064e-01 7.883269237197315649e-01 4.461729004534661274e-04
5.772021386024310050e+04 1.901608133183430027e+02 1.490832858058436516e-01 8.505414099243279180e-01 3.753042698284589709e-04
5.760943263361109712e+04 1.955394444066340043e+02 1.390642518208061451e-01 8.606269107710224908e-01 3.088374081714195807e-04
5.807124218600690074e+04 1.986509985036655621e+02 1.645379362720424676e-01 8.350431561346431941e-01 4.189075933143369436e-04
5.831336252050929761e+04 1.962891584534964124e+02 1.678931678563383989e-01 8.316601063113370218e-01 4.467258323245861819e-04
5.806522972351850331e+04 1.567998892718453305e+02 1.098917150386846397e-01 8.898083645348393578e-01 2.999204264760893762e-04
5.807822445435189729e+04 1.940129825212807191e+02 1.552538081785764801e-01 8.443551793721397747e-01 3.910124492838873726e-04
5.833127892640049686e+04 1.670948274314414732e+02 1.304753512016486872e-01 8.691523440437952663e-01 3.723047545561376293e-04
5.790337370518520038e+04 2.221419316572857383e+02 1.859820926387005247e-01 8.135899023857634527e-01 4.280049755361158676e-04
5.834137145361110015e+04 1.913217372939187726e+02 1.686842372213247787e-01 8.308410968959797360e-01 4.746658826955450034e-04
5.835129008620369859e+04 1.669065523681144327e+02 1.325443350820647015e-01 8.670705917884813374e-01 3.850731294540594421e-04
5.790937800020830036e+04 5.068164630321196285e+01 4.519276417309724819e-02 9.543217192875572685e-01 4.855165393456030822e-04
5.755039775870370067e+04 2.641189601855967339e+02 2.108284255950528263e-01 7.887825052343184762e-01 3.890691706288047303e-04
5.832431320015050005e+04 1.266202064855807379e+02 7.302557194779067673e-02 9.267713272938173930e-01 2.031007583920414717e-04
5.795132316312500188e+04 2.457831515104424795e+02 2.046610692846750901e-01 7.949155472373776732e-01 4.233834779473144246e-04
5.799317489197920077e+04 2.426623004821575194e+02 2.090874754341017216e-01 7.904591897619480667e-01 4.533348039502520265e-04
5.828824002586810093e+04 1.943751647107043823e+02 1.708084628940712835e-01 8.287200119516152652e-01 4.715251543135771982e-04
5.827123162187499838e+04 1.178265985827521121e+02 6.266458674137642682e-02 9.371627001407589752e-01 1.727131178646544899e-04
5.806523383688659669e+04 1.478756504280967761e+02 1.018031182153207037e-01 8.979074831545263979e-01 2.893986301529414477e-04
5.787636973238430073e+04 2.734828259559496928e+02 2.175839017126543484e-01 7.820295880081997719e-01 3.865102791459056747e-04
5.792526223586809647e+04 2.255789271775539362e+02 1.874799752803077146e-01 8.120982501732443293e-01 4.217745464480175091e-04
5.756640274435179890e+04 2.105983123339191252e+02 1.519278157596723466e-01 8.477543999231464955e-01 3.177843171811650051e-04
5.763231162777780264e+04 2.498850323304525887e+02 2.025048398862313304e-01 7.970941475553726674e-01 4.010125583959727054e-04
5.827123369481480040e+04 1.150887077909338672e+02 6.069951286536336144e-02 9.391306343663726741e-01 1.698527682640763655e-04
5.759342014512729656e+04 2.134121162560393827e+02 1.473671022557419830e-01 8.523417384965427113e-01 2.911592477151651480e-04
5.752940825335650152e+04 1.630746596585530312e+02 9.414299801808743984e-02 9.056534990207704139e-01 2.035029611421631905e-04
5.811209092512729694e+04 1.880030718140010038e+02 1.441630240758757231e-01 8.554779337023690200e-01 3.590422217553311751e-04
5.759041060892360110e+04 6.976245047767599772e+01 2.616052536417787580e-02 9.737536094500294226e-01 8.586518579269347782e-05
5.811810339833330363e+04 1.445074086349314086e+02 8.512626085106343721e-02 9.146618471615091117e-01 2.118919874275907507e-04
5.798336786162039789e+04 2.445100422316134825e+02 2.026966043353441160e-01 7.968837650251614502e-01 4.196306394944615548e-04
5.751622588629629900e+04 nan nan nan nan
5.751128002734950132e+04 2.351187328990745868e+02 1.814331118405222987e-01 8.182032861461249196e-01 3.636020133527702032e-04
5.826535289314809779e+04 1.705771268121108903e+02 1.236383036494399096e-01 8.760408979964410259e-01 3.207983541190244283e-04
5.790336961260419775e+04 2.190336327727691241e+02 1.889230087410704584e-01 8.106227194983141038e-01 4.542717606154935642e-04
5.808221331371529959e+04 1.802444577164484087e+02 1.416916987770635017e-01 8.579309614177909049e-01 3.773398051456369295e-04
5.800711510732639726e+04 2.325278970832308687e+02 1.981819301883382678e-01 8.013745167049195484e-01 4.435531067423227310e-04
5.755737257791669981e+04 2.152676814799451677e+02 1.621254045764083107e-01 8.375282478696920441e-01 3.463475538997154240e-04
5.754629497972220270e+04 2.654585099457610227e+02 2.225500339743149703e-01 7.770207957146570976e-01 4.291703110280612019e-04
5.834136940956019680e+04 1.905670043803482372e+02 1.674997262984796176e-01 8.320285361649166767e-01 4.717375366037507593e-04
5.774603562748840341e+04 1.658210445045001222e+02 1.134950615345321906e-01 8.862188882480996899e-01 2.860502173681244093e-04
5.760342622562500037e+04 2.553206863841647021e+02 2.109862472434508585e-01 7.885967835971193773e-01 4.169691594297787848e-04
5.772020971459490102e+04 1.924239822907731252e+02 1.547366252914440798e-01 8.448685216640893225e-01 3.948530444667038334e-04
5.769003590199069731e+04 2.494142010354494801e+02 2.138756495545991454e-01 7.856753487574080763e-01 4.490016879928179685e-04
5.760643043196760118e+04 2.138037654684621884e+02 1.763286258999480494e-01 8.232560543416957977e-01 4.153197583562366797e-04
5.831336047291669820e+04 1.955435995611674400e+02 1.664797381474434068e-01 8.330776702159244929e-01 4.425916366321878763e-04
5.759342423879630223e+04 2.185810226693817526e+02 1.544892792234182632e-01 8.452056929695095366e-01 3.050278070722775309e-04
5.827735880615739734e+04 1.787410971063926581e+02 1.391989220568365659e-01 8.604307465308645986e-01 3.703314122988800978e-04
5.794831686872689897e+04 2.235713591368464108e+02 1.716532967926603648e-01 8.279867553359854249e-01 3.599478713542796928e-04
5.773313695576389728e+04 1.449952102224654027e+02 9.081049777140821899e-02 9.089499873779204320e-01 2.395148506714928798e-04
5.755737672369209758e+04 2.296267700426909073e+02 1.735922451743490691e-01 8.260587887158877818e-01 3.489661097631527559e-04
5.773613904766199994e+04 1.265274672066632888e+02 6.900389328013857571e-02 9.308144944417106048e-01 1.816122781508728808e-04
5.791635976077550004e+04 1.988888592474810650e+02 1.258807864459150216e-01 8.738746083869023407e-01 2.446051671827323458e-04
5.799617914864580234e+04 2.725418890787450010e+01 1.564035854146398480e-02 9.841585495799325400e-01 2.010918786034371049e-04
5.802408551613429881e+04 1.214903574134043680e+02 8.829047356794306189e-02 9.113870397984287219e-01 3.224866336283733776e-04
5.797027938540509786e+04 2.089907391603981637e+02 1.487148296095760769e-01 8.509759827553934342e-01 3.091876350306224804e-04
5.760041507263889798e+04 2.235298788698882220e+02 1.850915305588533288e-01 8.144898016284045639e-01 4.186678127421041484e-04
5.805629039309029758e+04 1.827971647586297479e+02 1.314693550224367846e-01 8.682147972188021257e-01 3.158477587611516874e-04
5.770016674040509679e+04 1.859567672633342568e+02 1.268549806875125530e-01 8.728608620779959582e-01 2.841572344915746463e-04
5.831828907890050323e+04 1.628446330613714395e+02 1.413591056777002142e-01 8.581807772755200014e-01 4.601170467798796791e-04
5.772421270884259866e+04 1.592621648664254792e+02 1.259536096972303232e-01 8.736644779964182206e-01 3.819123063515126107e-04
5.791335360002310335e+04 1.770019582076429572e+02 1.081666936861871153e-01 8.916052728347103606e-01 2.280334791025535998e-04
5.771122646682870254e+04 1.691124596863822944e+02 1.162892856551794446e-01 8.834219817335339231e-01 2.887326112867435947e-04
5.827427206804400339e+04 1.457109927609543547e+02 9.528835291031712007e-02 9.044505135524708583e-01 2.611335372119927539e-04
5.755737465321760101e+04 2.242919523656189256e+02 1.675578991445426102e-01 8.321013240118049215e-01 3.407768436524501372e-04
5.759726976038190332e+04 5.936048403877531854e+01 5.386199914334972860e-02 9.456352674839396677e-01 5.027333727106794844e-04
5.762619125050929870e+04 2.348989579717963636e+02 1.995379842801112136e-01 8.000214034097536953e-01 4.406123101351042863e-04
5.804724014932870341e+04 2.223850361755972358e+02 1.846506870940874678e-01 8.149283358956602719e-01 4.209770102522225783e-04
5.809417043305560219e+04 1.764702947724587432e+02 1.212680356006203691e-01 8.784436162897709677e-01 2.883481096086602672e-04
5.834821840804399835e+04 1.400216455075802742e+02 1.259055410251353202e-01 8.736007545966392174e-01 4.937043782256626779e-04
5.805628832104169851e+04 1.844900783720272557e+02 1.315947057504868734e-01 8.680946248702959833e-01 3.106693792171548734e-04
5.832827470641199761e+04 9.700035186653632024e+01 4.579988221416828043e-02 9.540639890697062420e-01 1.361287161253746662e-04
5.827427001928239770e+04 1.439541321348599752e+02 9.404728306551345118e-02 9.056920944491930747e-01 2.606224852936032759e-04
5.807521185368060105e+04 2.081782407322749293e+02 1.720489328444448074e-01 8.275340048459950415e-01 4.170623095602637607e-04
5.790938007233799726e+04 4.504140654343346739e+01 4.074162301924513091e-02 9.587587793049122675e-01 4.995976758427336187e-04
5.798637001756940299e+04 2.484600265904818173e+02 2.016818855411890987e-01 7.979157789378078514e-01 4.023355210032521809e-04
5.771422857567130268e+04 1.706890793365935792e+02 1.373655944571171017e-01 8.622389368452064717e-01 3.954686976765063046e-04
5.753429499166669848e+04 2.109652394227712193e+02 1.382009977770106424e-01 8.615369618571386834e-01 2.620403658506873152e-04
5.827735675774310221e+04 1.702309635152182352e+02 1.344450457465849458e-01 8.651740812964757721e-01 3.808729569393604162e-04
5.787323558943290118e+04 5.693902971459500151e+01 5.259860096566872784e-02 9.468803292298066943e-01 5.210698045247997342e-04
5.787323766340279690e+04 nan nan nan nan
5.807123806574069749e+04 1.971794901657870867e+02 1.626863136001260590e-01 8.368980187714096797e-01 4.156676284643753111e-04
5.823926595738429751e+04 nan nan nan nan
5.799317696175930178e+04 2.438553928267672006e+02 2.105427887765312089e-01 7.890020307123174481e-01 4.551805111513753657e-04
5.809021082665510039e+04 1.117535148116004962e+02 5.490327547697108207e-02 9.449493434300689776e-01 1.473810929599791823e-04
5.806823600857640122e+04 1.981540276127001903e+02 1.599107719865895394e-01 8.396915630971889533e-01 3.976649162215692011e-04
5.800711306057869660e+04 2.292441490021063260e+02 1.958970113520847045e-01 8.036570996603509265e-01 4.458889875643078614e-04
5.790337165991900110e+04 2.118323567745001128e+02 1.769681528595185016e-01 8.226056865502072712e-01 4.261605902742963189e-04
5.800711715050930070e+04 2.430671414295189265e+02 2.066725081495478511e-01 7.928860428287788364e-01 4.414490216733874309e-04
5.832827059204859688e+04 9.977423089893130737e+01 4.938295301439168949e-02 9.504674630412033309e-01 1.495839444049457470e-04
5.828426096879629767e+04 1.967299088699178924e+02 1.721991617723024892e-01 8.273330072987149508e-01 4.678309289826862666e-04
5.785732096162039670e+04 1.289062582752201536e+02 9.389388540449480902e-02 9.057821524529503510e-01 3.239621425548808360e-04
5.800315097386569687e+04 1.665501332380743804e+02 1.004952017755804533e-01 8.992824834478905238e-01 2.223147765289976380e-04
5.774910696269680193e+04 1.858652981817069190e+02 1.532555876957559515e-01 8.463292636295555171e-01 4.151486746886900113e-04
5.761623896099539706e+04 1.619428056710240185e+02 8.946523543722569027e-02 9.103484044581404699e-01 1.863601046338655347e-04
5.756133227755789994e+04 1.889752725929913026e+02 1.179549574017531854e-01 8.818071449871890399e-01 2.378976110576949384e-04
5.802105348754629813e+04 2.071635626182532803e+02 1.636726697629805882e-01 8.359461825956180370e-01 3.811476414014199066e-04
5.762318700912039640e+04 2.380199878849440154e+02 1.967330608506359380e-01 8.028497860390751972e-01 4.171531102889506834e-04
5.830734518155090336e+04 1.870744577788727270e+02 1.656879283276524173e-01 8.338330883511428926e-01 4.789833212047726776e-04
5.807520980290509760e+04 2.095092017253974461e+02 1.758696322813926849e-01 8.237000956519265893e-01 4.302720666808933269e-04
5.831035626645830052e+04 1.827543633444766158e+02 1.588722512216346749e-01 8.406662949692215170e-01 4.614538091438761028e-04
5.808622277482639765e+04 1.321090582207194188e+02 7.440922706971701828e-02 9.253970611470310192e-01 1.937117832519524754e-04
5.761624100755790278e+04 1.527770713541682142e+02 8.065704299017741052e-02 9.191727662894283446e-01 1.701907203942772671e-04
5.770321977893519943e+04 1.511276182088266467e+02 8.780946125110480893e-02 9.119843985953974830e-01 2.061401534977541411e-04
5.804723807749999833e+04 2.186128617951183628e+02 1.787896552427572783e-01 8.208019304001500371e-01 4.084143570927352201e-04
5.774214797937499679e+04 1.878192172747741608e+02 1.594663355428555807e-01 8.400934892047020597e-01 4.401752524424346925e-04
5.762618919959489722e+04 2.267653938486032814e+02 1.927438052810845348e-01 8.068150562350414612e-01 4.411384838740573487e-04
5.787636768714120262e+04 2.746181865266747764e+02 2.179826388036357754e-01 7.816326340181510846e-01 3.847271782131586040e-04
5.833824099243059754e+04 1.850316987947619225e+02 1.611640771198372124e-01 8.383726766811125941e-01 4.632461990502219460e-04
5.761939725003470085e+04 1.301863604431868566e+02 5.574517036172260687e-02 9.441428726600530341e-01 1.119569782243138456e-04
5.794228856964119768e+04 nan nan nan nan
5.825840302037040237e+04 1.804951750160090853e+02 1.533871399571539451e-01 8.461718846545183137e-01 4.409753883278172480e-04
5.825840713835650240e+04 1.580210564230658861e+02 1.372712395046148393e-01 8.622679770854528858e-01 4.607834099324542294e-04
5.760041916413189756e+04 2.407214411963489056e+02 2.035336089588068720e-01 7.960298647931346450e-01 4.365262480586285573e-04
5.834437706734950189e+04 1.812587551943494191e+02 1.609448591512011861e-01 8.385737211268353697e-01 4.814197219634966016e-04
5.762929280788190226e+04 2.620817582724700401e+02 2.235443015529033073e-01 7.760114547595700074e-01 4.442436875266811847e-04
5.827426794648150099e+04 1.359760813395581351e+02 8.701110655581019426e-02 9.127388635213471435e-01 2.500299228427861034e-04
5.806222355206019711e+04 1.579527133549128735e+02 9.042967733395028407e-02 9.093701819604155245e-01 2.001407056342141642e-04
5.795435120121530053e+04 1.814511661656918875e+02 1.580068046023451189e-01 8.415301754527326761e-01 4.630199449222322091e-04
5.826232078871529666e+04 2.096728066776614412e+02 1.824357244263771771e-01 8.171019976016330455e-01 4.622779719898602140e-04
5.834136736096059758e+04 1.892444579106354468e+02 1.656713079591800031e-01 8.338607243090001564e-01 4.679677318198945742e-04
5.790938211894679989e+04 1.626369258155433073e+01 1.469907759093882181e-02 9.848021418734966836e-01 4.987805355644616941e-04
5.829128281405090092e+04 1.808703398391307644e+02 1.542993242689154609e-01 8.452562891003947421e-01 4.443866306899028743e-04
5.832431525006939773e+04 1.327917160012527518e+02 7.957670070154455877e-02 9.202040200482174415e-01 2.192792502380164915e-04
5.760642838563660189e+04 2.177660700694673608e+02 1.824550693083675235e-01 8.171162843842190160e-01 4.286463074136167271e-04
5.811509924047449749e+04 1.946022594520409257e+02 1.416618575147270964e-01 8.580145654041229086e-01 3.235770811500575622e-04
5.811509719284719904e+04 2.012573027264060102e+02 1.511629930704443681e-01 8.484925338284504681e-01 3.444731011051971109e-04
5.832827263697919989e+04 9.870758330545295678e+01 4.784097148256996612e-02 9.520155897357829300e-01 1.434387816470830148e-04
5.823538261229170166e+04 nan nan nan nan
5.798336581408559869e+04 2.453257943229480418e+02 2.041927992604630482e-01 7.953841796065880265e-01 4.230211329490061209e-04
5.772813138064809755e+04 1.751564547347865641e+02 1.326240847350215746e-01 8.670258410265324622e-01 3.500742384461006155e-04
5.756940826380789804e+04 1.627070183765435445e+02 1.311461119658504926e-01 8.684571846439927967e-01 3.967033901567944992e-04
5.800014462671300134e+04 1.511704759075855975e+02 8.282800919353569546e-02 9.169886799733830696e-01 1.833108330812158876e-04
5.805327784341439838e+04 1.387921184528078413e+02 1.157212019073248083e-01 8.838543115684066587e-01 4.244865242685758868e-04
5.799317281408570125e+04 2.352674676972055750e+02 2.033058174271788476e-01 7.962382049802516626e-01 4.559775925695000215e-04
5.826534876859949873e+04 1.657760129378030456e+02 1.194346518530776252e-01 8.802484023761522058e-01 3.169457707702183838e-04
5.793628576050930133e+04 2.643770090432587381e+02 2.271452412752182071e-01 7.724040172087310863e-01 4.507415160507422859e-04
5.752941032322919636e+04 1.758801409667503890e+02 1.044258670916686782e-01 8.953588794113043203e-01 2.152534970269724430e-04
5.752940620478009805e+04 1.668286378256744342e+02 9.787882306376501085e-02 9.019109908733163872e-01 2.101860629185855805e-04
5.790637585583329928e+04 2.540014413642109616e+02 2.022628509881714276e-01 7.973499559802802450e-01 3.871930315484202120e-04
5.798637209084490314e+04 2.342579000462634156e+02 1.846195067464616590e-01 8.150012356236694400e-01 3.792576298689976483e-04
5.751622383775460185e+04 nan nan nan nan
5.800014669960649917e+04 1.554675853611344394e+02 8.437393236665860496e-02 9.154462200858591858e-01 1.798475474823055720e-04
5.760943056070600142e+04 2.137394940877838110e+02 1.616985258976741946e-01 8.379520038504882917e-01 3.494702518375530356e-04
5.801011732460650092e+04 2.315989355605530307e+02 1.982283239190501534e-01 8.013243482228792347e-01 4.473278580706631564e-04
5.827736085368059867e+04 1.766257099569508000e+02 1.374221473367932544e-01 8.622082175112093516e-01 3.696351519975016016e-04
5.769427222827549849e+04 1.919873142024835602e+02 1.407401549808077468e-01 8.589317054305614096e-01 3.281395886308883592e-04
