5.770724756999999954e+04 nan nan nan nan
5.770724756999999954e+04 nan nan nan nan
5.807822493599999871e+04 nan nan nan nan
5.807520824800000264e+04 1.994794855300727932e+02 1.557631229583769927e-01 1.165613045225120416e-02 8.325807465893718673e-01
5.802708614600000146e+04 2.123289611062005235e+02 1.638348689186902019e-01 2.317035122587975809e-02 8.129947798554301164e-01
5.802408196999999927e+04 1.434658620745484541e+02 1.131554064754965311e-01 3.737659206425110459e-02 8.494680014602524754e-01
5.802104992599999969e+04 nan nan nan nan
5.801707873600000312e+04 nan nan nan nan
5.801011779599999863e+04 nan nan nan nan
5.800711355200000253e+04 2.148841972111169696e+02 1.649733586204334135e-01 3.018168583299638691e-02 8.048449555465700955e-01
5.800314731400000164e+04 2.169409076895558712e+02 1.644052913668695992e-01 5.136692014591275751e-02 7.842277884872176363e-01
5.800014307600000029e+04 nan nan nan nan
5.799317332000000170e+04 nan nan nan nan
5.799016912400000001e+04 1.982849334481754511e+02 1.508779770040672152e-01 5.850561424739200711e-02 7.906164087485407777e-01
5.807123857400000270e+04 1.946912334331300372e+02 1.522983215328623519e-01 1.211599244728782387e-02 8.355856860198498381e-01
5.798637056000000302e+04 2.293871657699073694e+02 1.742851454031486280e-01 3.744291703422476802e-02 7.882719375626267011e-01
5.798336635799999931e+04 2.222124733317458549e+02 1.711281408239125057e-01 1.903125421654915106e-02 8.098406049595382461e-01
5.798009566600000107e+04 2.193026159509410036e+02 1.695460249255967000e-01 1.428299220029686546e-02 8.161709828741064987e-01
5.797328410599999916e+04 2.243859451539127008e+02 1.739966146312471040e-01 4.926461542954787068e-03 8.210769238257981106e-01
5.797027992600000289e+04 1.862550807219618605e+02 1.395791019132534561e-01 9.355735255488686897e-02 7.668635455318596472e-01
5.795825610400000005e+04 2.047361413454831336e+02 1.563435844690568011e-01 4.737853395383775923e-02 7.962778815771054397e-01
5.795434759800000029e+04 nan nan nan nan
5.795131956599999830e+04 2.163031990725214371e+02 1.632690537253228547e-01 5.873843462923117320e-02 7.779925116454459166e-01
5.794831530400000338e+04 2.260291096160705138e+02 1.717883172397531022e-01 3.943865156001175737e-02 7.887730312002351196e-01
5.806823449999999866e+04 1.979208461607657625e+02 1.514026065413058009e-01 4.954146741472603005e-02 7.990559260439682454e-01
5.794528921750000154e+04 nan nan nan nan
5.793628421600000001e+04 2.122060126989624109e+02 1.624945803456996629e-01 3.683102227925222349e-02 8.006743973750481969e-01
5.793327915799999755e+04 2.075221584705126645e+02 1.608786549176864922e-01 1.846477287467193640e-02 8.206565722076415437e-01
5.792526056200000312e+04 1.965323160896028867e+02 1.521483522856003634e-01 2.946202636845404385e-02 8.183896213459456170e-01
5.791635822400000325e+04 2.343104010885984678e+02 1.799646440813914838e-01 1.449964283549602315e-02 8.055357130831124479e-01
5.791335411000000022e+04 2.056504419537631065e+02 1.561088214288399167e-01 5.704625682648867269e-02 7.868449217446713551e-01
5.790637431600000127e+04 2.325524677812933874e+02 1.776879172393303896e-01 2.511180863495986182e-02 7.972002741257097069e-01
5.790337015399999655e+04 2.175215485836847904e+02 1.670336572819018928e-01 2.777896454690612776e-02 8.051873781711920142e-01
5.787636616599999979e+04 2.459263612719518335e+02 1.834609273288561881e-01 5.661438893811093082e-02 7.599246837330327908e-01
5.785731943799999863e+04 1.499889871231027314e+02 1.202970932794408948e-01 1.317577993091200318e-03 8.783853287274678845e-01
5.775210756599999877e+04 1.758022509729985643e+02 1.376881773285149879e-01 2.470927515182982925e-02 8.376025475196552383e-01
5.774910341399999743e+04 nan nan nan nan
5.774603203400000348e+04 1.801161540747110337e+02 1.419956550582719135e-01 9.335358847041551680e-03 8.486689860946864394e-01
5.774214645600000222e+04 1.728187624229154835e+02 1.327141966470904433e-01 6.200650590359705477e-02 8.052792974493124811e-01
5.773914154399999825e+04 1.836195950662215353e+02 1.431464311144762802e-01 2.697117771310364800e-02 8.298823911724200197e-01
5.773613751600000251e+04 1.715978164896593228e+02 1.358635570818575167e-01 8.132041810522391834e-03 8.560044011076201054e-01
5.773313338600000134e+04 nan nan nan nan
5.772813188200000150e+04 nan nan nan nan
5.772421111999999994e+04 nan nan nan nan
5.772021019800000067e+04 1.719688154654549521e+02 1.311774187460556240e-01 7.428889926588366777e-02 7.945336819880606249e-01
5.806222411000000284e+04 nan nan nan nan
5.771422705799999676e+04 nan nan nan nan
5.771122275999999692e+04 1.790408332280371440e+02 1.383364664163588831e-01 4.646624542504024930e-02 8.151972881586008191e-01
5.770723677799999859e+04 nan nan nan nan
5.770322030400000222e+04 nan nan nan nan
5.769427068600000348e+04 nan nan nan nan
5.769003435400000308e+04 2.168786448483092499e+02 1.664751496587296709e-01 2.896418398869279875e-02 8.045606663525775026e-01
5.763231013600000006e+04 nan nan nan nan
5.762928918800000247e+04 1.914601316484666995e+02 1.482411774814524630e-01 3.315351495627214679e-02 8.186053075622754527e-01
5.762618971600000077e+04 2.268264657686597729e+02 1.759441412440028718e-01 2.464773256498498186e-03 8.215910854994986634e-01
5.805628883399999904e+04 2.141093248441854087e+02 1.645400920285411683e-01 2.903142537352560240e-02 8.064284825979332050e-01
5.762318547599999874e+04 nan nan nan nan
5.761939369799999986e+04 2.222827167438870504e+02 1.700517753895953443e-01 3.076842238565294027e-02 7.991798022247516009e-01
5.761623741000000155e+04 nan nan nan nan
5.761321960199999739e+04 2.184820404220617434e+02 1.671178057421095764e-01 3.395442998173653359e-02 7.989277642761538623e-01
5.760943109600000025e+04 2.335369083853148879e+02 1.763359907213256084e-01 4.515360353323544934e-02 7.785104057454389492e-01
5.760642687000000296e+04 2.258503768250752444e+02 1.740100507088582493e-01 1.540118649316162339e-02 8.105887627979802001e-01
5.760041556600000331e+04 2.178907166895219518e+02 1.662362427293596623e-01 3.894606683151703719e-02 7.948176904391233144e-01
5.759727025400000275e+04 nan nan nan nan
5.759342069400000037e+04 2.150698774830502487e+02 1.639215395976094947e-01 4.283513933750388025e-02 7.932433210648865973e-01
5.796226116200000251e+04 1.639625824999675388e+02 1.277070767011854457e-01 4.390458208436578275e-02 8.283883412144488201e-01
5.806523021799999697e+04 2.066910318466730700e+02 1.605415219487758838e-01 1.565231705885501354e-02 8.238061609923691408e-01
5.770016318599999795e+04 2.032486387136765984e+02 1.557415171654470964e-01 4.249354187106486186e-02 8.017649409634880486e-01
5.759041114199999720e+04 1.256602182598120123e+02 9.926844729138731283e-02 4.857303548192140608e-02 8.521585172266912256e-01
5.805327627799999755e+04 1.755638321198474898e+02 1.370231059778329596e-01 3.119193592851205940e-02 8.317849580936549359e-01
5.758735525000000052e+04 nan nan nan nan
5.758430115200000000e+04 nan nan nan nan
5.758129703400000290e+04 nan nan nan nan
5.757635955400000239e+04 2.410256511492243021e+02 1.859995037693456810e-01 8.131873089217331839e-04 8.131873089217326322e-01
5.756640323999999964e+04 2.115630746115090233e+02 1.568415595842160559e-01 9.268363808753832256e-02 7.504748023282455938e-01
5.756133076399999845e+04 nan nan nan nan
5.755737308599999960e+04 nan nan nan nan
5.755426339600000210e+04 1.280702623110522040e+02 1.030526072342419913e-01 1.281984937910644884e-02 8.841275433866515598e-01
5.755039413800000330e+04 2.210941885349163556e+02 1.681647712591143595e-01 4.186824987964570671e-02 7.899669788612398991e-01
5.754629552200000035e+04 1.872940225029157375e+02 1.425499034280469368e-01 6.644447242808493304e-02 7.910056241438682134e-01
5.805024065249999694e+04 nan nan nan nan
5.753429142799999681e+04 2.208965362776276606e+02 1.665979147279403605e-01 5.669930309865828938e-02 7.767027821734012738e-01
5.752940672800000175e+04 2.251591443876689880e+02 1.747747180455209159e-01 2.468271032765141041e-03 8.227570109217139382e-01
5.752333441499999753e+04 8.822482823146647490e+01 7.209874709322015851e-02 1.595898960773331141e-02 9.119422632990465960e-01
5.804723657600000297e+04 1.725528413876924105e+02 1.310082456149861130e-01 8.186154207974769004e-02 7.871302123052662525e-01
5.770724756999999954e+04 nan nan nan nan
