5.770724963199999911e+04 nan nan nan nan
5.770724963199999911e+04 nan nan nan nan
5.807822702199999912e+04 nan nan nan nan
5.807521031799999764e+04 3.241895419979423423e+02 2.315627385749166323e-01 7.175796729536138008e-02 6.966792941297219599e-01
5.802708815599999798e+04 3.336646753552261657e+02 2.412888336517264032e-01 4.463006860872199139e-02 7.140810977395516401e-01
5.802408396399999765e+04 2.287701908253052636e+02 1.700520049006674639e-01 7.544981773630296540e-02 7.544981773630294875e-01
5.802105194599999959e+04 nan nan nan nan
5.801708080599999812e+04 nan nan nan nan
5.801011987200000294e+04 nan nan nan nan
5.800711561800000345e+04 3.018600409623519454e+02 2.142704764553762242e-01 9.770016842673955038e-02 6.880293551178842115e-01
5.800314940999999817e+04 3.447504179311187045e+02 2.425167485858072958e-01 8.176224212410107550e-02 6.757210092900916010e-01
5.800014514800000325e+04 nan nan nan nan
5.799317538000000059e+04 nan nan nan nan
5.799017118599999958e+04 3.410784847919510412e+02 2.461486584076670869e-01 4.267083065616978504e-02 7.111805109361630794e-01
5.807124063600000227e+04 2.988630373076043725e+02 2.079944649188699146e-01 1.306230423202698887e-01 6.613824927608601412e-01
5.798637258399999700e+04 3.619167287667668802e+02 2.605332018463110133e-01 3.184306786307752185e-02 7.076237302906115412e-01
5.798336837199999718e+04 3.489256520584461327e+02 2.430022537289628082e-01 9.470750456409302021e-02 6.622902417069441716e-01
5.798009769200000301e+04 3.303419617429082109e+02 2.267808511895448575e-01 1.296742892095769650e-01 6.435448596008782607e-01
5.797328611999999703e+04 3.185457855493899615e+02 2.266679417808116770e-01 8.193102270806779108e-02 6.914010355111205319e-01
5.797028193599999940e+04 3.165367788391938575e+02 2.239399142819304134e-01 9.260778653879209177e-02 6.834522991792775226e-01
5.796226323399999819e+04 3.038369364844973006e+02 2.282480995510897948e-01 1.155894009658869383e-03 7.705960064392514131e-01
5.795434966600000189e+04 nan nan nan nan
5.795132162599999720e+04 3.562071312184024805e+02 2.566636179217442471e-01 3.438418171749679786e-02 7.089522003607588996e-01
5.794831738400000177e+04 3.578983960098745456e+02 2.526771338549128054e-01 6.670094798016260040e-02 6.806219181649245664e-01
5.806823653200000263e+04 3.136702687589067295e+02 2.218665191224129252e-01 9.496097791219017259e-02 6.831725029653968884e-01
5.794529109250000329e+04 nan nan nan nan
5.793628626600000280e+04 3.303346346713204298e+02 2.325099125079178042e-01 9.098934928839581826e-02 6.765007382036863914e-01
5.793328203999999823e+04 3.180562804999037780e+02 2.238058521618093155e-01 1.000668413589305000e-01 6.761273064792602261e-01
5.792526272800000152e+04 3.123499504640484474e+02 2.242645766065873569e-01 7.180128238305634458e-02 7.039341410103563401e-01
5.791636026799999672e+04 3.588206690488743789e+02 2.427641487268199505e-01 1.321959410188011386e-01 6.250399102543788832e-01
5.791335616399999708e+04 3.288821943278048821e+02 2.306521058284302927e-01 9.772162252462973653e-02 6.716262716469398875e-01
5.790637637199999881e+04 2.427534492460426634e+02 1.778292573226921136e-01 8.939824474744345606e-02 7.327724979298644303e-01
5.790337216400000034e+04 3.473059332696443562e+02 2.493973683205751302e-01 4.647258319966420664e-02 7.041300484797607950e-01
5.787636818599999970e+04 3.804553174636823201e+02 2.593712008729994745e-01 1.059854408347978560e-01 6.346433582922027528e-01
5.785732145399999717e+04 2.485663922559834305e+02 1.839280585053332528e-01 6.841097814636920571e-02 7.476609633482974582e-01
5.806523226199999772e+04 3.150679240850609517e+02 2.334509906360480724e-01 1.686782661192069710e-02 7.496811827520313276e-01
5.774910542200000054e+04 nan nan nan nan
5.774603408399999898e+04 2.854881891642842788e+02 2.084347381885937878e-01 6.368915899632004995e-02 7.278761028150861900e-01
5.774214848799999891e+04 2.927868653417282871e+02 2.167160549490572130e-01 3.516174347411108597e-02 7.481222015768317357e-01
5.773914360599999782e+04 2.802099043969751619e+02 2.074019037663723530e-01 4.451117199235568589e-02 7.480869242412719888e-01
5.773613954599999852e+04 2.800247475200682175e+02 2.073672693279684232e-01 4.380634364129790820e-02 7.488263870307336756e-01
5.773313540800000192e+04 nan nan nan nan
5.772813394400000107e+04 nan nan nan nan
5.772421321799999714e+04 nan nan nan nan
5.772021227799999906e+04 2.897945066825589038e+02 2.166426055235502746e-01 2.022305986714652976e-02 7.631343346093032443e-01
5.806222611399999732e+04 nan nan nan nan
5.771422909600000276e+04 nan nan nan nan
5.770322236400000111e+04 nan nan nan nan
5.770016520399999717e+04 3.364864783603235310e+02 2.468336488851590738e-01 1.836991100280099820e-02 7.347964401120399280e-01
5.769427273799999966e+04 nan nan nan nan
5.769003639600000315e+04 3.416817699480965302e+02 2.443059681322451437e-01 5.759330958807368922e-02 6.981007222796811185e-01
5.762929125400000339e+04 3.088560929225931773e+02 2.259187113877793585e-01 4.347129464127148096e-02 7.306099939709491675e-01
5.762619176000000152e+04 3.485532634594037518e+02 2.479829263996835009e-01 6.082491036473147705e-02 6.911921632355850775e-01
5.762318751199999679e+04 nan nan nan nan
5.761939571199999773e+04 3.495929614608893417e+02 2.528972235533316626e-01 3.251379849672252770e-02 7.145889779499458028e-01
5.805629088600000250e+04 3.411806628818772538e+02 2.473686055730649758e-01 3.481413698589064937e-02 7.178172574410444096e-01
5.761623948399999790e+04 nan nan nan nan
5.761322177599999850e+04 3.500907260083732808e+02 2.510093105625171295e-01 4.703128040516527802e-02 7.019594090323175717e-01
5.760943312799999694e+04 3.418695717387537343e+02 2.359197156662335981e-01 1.137991912837524322e-01 6.502810930500139142e-01
5.760642889399999694e+04 2.516920210716625377e+02 1.893042637431459341e-01 3.823672124317700760e-02 7.724590150136769751e-01
5.760041762200000085e+04 3.540494463347860119e+02 2.529804896802421710e-01 4.984777880341827172e-02 6.971717315163395989e-01
5.759727232599999843e+04 nan nan nan nan
5.759342271600000095e+04 3.603748413124062040e+02 2.640948444392652306e-01 2.566684648193890989e-03 7.333384709125408962e-01
5.759041317200000049e+04 2.777264198228901932e+02 2.070769330886853554e-01 3.378178695792580233e-02 7.591412799533888700e-01
5.758735726599999907e+04 nan nan nan nan
5.758430321199999889e+04 nan nan nan nan
5.805327823499999795e+04 1.971696361907142716e+02 1.385061281962045032e-01 1.876621399044357541e-01 6.738317318993598537e-01
5.758129911400000128e+04 nan nan nan nan
5.757636160399999790e+04 3.621697068687746537e+02 2.554505503425725799e-01 6.521601018897171809e-02 6.793334394684557020e-01
5.756941082399999868e+04 2.682023436376573500e+02 1.987522042347201201e-01 5.136684511925283109e-02 7.498809506460270002e-01
5.756640616399999999e+04 nan nan nan nan
5.756133278399999836e+04 nan nan nan nan
5.755737514999999985e+04 nan nan nan nan
5.755426544399999693e+04 2.070830292511228379e+02 1.550680846508852850e-01 7.924825848539497619e-02 7.656836568637197526e-01
5.755039621199999965e+04 3.642319114225132353e+02 2.647082356596661690e-01 1.406394252539137565e-02 7.212278218149424935e-01
5.754629755200000363e+04 2.937600988153749313e+02 2.086697154588826042e-01 1.023182823285641585e-01 6.890120022125533206e-01
5.753429346400000213e+04 3.658617329592134979e+02 2.652161853215372345e-01 1.722149565652646500e-02 7.175623190219362346e-01
5.805024283200000355e+04 nan nan nan nan
5.752940875599999708e+04 3.704120348308595680e+02 2.696239220429307859e-01 6.873276612770831684e-03 7.235028013442984518e-01
5.752333647667000332e+04 nan nan nan nan
5.804723859600000287e+04 2.829738978193830121e+02 2.064334030829180211e-01 6.685725908092633729e-02 7.267093378361556555e-01
5.770724963199999911e+04 nan nan nan nan
5.795825814199999877e+04 3.338392229648314924e+02 2.385125510398269089e-01 6.447376570143341368e-02 6.970136832587396913e-01
5.775210959000000003e+04 2.805434455604568029e+02 2.093756605039697738e-01 3.004296431947396998e-02 7.605813751765562181e-01
5.763231214400000317e+04 nan nan nan nan
