5.750823479354169831e+04 5.016543806004590920e+02 7.194262979127659108e-01 2.755503798651550151e-01 5.023322222079126126e-03
5.750823684359950130e+04 5.555985687942842333e+02 7.764176748557267693e-01 2.188125684403471327e-01 4.769756703926070207e-03
5.750823888879630249e+04 5.124505998363839581e+02 6.027351500979702958e-01 3.938859395931988416e-01 3.378910308830937112e-03
5.751127795192129997e+04 8.326057600798060321e+02 9.829862154642545757e-01 1.360936032564668934e-02 3.404424210098888019e-03
5.751128002734950132e+04 6.753119163557627189e+02 6.465740283793046661e-01 3.511869652861309699e-01 2.239006334564431697e-03
5.751128210050929920e+04 6.981439190612740049e+02 6.856178850241898548e-01 3.120265125443555942e-01 2.355602431454559623e-03
5.751622383775460185e+04 nan nan nan nan
5.751622588629629900e+04 nan nan nan nan
5.751622793262729829e+04 nan nan nan nan
5.752032221108800150e+04 nan nan nan nan
5.752032425738430175e+04 nan nan nan nan
5.752032630150460318e+04 nan nan nan nan
5.752333383954859892e+04 3.522454007659513309e+02 5.246576925158491500e-01 4.699236828861193538e-01 5.418624598031617640e-03
5.752333588821760350e+04 2.859317571216317333e+02 4.567214149205500728e-01 5.370468985126407580e-01 6.231686566809204776e-03
5.752333793572919967e+04 nan nan nan nan
5.752940620478009805e+04 6.522157424088690050e+02 6.062775610242086000e-01 3.916119257770002138e-01 2.110513198791201875e-03
5.752940825335650152e+04 6.757433933791439813e+02 6.510418981259438187e-01 3.466909432989687123e-01 2.267158575087472022e-03
5.752941032322919636e+04 8.302426965945089705e+02 9.650804700473811781e-01 3.161929725155144394e-02 3.300232701067369687e-03
5.753429089564809692e+04 7.867621829980611210e+02 8.430399278764004745e-01 1.541556914094490693e-01 2.804380714150519951e-03
5.753429294650460361e+04 7.881944052068506608e+02 8.405585288109864717e-01 1.566636975022296652e-01 2.777773686783888314e-03
5.753429499166669848e+04 8.289285737487955430e+02 9.285821746963827117e-01 6.835279973695325417e-02 3.065025566664169882e-03
5.754629497972220270e+04 6.055138792037880648e+02 5.155542958446533985e-01 4.826750723849672631e-01 1.770631770379240810e-03
5.754629702839120000e+04 5.921104002017705170e+02 4.923376532569353481e-01 5.059736628511188883e-01 1.688683891945787479e-03
5.754629907357640332e+04 5.859634762494507640e+02 4.809797235325151687e-01 5.173746165925301455e-01 1.645659874954545935e-03
5.755039358618060214e+04 7.008800073607809509e+02 6.742383272292415963e-01 3.235013671441249183e-01 2.260305626633455842e-03
5.755039571016200352e+04 6.878398433179615949e+02 6.489212960710444289e-01 3.489048165900754950e-01 2.173887338880018012e-03
5.755039775870370067e+04 7.219337591588147234e+02 7.120512762331283607e-01 2.855726743232904763e-01 2.376049443581247991e-03
5.755426286537040141e+04 5.383401133614536320e+02 6.420114721866129193e-01 3.545147684456715909e-01 3.473759367715572276e-03
5.755426493841440242e+04 4.752917278727325652e+02 5.331836309382421701e-01 4.637426742704847671e-01 3.073694791273185074e-03
5.755426700672449806e+04 7.834011121314075581e+02 9.527391409331522620e-01 4.364836381861016135e-02 3.612495248237608276e-03
5.755737257791669981e+04 6.819431851687522794e+02 6.606570049888156326e-01 3.370506322863769944e-01 2.292362724807353938e-03
5.794831891516200267e+04 7.015386256942849741e+02 7.059122490645347581e-01 2.916147407932254687e-01 2.473010142239858225e-03
5.795131904060189845e+04 8.039416340421322502e+02 9.553496876060872944e-01 4.120123191230277288e-02 3.449080481609981264e-03
5.795132111849539797e+04 7.530844394054203121e+02 8.232526127996455667e-01 1.738285725040223106e-01 2.918814696332159078e-03
5.795132316312500188e+04 7.521922771689626188e+02 8.150321822476280786e-01 1.821002122053180794e-01 2.867605547053953853e-03
5.795434710633099894e+04 6.863051946822940863e+02 8.444913914752469886e-01 1.518104670744233331e-01 3.698141450329732981e-03
5.795434915491900028e+04 6.488057539471611790e+02 7.428885926375291548e-01 2.539092281734429690e-01 3.202179189028037023e-03
5.795435120121530053e+04 6.338423353205201920e+02 8.287455243152834772e-01 1.670789847713739784e-01 4.175490913342727421e-03
5.795825557232640131e+04 6.103706673415683781e+02 5.335610756382915820e-01 4.645725076828345346e-01 1.866416678873847627e-03
5.795825764436340251e+04 6.148267320483118965e+02 5.436085590070033335e-01 4.544820506350382705e-01 1.909390357958405497e-03
5.795825969094909669e+04 6.166800448923573867e+02 5.460722594829107157e-01 4.520125672275614459e-01 1.915173289527777670e-03
5.796226067233800131e+04 5.998629035788807187e+02 7.618516866640105967e-01 2.342086011748330809e-01 3.939712161156332798e-03
5.796226272096070170e+04 6.373988924322421781e+02 6.886521295400080955e-01 3.084968205659855411e-01 2.851049894006376772e-03
5.796226476614580315e+04 6.279586422990507799e+02 6.854199858304756976e-01 3.116701073607502370e-01 2.909906808774150380e-03
5.796526788873840269e+04 2.105680359015339320e+02 3.421076619934684815e-01 6.514451795182805149e-01 6.447158488250927244e-03
5.796526993535880320e+04 2.815308932562846849e+02 4.460226031814932823e-01 5.478469905497498349e-01 6.130406268756782157e-03
5.796527198114580096e+04 1.881231244399781701e+02 3.266768691823320747e-01 6.659580072047488475e-01 7.365123612919073463e-03
5.797027938540509786e+04 4.594707710361871591e+02 3.008153123045584909e-01 6.981377719368117019e-01 1.046915758629736546e-03
5.797028143182869826e+04 4.654680616922221361e+02 3.116172827306881721e-01 6.872880278121702435e-01 1.094689457141645537e-03
5.797028347689809743e+04 4.655720949717465942e+02 3.090492906742163814e-01 6.898744690137068591e-01 1.076240312076799091e-03
5.797328356476849876e+04 7.178360505484176883e+02 7.471335498762923244e-01 2.502205491636575463e-01 2.645900960050209545e-03
5.797328561118060315e+04 5.829106597832294483e+02 5.633669112933077372e-01 4.343516630913007992e-01 2.281425615391495694e-03
5.797328765510419908e+04 6.849697451650193898e+02 6.909285816506550715e-01 3.065862765425243497e-01 2.485141806820561922e-03
5.798009512350690056e+04 7.919728865802397877e+02 9.412840548625287518e-01 5.526571222637184644e-02 3.450232911099446013e-03
5.798009717217589787e+04 8.032266598635704895e+02 9.588893468260999420e-01 3.762977843716110160e-02 3.480874736738915221e-03
5.798009921662040142e+04 7.658166420743688150e+02 8.692122191640917483e-01 1.276412667294280767e-01 3.146514106480238684e-03
5.798336581408559869e+04 6.744789624880935435e+02 6.658168177608598803e-01 3.318030540827454078e-01 2.380128156394709267e-03
5.798336786162039789e+04 6.614287626987530757e+02 6.404606057257479224e-01 3.572493370887584452e-01 2.290057185493516671e-03
5.798336990800929925e+04 6.795534758863136631e+02 6.699259103822853278e-01 3.277003454494856194e-01 2.373744168229220599e-03
5.798637001756940299e+04 6.239168325030324240e+02 5.653798342382286846e-01 4.326145170897216508e-01 2.005648672049617845e-03
5.798637209084490314e+04 6.740162284272295210e+02 6.654202994467849352e-01 3.321991411598510524e-01 2.380559393364192755e-03
5.773313283907409641e+04 4.736575418054279680e+02 4.907599848478123583e-01 5.066179890408942788e-01 2.622026111293357734e-03
5.773313491203699959e+04 5.299602264120010204e+02 5.455851313965023319e-01 4.518262615190944409e-01 2.588607084403327790e-03
5.773313695576389728e+04 5.448567902479928762e+02 5.583995295322425889e-01 4.390350828799842176e-01 2.565387587773308893e-03
5.773613697483800206e+04 6.703243728651184483e+02 8.616625038343493914e-01 1.343016741505622669e-01 4.035822015088481353e-03
5.773613904766199994e+04 5.988390728430614445e+02 6.934309564052277830e-01 3.032940245502246390e-01 3.275019044547562361e-03
5.773614109170140000e+04 6.178695906734639038e+02 7.335401544331022761e-01 2.630172834993200759e-01 3.442562067577795495e-03
5.773914103421299660e+04 5.831334126338598480e+02 6.241041414893750972e-01 3.730981277815003105e-01 2.797730729124680345e-03
5.773914310640050098e+04 5.796463133726950900e+02 6.152821824398956307e-01 3.819658066039701150e-01 2.752010956134293314e-03
5.773914515188660152e+04 5.865415340307815768e+02 6.316987478492639418e-01 3.654682289725045274e-01 2.833023178231623088e-03
5.774214593089120171e+04 6.001530388391900033e+02 6.915757948786013243e-01 3.051809345065220613e-01 3.243270614876728446e-03
5.774214797937499679e+04 5.913835901564863207e+02 6.749645147063364492e-01 3.218538457178068413e-01 3.181639575856754203e-03
5.774215002598379942e+04 6.166981383025689638e+02 7.349520519995109691e-01 2.615789793439334820e-01 3.468968656555669432e-03
5.774603153121530340e+04 7.388387811969605536e+02 9.667265621621109473e-01 2.909190440219672560e-02 4.181533435692466778e-03
5.774603357987270283e+04 7.192808384598438352e+02 9.164132063413857887e-01 7.962206624715389980e-02 3.964727411460386951e-03
5.774603562748840341e+04 7.295220459724736202e+02 9.377912025996255618e-01 5.817268637568300677e-02 4.036111024691426200e-03
5.774910287126160256e+04 6.032273461825066079e+02 7.041013348596137922e-01 2.925710282530672446e-01 3.327636887319036958e-03
5.774910491856480076e+04 6.104127586246929695e+02 7.166589331848374211e-01 2.799743586717189925e-01 3.366708143443666174e-03
5.774910696269680193e+04 6.899026904075191169e+02 9.175846011883057596e-01 7.809479749945645588e-02 4.320601312237960616e-03
5.775210701935189718e+04 7.042281093393406763e+02 9.505679115960815606e-01 4.498201449100848459e-02 4.450073912910029392e-03
5.775210909396989882e+04 6.790400057245673224e+02 8.822362943450596795e-01 1.136407681255810764e-01 4.122937529359251008e-03
5.775211113959489739e+04 6.743967150037175315e+02 8.780055798882973050e-01 1.178545063301178614e-01 4.139913781584887362e-03
5.785731888864580105e+04 5.379036270195505267e+02 6.741240508087491534e-01 3.220397748584922226e-01 3.836174332758790929e-03
5.785732096162039670e+04 5.363970800823560694e+02 6.615240788932981175e-01 3.347610295518704815e-01 3.714891554831488592e-03
5.785732303363429673e+04 5.127108562692311580e+02 6.149594751740576903e-01 3.815267364237771575e-01 3.513788402165278837e-03
5.787323558943290118e+04 3.107918411958437446e+02 6.266417927016622036e-01 3.634287130109439823e-01 9.929494287393852286e-03
5.787323766340279690e+04 nan nan nan nan
5.787323970866900345e+04 4.503208670927123762e+02 7.991497468792135850e-01 1.931582433771905638e-01 7.692009743595800905e-03
5.787636561278929730e+04 7.101101415090048476e+02 6.449169210157736920e-01 3.530685025447469760e-01 2.014576439479285989e-03
5.787636768714120262e+04 7.053980558697478500e+02 6.353503156597695156e-01 3.626682229227259913e-01 1.981461417504379059e-03
5.787636973238430073e+04 7.144592128905062509e+02 6.510647688446737913e-01 3.469069827401372597e-01 2.028248415188939075e-03
5.790336961260419775e+04 7.781929487816902338e+02 8.924498717564292027e-01 1.043377940743703824e-01 3.212334169200395731e-03
5.759727180795140157e+04 5.066444135103172925e+02 8.632150484599427909e-01 1.296947410893022901e-01 7.090210450754891314e-03
5.759727385310189857e+04 3.404710890655579192e+02 8.147068383138564851e-01 1.713079230796693830e-01 1.398523860647407288e-02
5.760041507263889798e+04 6.628388608782867095e+02 6.472685709607122195e-01 3.504023686360923096e-01 2.329060403195552884e-03
5.760041711899310030e+04 6.771596802465876408e+02 6.635859142518273357e-01 3.340685623368429003e-01 2.345523411329809155e-03
5.760041916413189756e+04 6.858599936353499515e+02 6.794639947317170359e-01 3.181388862859597655e-01 2.397118982323234639e-03
5.760342213885419915e+04 6.699786076196832028e+02 6.419321814732024123e-01 3.558255683760274124e-01 2.242250150770044772e-03
5.760342418274310330e+04 6.754841431242510907e+02 6.493492581125868135e-01 3.483936251700191500e-01 2.257116717393992285e-03
5.760342622562500037e+04 6.804893060934832647e+02 6.567635140168486263e-01 3.409613725038919130e-01 2.275113479259337993e-03
5.760642632716440130e+04 6.884503494746037404e+02 7.174036058358479462e-01 2.799441744555951628e-01 2.652219708556972141e-03
5.760642838563660189e+04 6.692218592277861262e+02 6.811178879197881120e-01 3.163520453666752164e-01 2.530066713536792671e-03
5.760643043196760118e+04 6.775734704656572376e+02 7.001348674783536286e-01 2.972573086093454053e-01 2.607823912301012511e-03
5.760943056070600142e+04 7.519003006267088267e+02 8.443027366689463964e-01 1.526175980711652336e-01 3.079665259888393451e-03
5.760943263361109712e+04 7.991191500744647556e+02 9.601373980433968169e-01 3.633669106207748634e-02 3.525910894525785631e-03
5.760943467989579949e+04 7.589914493518592735e+02 8.620620036553037213e-01 1.347871234986564581e-01 3.150872846039888195e-03
5.761321910018519702e+04 7.141160856582953329e+02 7.369197190014621368e-01 2.604793408348759498e-01 2.600940163661856139e-03
5.761322127516200271e+04 7.376146194613883154e+02 7.730649826648106071e-01 2.242521412852054030e-01 2.682876049984103499e-03
5.761322332181710226e+04 7.319569478009502745e+02 7.591157533718260186e-01 2.382571710314721758e-01 2.627075596701906619e-03
5.761623691380790115e+04 6.763638432818930823e+02 6.654247182606650712e-01 3.322111878018456088e-01 2.364093937489356381e-03
5.761623896099539706e+04 6.573081918298532855e+02 6.234653366293465560e-01 3.743372378065058514e-01 2.197425564147611685e-03
5.761624100755790278e+04 7.357629814103678427e+02 7.820926426907556239e-01 2.151476172909684570e-01 2.759740018275942935e-03
5.761939315737270226e+04 4.042630285730417654e+02 2.364397482473722112e-01 7.627247630860574112e-01 8.354886665703562107e-04
5.761939520490739960e+04 4.085860554960376589e+02 2.404297839532523462e-01 7.587244756248404665e-01 8.457404219071046206e-04
5.761939725003470085e+04 4.101951980510647218e+02 2.433514453617355300e-01 7.557889191164564036e-01 8.596355218080664606e-04
5.762318496390050132e+04 7.044533354661280100e+02 7.270640326983963675e-01 2.703341997119494411e-01 2.601767589654182308e-03
5.762318700912039640e+04 6.588932499121442561e+02 6.300173805084940959e-01 3.677495482348940858e-01 2.233071256611784440e-03
5.762318905652780086e+04 6.644233781669456675e+02 6.359898489266982979e-01 3.617722638600329721e-01 2.237887213268761628e-03
5.762618919959489722e+04 6.395707050613054889e+02 6.061740689121402070e-01 3.916318876629696355e-01 2.194043424890134916e-03
5.762619125050929870e+04 6.809439678189787628e+02 6.811976300959355912e-01 3.163580888600730501e-01 2.444281043991409445e-03
5.762619330261569849e+04 6.936988522366070811e+02 7.012876240714862597e-01 2.962161836543573679e-01 2.496192274156506033e-03
5.762928869053239760e+04 6.106298089630683990e+02 5.370733569050940570e-01 4.610371780961625698e-01 1.889464998743399385e-03
5.762929076252310188e+04 6.056013076629394618e+02 5.277268312773552017e-01 4.704184742412531595e-01 1.854694481391497892e-03
5.755737465321760101e+04 6.616489165466110762e+02 6.160446972510756902e-01 3.818379321763581413e-01 2.117370572565979801e-03
5.759726976038190332e+04 2.954295865907845950e+02 5.527343973163457713e-01 4.387158678067442086e-01 8.549734876909987139e-03
5.762929280788190226e+04 6.003022254452459947e+02 5.203378125049850089e-01 4.778270926977141730e-01 1.835094797300722844e-03
5.772813550339119683e+04 6.232674294537333708e+02 6.818123059987485357e-01 3.152648311094404798e-01 2.922862891811163575e-03
5.790337165991900110e+04 7.867784016735699879e+02 9.098160105623648297e-01 8.691788604678253594e-02 3.266103390852676848e-03
5.792224230149309733e+04 1.140446356841044491e+02 1.422434625156569765e-01 8.539568966750975543e-01 3.799640809245490025e-03
5.794831686872689897e+04 7.105817384718213816e+02 7.303074725098758213e-01 2.671125789631529912e-01 2.579948526971327996e-03
5.798637413616899721e+04 6.819622471574781457e+02 6.755404411304216650e-01 3.220628809381703150e-01 2.396677931408129278e-03
5.802708766583329998e+04 6.807291662824975447e+02 7.447446688589337560e-01 2.523318942310542323e-01 2.923436910011999960e-03
5.790337370518520038e+04 7.629036346659953551e+02 8.475774700076461610e-01 1.494078093344335390e-01 3.014720657920370774e-03
5.790637381167819694e+04 7.923938751337690292e+02 8.691486947357310866e-01 1.279127519019117309e-01 2.938553362357274393e-03
5.790637585583329928e+04 8.052766232610450743e+02 9.068418286270659712e-01 9.006074821431631072e-02 3.097423158617888545e-03
5.790637790084489825e+04 7.713687511693278793e+02 8.170798898519221476e-01 1.801795925330942627e-01 2.740517614983626563e-03
5.790937800020830036e+04 3.060169478780749159e+02 7.147939641162768254e-01 2.718800781488486806e-01 1.332595773487452520e-02
5.790938007233799726e+04 3.118003264849797347e+02 8.550989024567737795e-01 1.265311801307749395e-01 1.836991741245116994e-02
5.790938211894679989e+04 1.725044314701166854e+02 7.115679522034591420e-01 2.468735458089305890e-01 4.155850198761028985e-02
5.791335360002310335e+04 3.594181820191972179e+02 1.834670566318456486e-01 8.158965234872781469e-01 6.364198808761974439e-04
5.791335564643520047e+04 3.606287472811615089e+02 1.838768163014334878e-01 8.154882024481239222e-01 6.349812504426608157e-04
5.791335771677079902e+04 3.582562474776220256e+02 1.804390212056779519e-01 8.189413936203944200e-01 6.195851739275570064e-04
5.791635771358799684e+04 4.182525039422523605e+02 2.441023006643353033e-01 7.550657549733621465e-01 8.319443623025119276e-04
5.791635976077550004e+04 4.026717196151330995e+02 2.265961683168406238e-01 7.726303847854858464e-01 7.734468976734830805e-04
5.791636182935190300e+04 3.867041568181476237e+02 2.066360396276001044e-01 7.926665601280440399e-01 6.974002443559183502e-04
5.792223818324069725e+04 1.381722312927545602e+02 1.829561477943897341e-01 8.127615224149159490e-01 4.282329790694374208e-03
5.792224023196759663e+04 6.846677818945508420e+01 9.396545417094712138e-02 9.014340537474554438e-01 4.600492081597446110e-03
5.763230957098380168e+04 6.609890677545120070e+02 6.248121911787665184e-01 3.730053901259813287e-01 2.182418695252208874e-03
5.763231162777780264e+04 6.878630784445168729e+02 6.766152374934452096e-01 3.210215259998377979e-01 2.363236506717028475e-03
5.763231367187500291e+04 6.785961167512225529e+02 6.574579540323784999e-01 3.402493795760456741e-01 2.292666391575736307e-03
5.769003383031250269e+04 6.719580987190150836e+02 6.800584836033473080e-01 3.174398132359965152e-01 2.501703160656171179e-03
5.769003590199069731e+04 6.817055354806907417e+02 6.966100653046255475e-01 3.008395042354442550e-01 2.550430459930127201e-03
5.769003794601849950e+04 6.771428458513679516e+02 6.951400395136918542e-01 3.022859420294931598e-01 2.574018456814911818e-03
5.769427015548609779e+04 6.056750783407424024e+02 6.258995637857924788e-01 3.714921363038789504e-01 2.608299910328575662e-03
5.769427222827549849e+04 5.992463266057121700e+02 6.114360710452381165e-01 3.860210892276452199e-01 2.542839727116673158e-03
5.769427429901620053e+04 6.043426498468384125e+02 6.228467355571357666e-01 3.745589445057175837e-01 2.594319937146774124e-03
5.770016264601849980e+04 6.753649364964238657e+02 7.149185139880452899e-01 2.823445559081038669e-01 2.736930103850856132e-03
5.770016469395830063e+04 6.805002560702652090e+02 7.285549472569198270e-01 2.686454547448716146e-01 2.799597998208645539e-03
5.770016674040509679e+04 6.976253214335335997e+02 7.652817612216193943e-01 2.317790607544748249e-01 2.939178023905862722e-03
5.770321977893519943e+04 6.231766555960689402e+02 6.368327492965906167e-01 3.606165701991160266e-01 2.550680504293379672e-03
5.770322185409720259e+04 5.863016459940620280e+02 5.642845489368560896e-01 4.334529868023244137e-01 2.262464260819524453e-03
5.770322392438659881e+04 5.731041312726316619e+02 5.415064346056716049e-01 4.563130065951448433e-01 2.180558799183508409e-03
5.770724706540509942e+04 6.102131274490050146e+02 7.122266334598331694e-01 2.844459975549886721e-01 3.327368985178319818e-03
5.770724911196759786e+04 5.969323734125728151e+02 6.853105692126425508e-01 3.114701991187976415e-01 3.219231668559874478e-03
5.770725116266200348e+04 6.689449835357041820e+02 8.595795317831205207e-01 1.363875541742362585e-01 4.032914042643241659e-03
5.771122231931710121e+04 3.741217888957420428e+02 2.460574322700513628e-01 7.528860553079775864e-01 1.056512421971023130e-03
5.771122439228009898e+04 3.663709992938547657e+02 2.373991047613768501e-01 7.615753764709330964e-01 1.025518767690080562e-03
5.771122646682870254e+04 3.431534428559991170e+02 2.086760079418497338e-01 7.904207670456627755e-01 9.032250124874745007e-04
5.771422651776619750e+04 5.559469449271392705e+02 5.997955877566994998e-01 3.973614736817993598e-01 2.842938561501169928e-03
5.771422857567130268e+04 5.307441889591235622e+02 5.469069357552905908e-01 4.504995776747242608e-01 2.593486569985146203e-03
5.771423062320600002e+04 5.432858343989661307e+02 5.774644070308915245e-01 4.197761506776886420e-01 2.759442291419887758e-03
5.772020971459490102e+04 3.955778429125036837e+02 2.862556627639472606e-01 7.124653332599071298e-01 1.279003976145530854e-03
5.772021178789350233e+04 3.969850083614300047e+02 2.883047057531469837e-01 7.104070954590337994e-01 1.288198787819182234e-03
5.772021386024310050e+04 3.939835108073727383e+02 2.850085449277341421e-01 7.137132889363777544e-01 1.278166135888061071e-03
5.772421063494210102e+04 5.849479748123537775e+02 6.920620599945875862e-01 3.045190649004957395e-01 3.418875104916866466e-03
5.772421270884259866e+04 6.028771336806917134e+02 7.424013384580137043e-01 2.538948617288745990e-01 3.703799813111717087e-03
5.772813138064809755e+04 6.598383423362537314e+02 7.629660242187904506e-01 2.337683761522357517e-01 3.265599628973930336e-03
5.772813342998839653e+04 6.604364082905393616e+02 7.639925344576556920e-01 2.327390004363830700e-01 3.268465105961236225e-03
5.799016862412040064e+04 5.997341222781874421e+02 5.156348943470241419e-01 4.825596171886138430e-01 1.805488464361943270e-03
5.799017067341440270e+04 6.163587209518769896e+02 5.458461713106937951e-01 4.522382452080864756e-01 1.915583481219635970e-03
5.799017272325229715e+04 6.080396458491563862e+02 5.299009502419341766e-01 4.682440099282348944e-01 1.855039829830953469e-03
5.799317281408570125e+04 6.577471676887969352e+02 6.421191910160797267e-01 3.555530341778664338e-01 2.327774806053867218e-03
5.799317489197920077e+04 6.657566992024278534e+02 6.538684437459414411e-01 3.437755453104362480e-01 2.356010943622400232e-03
5.799317696175930178e+04 6.890262809005538429e+02 6.975884535645295870e-01 2.999080058865468135e-01 2.503540548923664615e-03
5.799617709755789838e+04 5.434437872417757376e+01 4.078057214254163926e-02 9.578440405578514394e-01 1.375387299606879938e-03
5.799617914864580234e+04 8.376750698313438193e+01 6.352314451248616822e-02 9.350722950461956007e-01 1.404560441318159110e-03
5.799618119494210259e+04 1.775142436238928951e+02 1.424391141629181012e-01 8.559882804731815398e-01 1.572605363900297622e-03
5.800014257973380154e+04 7.331183108639618240e+02 8.121961818582570380e-01 1.848060268732775735e-01 2.997791268465470425e-03
5.800014462671300134e+04 7.957193100314821095e+02 9.388683096924003157e-01 5.773139056380870854e-02 3.400299743790993062e-03
5.800014669960649917e+04 7.304414795135095346e+02 7.803199130939637573e-01 2.168926685105949104e-01 2.787418395441386941e-03
5.800314683020830125e+04 6.581279575835891364e+02 6.596164742126869873e-01 3.379300038571704801e-01 2.453521930142676163e-03
5.800314890200230002e+04 6.408009506821897503e+02 6.087733728015793933e-01 3.890222158441665745e-01 2.204411354253916003e-03
5.800315097386569687e+04 6.496792972041399707e+02 6.308982807010756755e-01 3.667984311692154553e-01 2.303288129708862698e-03
5.800711306057869660e+04 5.946221258682614916e+02 5.275309741873700498e-01 4.705466360923436508e-01 1.922389720286347536e-03
5.800711510732639726e+04 5.728501529942432171e+02 4.863353372979236644e-01 5.119042389336514454e-01 1.760423768424865081e-03
5.800711715050930070e+04 6.006869573187718743e+02 5.269975208763624241e-01 4.711225201277102759e-01 1.879958995927242518e-03
5.801011732460650092e+04 6.640231726330181345e+02 6.665960760656787221e-01 3.309424985675972208e-01 2.461425366724109137e-03
5.801011937150460290e+04 6.507665417796540623e+02 6.385727294849378177e-01 3.590754837591375037e-01 2.351786755924755324e-03
5.801012141791670001e+04 6.449401310704597563e+02 6.222239830823307338e-01 3.755025830412023202e-01 2.273433876466770739e-03
5.801707824304400128e+04 6.662771616671464017e+02 6.708201903111343789e-01 3.267039271667762090e-01 2.475882522089474513e-03
5.801708028812499833e+04 6.675116803092590771e+02 6.649471513426268299e-01 3.326291191082326737e-01 2.423729549140463038e-03
5.801708233447920065e+04 6.784222438952261882e+02 6.847636131122668557e-01 3.127480520001981179e-01 2.488334887535183400e-03
5.802104939627309795e+04 7.041125257822610592e+02 7.740059980960707353e-01 2.230425742038940340e-01 2.951427700035302252e-03
5.802105144168980041e+04 7.142547426024525521e+02 7.938885336479089005e-01 2.030940139358719532e-01 3.017452416219165365e-03
5.802105348754629813e+04 7.205287590131816842e+02 8.046873903917324267e-01 1.922662624806592280e-01 3.046347127608499319e-03
5.802408142475689965e+04 6.279314185647467639e+02 9.050287701566472887e-01 8.989749250496123500e-02 5.073737338391405213e-03
5.802408347208330088e+04 6.338458737705634576e+02 9.809947004387783442e-01 1.315479092896162591e-02 5.850508632259932701e-03
5.802408551613429881e+04 5.555499197220132146e+02 7.829691526649588118e-01 2.121794062376562151e-01 4.851441097384958344e-03
5.802708559285879892e+04 6.846325204062849252e+02 7.521511023596458845e-01 2.449009295337654657e-01 2.947968106588700569e-03
5.802708970991899696e+04 6.701870323011540904e+02 7.169749182294269385e-01 2.802296845906313005e-01 2.795397179941841621e-03
5.804723603105320217e+04 5.079464137611293495e+02 4.134974663846106013e-01 5.848839410328623423e-01 1.618592582526945161e-03
5.804723807749999833e+04 5.671226762813686264e+02 5.165340352708284177e-01 4.814398151779377688e-01 2.026149551233784405e-03
5.804724014932870341e+04 5.070323625105884844e+02 4.118642873395863546e-01 5.865240856074721565e-01 1.611627052941540066e-03
5.805024026468749798e+04 4.286334877382219588e+02 8.167096083502658477e-01 1.744231045332097496e-01 8.867287116524444346e-03
5.805024233653939882e+04 6.135647704407624587e+02 7.202700139687765457e-01 2.763641149656863027e-01 3.365871065537233506e-03
5.805024438494210335e+04 6.106013425281141735e+02 6.640645585319802091e-01 3.330465399840499829e-01 2.888901483969901623e-03
5.805327577043980273e+04 4.651002266954236575e+02 3.653383424867978624e-01 6.331546165997962161e-01 1.507040913405774266e-03
5.805327784341439838e+04 3.394009063422491295e+02 2.942313980545831487e-01 7.039329950847126316e-01 1.835606860704183749e-03
5.805327991408570233e+04 4.599810007695812146e+02 3.585065866946561264e-01 6.400097268643462067e-01 1.483686440997568226e-03
5.805628832104169851e+04 7.439388622236731408e+02 9.440713606769697286e-01 5.199528752973141266e-02 3.933351793298936819e-03
5.805629039309029758e+04 6.907744857437694463e+02 8.135583631808985805e-01 1.830537219546039540e-01 3.387914864497580409e-03
5.805629246236110339e+04 7.482091139019981938e+02 9.592421395252789251e-01 3.674329868118134806e-02 4.014561793539744156e-03
5.806222355206019711e+04 5.168017222165545945e+02 4.493022950543290595e-01 5.488515973614722654e-01 1.846107584198565001e-03
5.806222562383100012e+04 5.457781116407114723e+02 5.014713769053693593e-01 4.964666276244127374e-01 2.061995470217725061e-03
5.806222766803239938e+04 5.443997801138300474e+02 4.988628397285451155e-01 4.990862150362399552e-01 2.050945235214890298e-03
5.806522972351850331e+04 5.358214052110358807e+02 5.431361217830038557e-01 4.543542759797290498e-01 2.509602237267223330e-03
5.806523176767359837e+04 5.428494240944770581e+02 5.673500948383914944e-01 4.299819953897722202e-01 2.667909771836307533e-03
5.806523383688659669e+04 5.346877110222975489e+02 5.693809311261550654e-01 4.278493667224794184e-01 2.769702151365661946e-03
5.806823395875000278e+04 6.054384180569770706e+02 6.505583623883791633e-01 3.466215655033456078e-01 2.820072108275267081e-03
5.806823600857640122e+04 6.246940714118336473e+02 6.899808531931782563e-01 3.070394851868945563e-01 2.979661619927334495e-03
5.806823805357640231e+04 6.218393122454166360e+02 6.865875734336217562e-01 3.104348484362429161e-01 2.977578130135408781e-03
5.807123806574069749e+04 5.746504288070452731e+02 5.982130502547498008e-01 3.991400838812779184e-01 2.646865863972314679e-03
5.807124011413189874e+04 5.940294231703377363e+02 6.443122766875865048e-01 3.528142674117199507e-01 2.873455900693723183e-03
5.807124218600690074e+04 5.988557659087133516e+02 6.514033556113758561e-01 3.457067421654766437e-01 2.889902223147587830e-03
5.755737672369209758e+04 6.391784306928107071e+02 5.723743344589250492e-01 4.256670747065355309e-01 1.958590834539278031e-03
5.756133022916669870e+04 8.244535758287389626e+02 9.572876153902516450e-01 3.941947275304875237e-02 3.292911856699575791e-03
5.756133227755789994e+04 7.694792960340834043e+02 8.317147375380229413e-01 1.654317317374887630e-01 2.853530724488376365e-03
5.756133432156249910e+04 7.164249956349705144e+02 7.201757253543772386e-01 2.773561724692271135e-01 2.468102176395695155e-03
5.756640274435179890e+04 7.857174964386998681e+02 8.799860083741989358e-01 1.169502910185079431e-01 3.063700607293174012e-03
5.756640565740739839e+04 7.532683334052036344e+02 8.005715644984150448e-01 1.966695826539554826e-01 2.758852847629495678e-03
5.756640813357639854e+04 8.311018457315043406e+02 9.817465652504711038e-01 1.484529084174435187e-02 3.408143907784629348e-03
5.756940826380789804e+04 4.504350447986209360e+02 4.220610013940347960e-01 5.757945593802150652e-01 2.144439225750126646e-03
5.756941031233799731e+04 5.148153806255212430e+02 4.640405825001989726e-01 5.339749840600148678e-01 1.984433439786215548e-03
5.756941235986109677e+04 5.062941940480097855e+02 4.550618032427510284e-01 5.429650358177479097e-01 1.973160939501042346e-03
5.757335477071759669e+04 nan nan nan nan
5.757335681866900268e+04 nan nan nan nan
5.757335886174769985e+04 nan nan nan nan
5.757635904164350359e+04 7.135410563929300451e+02 7.217900874433463843e-01 2.757106520304453134e-01 2.499260526208391207e-03
5.757636109031250089e+04 7.126867997811639270e+02 7.171859239284471554e-01 2.803406796884478913e-01 2.473396383104961484e-03
5.757636313547450118e+04 7.202355061912708152e+02 7.321254073752021529e-01 2.653508239850257966e-01 2.523768639772094261e-03
5.758129654758099787e+04 6.677493044004295371e+02 6.630018038240887979e-01 3.345903420737614264e-01 2.407854102149834669e-03
5.758129862053239776e+04 6.719558188010390722e+02 6.636224821868964563e-01 3.339952620837099984e-01 2.382255729393545352e-03
5.758130066709490347e+04 6.678480679355733400e+02 6.456978815670466609e-01 3.520189864791986034e-01 2.283131953754769482e-03
5.758430065474539879e+04 6.728823593051179159e+02 6.554416026585637711e-01 3.422409100615050326e-01 2.317487279931191961e-03
5.758430269878469699e+04 6.777925974610944877e+02 6.655486442579572337e-01 3.320963411605856175e-01 2.355014581457191749e-03
5.758430476832180284e+04 6.681318271941310059e+02 6.433978929154596793e-01 3.543371364022966374e-01 2.264970682243662003e-03
5.758735471921299904e+04 6.302540766533184069e+02 8.134315895986126144e-01 1.824998723845565607e-01 4.068538016830897802e-03
5.758735676368059649e+04 5.659426191253526213e+02 6.475742141042976074e-01 3.492279076057318021e-01 3.197878289970595631e-03
5.758735880907410319e+04 5.585087258637814784e+02 6.677818704494439261e-01 3.287264292515534869e-01 3.491700299002651990e-03
5.759041060892360110e+04 1.639351471214630749e+02 6.490354081437485489e-02 9.347136165757042869e-01 3.828426099208961692e-04
5.759041265638890036e+04 2.662910824439048270e+02 1.250181867034784733e-01 8.744434681748872729e-01 5.383451216343605392e-04
5.759041472459489887e+04 2.033363204498881771e+02 8.921902866011666156e-02 9.103107387795379424e-01 4.702325603455227016e-04
5.759342014512729656e+04 7.313411361788319027e+02 7.471908843237461406e-01 2.502596406477050062e-01 2.549475028548942989e-03
5.759342219388890226e+04 7.593791593374127160e+02 8.058912707694634303e-01 1.913579027767534357e-01 2.750826453783185559e-03
5.759342423879630223e+04 7.371401701962792004e+02 7.585534160822762217e-01 2.388601593500261078e-01 2.586424567697718190e-03
5.792526005879630247e+04 6.416560541676074081e+02 6.857075865060109354e-01 3.115030767150919755e-01 2.789336778897099495e-03
5.792526223586809647e+04 6.431326572252581855e+02 6.913272047079246363e-01 3.058505561827037922e-01 2.822239109371608382e-03
5.792526430643520143e+04 6.231599106554519949e+02 6.962330033231561854e-01 3.007181341914011985e-01 3.048862485442601321e-03
5.793327861822919658e+04 6.302893199927088972e+02 6.272246145562403452e-01 3.703566190432937555e-01 2.418766400465949609e-03
5.793328153189810109e+04 6.145050359750301823e+02 5.907717202233712106e-01 4.069708401728574509e-01 2.257439603771104700e-03
5.793328357708329713e+04 6.454291876345685068e+02 6.448804422107908829e-01 3.526812482007132821e-01 2.438309588496021061e-03
5.793628368734950345e+04 6.111428102879410744e+02 5.344164511327792466e-01 4.637158714801939974e-01 1.867677387026778994e-03
5.793628576050930133e+04 6.155167431996907226e+02 5.365740254901881778e-01 4.615698496567028908e-01 1.856124853108832721e-03
5.793628783324069809e+04 6.119005248682366300e+02 5.269437493310131781e-01 4.712449335153875984e-01 1.811317153599048199e-03
5.794228447361110011e+04 nan nan nan nan
5.794228652329860051e+04 nan nan nan nan
5.794228856964119768e+04 nan nan nan nan
5.794528865236110141e+04 2.770915777178323651e+02 1.203372187467106891e-01 8.792021208052749337e-01 4.606604480144426534e-04
5.794529069642360264e+04 2.730672467617492316e+02 1.191848440574818924e-01 8.803498586996357789e-01 4.652972428823547320e-04
5.794529273826390272e+04 2.856436907839365631e+02 1.301443447590980851e-01 8.693486307151198078e-01 5.070245257822690848e-04
5.794831481783559866e+04 7.165254754877865935e+02 7.447880335508646477e-01 2.525730250547779110e-01 2.638941394357549770e-03
