5.750823479354169831e+04 4.533787618856569566e+02 8.915937454627960168e-01 1.037778064265999778e-01 4.628448110604021018e-03
5.752333793572919967e+04 nan nan nan nan
5.752940620478009805e+04 6.464583877287843734e+02 9.135551377308993581e-01 8.405478414840843182e-02 2.390078120692274658e-03
5.752333588821760350e+04 3.194816250073383230e+02 8.412346039317765145e-01 1.504675341153981216e-01 8.297861952825376017e-03
5.759041265638890036e+04 5.640626988845957612e+02 8.271085174127519313e-01 1.703181617232627509e-01 2.573320863985360720e-03
5.759342014512729656e+04 6.688942082704086260e+02 9.393448970695705835e-01 5.829484749315220343e-02 2.360255437277216511e-03
5.759041472459489887e+04 4.886624560509324056e+02 7.592761928485742828e-01 2.378344226717679644e-01 2.889384479657709434e-03
5.759726976038190332e+04 2.926776514940609673e+02 8.248296391410757655e-01 1.656649014701837841e-01 9.505459388740446908e-03
5.759342219388890226e+04 6.704383506394270853e+02 9.413979444246033390e-01 5.624237884191540804e-02 2.359676733481308464e-03
5.759342423879630223e+04 6.698087609416156738e+02 9.408774645221308353e-01 5.676103410243567293e-02 2.361501375433484005e-03
5.758430476832180284e+04 6.577345394033043249e+02 9.531022340830117567e-01 4.438471437897631433e-02 2.513051538011967095e-03
5.758735471921299904e+04 5.254859060585500856e+02 8.557515095867676003e-01 1.410745635135860765e-01 3.173926899646331914e-03
5.758430269878469699e+04 6.583571179630993129e+02 9.568558934125152016e-01 4.061600967387036382e-02 2.528096913614369130e-03
5.757335477071759669e+04 nan nan nan nan
5.756941235986109677e+04 5.952246233363653118e+02 9.435906816768683258e-01 5.340165495665140372e-02 3.007663366480366716e-03
5.756941031233799731e+04 5.962155269214705413e+02 9.426945414555852887e-01 5.431347543232128983e-02 2.991983112093450983e-03
5.756133227755789994e+04 6.605191602308266283e+02 9.242308188367917010e-01 7.342595736666630846e-02 2.343223796542016988e-03
5.756640274435179890e+04 6.598840026268296697e+02 9.435448610573017314e-01 5.400825357303815077e-02 2.446885369660143847e-03
5.756133432156249910e+04 6.590006130300998848e+02 9.146683908576664912e-01 8.302603325319810046e-02 2.305575889135357600e-03
5.752940825335650152e+04 6.416317291662123807e+02 9.013581433704845880e-01 9.628003646297865481e-02 2.361820166536826582e-03
5.752941032322919636e+04 6.567074812358970348e+02 9.162417204556302375e-01 8.142857999434889582e-02 2.329699550020886654e-03
5.753429089564809692e+04 6.748326060986198627e+02 9.293749975844259881e-01 6.835506663941486039e-02 2.269935776159068708e-03
5.755039775870370067e+04 6.890274895925115288e+02 9.572695401102216950e-01 4.042042202177020815e-02 2.310037868008131112e-03
5.755039571016200352e+04 6.875232098077741512e+02 9.554509854194259688e-01 4.223766404656453810e-02 2.311350534009436273e-03
5.755426286537040141e+04 5.268819780205775487e+02 9.205843980880166200e-01 7.576197455901576006e-02 3.653627352967658577e-03
5.756133022916669870e+04 6.624966465085917662e+02 9.275797699153663922e-01 7.007406328346703350e-02 2.346166801166622417e-03
5.755737672369209758e+04 6.701038805865471204e+02 9.452812287691310100e-01 5.233721127814956742e-02 2.381559952719401307e-03
5.755737465321760101e+04 6.664519737196137612e+02 9.434734330002234604e-01 5.412803591604314901e-02 2.398531083733325582e-03
5.757635904164350359e+04 6.611948347071944454e+02 9.585906918821553990e-01 3.889376811588554639e-02 2.515540001958997771e-03
5.757335681866900268e+04 nan nan nan nan
5.757335886174769985e+04 nan nan nan nan
5.751128002734950132e+04 6.692259455381062025e+02 9.499230734410034627e-01 4.766560543621593815e-02 2.411321122780607420e-03
5.751622383775460185e+04 nan nan nan nan
5.751128210050929920e+04 6.734826690843237884e+02 9.515946151777687767e-01 4.601606206327341075e-02 2.389322758957817313e-03
5.752032221108800150e+04 nan nan nan nan
5.751622793262729829e+04 nan nan nan nan
5.751622588629629900e+04 nan nan nan nan
5.750823888879630249e+04 5.123298070850877366e+02 9.109157513886552149e-01 8.530086051138964509e-02 3.783388099955118343e-03
5.751127795192129997e+04 6.692047589708475925e+02 9.495759247871473629e-01 4.801436362650583767e-02 2.409711586346874410e-03
5.750823684359950130e+04 4.872563806410131519e+02 9.020885096745705489e-01 9.380938365727400918e-02 4.102106668155427148e-03
5.758129862053239776e+04 6.454145950816769073e+02 9.586112185414155107e-01 3.874861586405142777e-02 2.640165594533146979e-03
5.758130066709490347e+04 6.564497625715398499e+02 9.598512862096363341e-01 3.758995923867085309e-02 2.558754551692838438e-03
5.758430065474539879e+04 6.580009705697109439e+02 9.557738719709565345e-01 4.170101422158355164e-02 2.525113807459984996e-03
5.754629907357640332e+04 6.796388063349231743e+02 9.586511713859644512e-01 3.896766852502174527e-02 2.381160089013724130e-03
5.755039358618060214e+04 6.878153496896455863e+02 9.574145963771063528e-01 4.026651399266761161e-02 2.318889630225997017e-03
5.754629702839120000e+04 6.780163995986254122e+02 9.612573546579217254e-01 3.633704946238110189e-02 2.405595879697181375e-03
5.756640565740739839e+04 6.680062369864155016e+02 9.429639691146756153e-01 5.465122585343458461e-02 2.384805031889816133e-03
5.756640813357639854e+04 6.626112328161918867e+02 9.434227101463216192e-01 5.415113351980065104e-02 2.426156333877720235e-03
5.756940826380789804e+04 5.444252181447866406e+02 9.327369902559385917e-01 6.375011085398697708e-02 3.512898890074429067e-03
5.755737257791669981e+04 6.578323274008512271e+02 9.427307018241891656e-01 5.481137335574429864e-02 2.457924820066594712e-03
5.755426493841440242e+04 5.082507599860721825e+02 9.112910179871422933e-01 8.486145371145877025e-02 3.847528301398862698e-03
5.755426700672449806e+04 6.404234050400986007e+02 9.496435850262873180e-01 4.772487116670039858e-02 2.631543807012270021e-03
5.752032425738430175e+04 nan nan nan nan
5.752032630150460318e+04 nan nan nan nan
5.752333383954859892e+04 3.738424233350340842e+02 8.752203265023842382e-01 1.182200133215633303e-01 6.559660176052474825e-03
5.760342213885419915e+04 6.711044820201651646e+02 9.587940358727266021e-01 3.876312939503470667e-02 2.442834732238715039e-03
5.760041916413189756e+04 6.570985247601944366e+02 9.565981674006722724e-01 4.086540878689084999e-02 2.536423812436894992e-03
5.760041711899310030e+04 6.548397537242346971e+02 9.513862795264722561e-01 4.608752232863239096e-02 2.526198144895431489e-03
5.758735676368059649e+04 5.304434353448326647e+02 8.600473048555252742e-01 1.368064668137815021e-01 3.146228330693283566e-03
5.759041060892360110e+04 4.418802931779325718e+02 6.957236915207424266e-01 3.013095100842339558e-01 2.966798395023698739e-03
5.758735880907410319e+04 5.109708420700885654e+02 8.479332641555890060e-01 1.487709815549675962e-01 3.295754289443385623e-03
5.760041507263889798e+04 6.459632448623307255e+02 9.567653290348744344e-01 4.060912902341105163e-02 2.625541941714513560e-03
5.759727385310189857e+04 2.761568706111268057e+02 8.083734822925076058e-01 1.813715067479219345e-01 1.025501095957053084e-02
5.759727180795140157e+04 4.212795911226750718e+02 9.059300279088330354e-01 8.853555116836331340e-02 5.534420922803709279e-03
5.753429499166669848e+04 6.792624307947588704e+02 9.330038276606721359e-01 6.473821684197086923e-02 2.257955497356944549e-03
5.753429294650460361e+04 6.793754769743189854e+02 9.324902022867495033e-01 6.525507811875531916e-02 2.254719594495200544e-03
5.754629497972220270e+04 6.784573155281708523e+02 9.603171979315343609e-01 3.728502903936743718e-02 2.397773029098199723e-03
5.758129654758099787e+04 6.398912202314435262e+02 9.556105518130237897e-01 4.172029630264758454e-02 2.669151884328641380e-03
5.757636109031250089e+04 6.649410958713917807e+02 9.588450594842936603e-01 3.866634544187747685e-02 2.488595073828909696e-03
5.757636313547450118e+04 6.641872996355211853e+02 9.590159963919910879e-01 3.848886724342411719e-02 2.495136364584851687e-03
5.834822050653940096e+04 4.453815125268743031e+02 9.181752448512456866e-01 7.673835522179330015e-02 5.086399926960949967e-03
5.834822258515049907e+04 4.589305107993713477e+02 9.232745852949717502e-01 7.188155433163363750e-02 4.843860373394607947e-03
5.835128803995370254e+04 5.437194096026340731e+02 9.241436974358525624e-01 7.239887527306961001e-02 3.457427291077894323e-03
5.799618119494210259e+04 3.421280847021035925e+02 7.839976044496004270e-01 2.097178231167546869e-01 6.284572433644981457e-03
5.799617914864580234e+04 2.082752043333995573e+02 5.861166113515198228e-01 4.044053900812560332e-01 9.477998567224159635e-03
5.800014257973380154e+04 6.164468733559563134e+02 8.874316401835327106e-01 1.100880711637460124e-01 2.480288652721247041e-03
5.790637585583329928e+04 6.801510710320684439e+02 9.564748703492990112e-01 4.115833775836987007e-02 2.366791892331214595e-03
5.790937800020830036e+04 2.649324194776780246e+02 8.030455778013200208e-01 1.859584433587477270e-01 1.099597883993218284e-02
5.790637790084489825e+04 6.862640281957844763e+02 9.571350805721052790e-01 4.053689402455473018e-02 2.328025403339940066e-03
5.774214797937499679e+04 5.697375666362586344e+02 9.421589569191464175e-01 5.456822122459305952e-02 3.272821856260640927e-03
5.774603153121530340e+04 5.718785788327106729e+02 8.822794441805130727e-01 1.148719760844161414e-01 2.848579735070810599e-03
5.774215002598379942e+04 5.693223002660769225e+02 9.431210506537177629e-01 5.359465401272294621e-02 3.284295333559319064e-03
5.794831686872689897e+04 6.587119524447429058e+02 9.466084005786644662e-01 5.092002701569771361e-02 2.471572405637849704e-03
5.795131904060189845e+04 6.488460502013679161e+02 9.557456880598326210e-01 4.165759218949049297e-02 2.596719750676990124e-03
5.794831891516200267e+04 6.656361993809857722e+02 9.515646951476393056e-01 4.598947357975739086e-02 2.445831272603288774e-03
5.827735675774310221e+04 5.612814904858744285e+02 9.318473782130760608e-01 6.485385319388188574e-02 3.298768593042103806e-03
5.827427206804400339e+04 5.546409329933302388e+02 8.966952943644008744e-01 1.001765405607560611e-01 3.128165074843110901e-03
5.827427001928239770e+04 5.551204543529399871e+02 9.028315818955220395e-01 9.400276922885657249e-02 3.165648875621407052e-03
5.802708970991899696e+04 6.025113375435095122e+02 9.022266424805369667e-01 9.508971561240657511e-02 2.683641907056574013e-03
5.804723603105320217e+04 6.278333434615303759e+02 9.487214836676430840e-01 4.854568748214834611e-02 2.732828850208565523e-03
5.802708766583329998e+04 6.023235192510044271e+02 9.070357556453595427e-01 9.025022532387226570e-02 2.714019030768153890e-03
5.808221538364580192e+04 5.936701988806205463e+02 9.370067276786490096e-01 6.001188336897926578e-02 2.981388952371682999e-03
5.808622070533560327e+04 5.638350536243656279e+02 8.756497072920446101e-01 1.214637340598187648e-01 2.886558648136668039e-03
5.808221331371529959e+04 5.807087059151044741e+02 9.342407340600880072e-01 6.266167089168285520e-02 3.097595048229122815e-03
5.802408142475689965e+04 5.068213179871627858e+02 9.060440894342699503e-01 9.013107620414829990e-02 3.824834361581658758e-03
5.802105348754629813e+04 6.304861427118024721e+02 9.459769930359469559e-01 5.132878250971516926e-02 2.694224454337865345e-03
5.802105144168980041e+04 6.301197065046756052e+02 9.485888728899311007e-01 4.869885258479894619e-02 2.712274525269936249e-03
5.760642838563660189e+04 6.351370558297466005e+02 9.534842784361937662e-01 4.381850457136708676e-02 2.697216992439191701e-03
5.760643043196760118e+04 6.330829275670100742e+02 9.512839278001137266e-01 4.601383896182614092e-02 2.702233238060252132e-03
5.760943056070600142e+04 6.466782043783201743e+02 9.436369060488777327e-01 5.381475550997046747e-02 2.548338441151802407e-03
5.827735880615739734e+04 5.724662267694725415e+02 9.365291377011976115e-01 6.026779130540111523e-02 3.203070993401369547e-03
5.827736085368059867e+04 5.697131922836064177e+02 9.308616559696019088e-01 6.594326615975221184e-02 3.195077870645928776e-03
5.828425685040510143e+04 5.638393343031609675e+02 9.421844411583905066e-01 5.447372514249752828e-02 3.341833699111949104e-03
5.801707824304400128e+04 6.411184708131775096e+02 9.542041717853195770e-01 4.314470592864312615e-02 2.651122286037306802e-03
5.801011937150460290e+04 6.450905388225404522e+02 9.550582554056132878e-01 4.231847999770047691e-02 2.623264596686256112e-03
5.801012141791670001e+04 6.531020122644787307e+02 9.576576249926164186e-01 3.976912362267268769e-02 2.573251384710895876e-03
5.807124218600690074e+04 5.884026121546180548e+02 9.398250363759944603e-01 5.712167012333321803e-02 3.053293500672337249e-03
5.807124011413189874e+04 5.870911060795134517e+02 9.415493044496744401e-01 5.537248127218023092e-02 3.078214278145357998e-03
5.807520775504630001e+04 6.027932575856625590e+02 9.452793524111589019e-01 5.177753220606223783e-02 2.943115382778907583e-03
5.770016469395830063e+04 6.262678430534302834e+02 9.288903523091821546e-01 6.847675962303351183e-02 2.632888067784357883e-03
5.770321977893519943e+04 5.987245711547809606e+02 8.879075870188011255e-01 1.094602966015852663e-01 2.632116379613598251e-03
5.770016674040509679e+04 6.255434391570206571e+02 9.248659675593849938e-01 7.251785999054249920e-02 2.616172450072522596e-03
5.791636182935190300e+04 6.756972116075509120e+02 9.298088209043009478e-01 6.792493446880086549e-02 2.266244626898315101e-03
5.791635976077550004e+04 6.683639165256794286e+02 9.286848569522532237e-01 6.900449151651255608e-02 2.310651531234275691e-03
5.792223818324069725e+04 2.283408776180352788e+02 7.616776800884826892e-01 2.250055515964659303e-01 1.331676831505129374e-02
5.771122646682870254e+04 5.887106384298655257e+02 9.177133171100280151e-01 7.937841762046607408e-02 2.908265269505932917e-03
5.771122439228009898e+04 5.903862888968351399e+02 9.213839902588930597e-01 7.570105031028979969e-02 2.914959430817145366e-03
5.771422651776619750e+04 5.587310741711453375e+02 9.287272076265183918e-01 6.796609535979676597e-02 3.306697013684793251e-03
5.799017067341440270e+04 6.588956270936525925e+02 9.562026528348044341e-01 4.127682596310501550e-02 2.520521202090527865e-03
5.799017272325229715e+04 6.601883858767139373e+02 9.590033483178304063e-01 3.847126314867741620e-02 2.525388533492219957e-03
5.799317281408570125e+04 6.479979379639451054e+02 9.580652746483697690e-01 3.931855109459504033e-02 2.616174257035291679e-03
5.798637001756940299e+04 6.654372360333903771e+02 9.545632521135304360e-01 4.297400574835334025e-02 2.462742138116281402e-03
5.798336990800929925e+04 6.653912325899843836e+02 9.558084762835512560e-01 4.172201067556886855e-02 2.469513040879838146e-03
5.798336786162039789e+04 6.605134777706578006e+02 9.571252030492853891e-01 4.036176590491673960e-02 2.513031045797884788e-03
5.796527198114580096e+04 2.373244606494574782e+02 7.816070304174900230e-01 2.054117461163122715e-01 1.298122346619759102e-02
5.797027938540509786e+04 6.587507125243848805e+02 9.396993482913137408e-01 5.786531299625399805e-02 2.435338712432272464e-03
5.796526993535880320e+04 3.178141216140001006e+02 8.592371255603088454e-01 1.320149826329765630e-01 8.747891806714673188e-03
5.800711715050930070e+04 6.555701185722557511e+02 9.564176044857987113e-01 4.103509290636121049e-02 2.547302607839997506e-03
5.801011732460650092e+04 6.436553674836823120e+02 9.550360066403196235e-01 4.232914019507419412e-02 2.634853164606125106e-03
5.800711510732639726e+04 6.468142316375240171e+02 9.541269773821222655e-01 4.326880703081544682e-02 2.604215587062311092e-03
5.828425889914349682e+04 5.582491624178670691e+02 9.438798373821902787e-01 5.269878527676383900e-02 3.421377341045829350e-03
5.828823795074070222e+04 5.568205065462179846e+02 9.432674190428531613e-01 5.329808552762758250e-02 3.434495429519262254e-03
5.828426096879629767e+04 5.657521679451588170e+02 9.451767802845054689e-01 5.148282835838793869e-02 3.340391357106677842e-03
5.807822652960650157e+04 5.839509475406762249e+02 9.390781333414855991e-01 5.782676841995441908e-02 3.095098238559984821e-03
5.808221126275460119e+04 4.999558304624439415e+02 9.059633520673462392e-01 9.010674609932242674e-02 3.929901833331451988e-03
5.807822860027779825e+04 5.828024660714553420e+02 9.396407697607755960e-01 5.724819694159492128e-02 3.111033297629521750e-03
5.761939315737270226e+04 6.279966698868098547e+02 8.460591606443139678e-01 1.517685858854286307e-01 2.172253470257323824e-03
5.761623896099539706e+04 6.417508112741500099e+02 8.961646254616445484e-01 1.015015593703285091e-01 2.333815168026985055e-03
5.761624100755790278e+04 6.364180212111696164e+02 8.872322226732475281e-01 1.104417576104897714e-01 2.326019716262727865e-03
5.809021082665510039e+04 5.427339148970072529e+02 8.421305941782538662e-01 1.549879717607258456e-01 2.881434061020387953e-03
5.808622277482639765e+04 5.594359784663853361e+02 8.717159792723642164e-01 1.253781723853313324e-01 2.905848342304466394e-03
5.811509514637730172e+04 6.068228390909871450e+02 9.345826060888104969e-01 6.257859082427902342e-02 2.838803086910545153e-03
5.811209502422450169e+04 5.908521814877988163e+02 9.305535944120100211e-01 6.647782521084326379e-02 2.968580377146741965e-03
5.811209296942129731e+04 5.921737041741987468e+02 9.342071538036904599e-01 6.281424844343524994e-02 2.978597752874248550e-03
5.787636973238430073e+04 7.104963341696826546e+02 9.597283905822789896e-01 3.808789059023166834e-02 2.183718827489247553e-03
5.787636768714120262e+04 7.114168571295645052e+02 9.604751813069604127e-01 3.734335641235585895e-02 2.181462280683813763e-03
5.790336961260419775e+04 6.379255612653973913e+02 9.538403486471754844e-01 4.348396571435610841e-02 2.675685638468452282e-03
5.773313491203699959e+04 5.567134303759854674e+02 8.986925226673933009e-01 9.818871287285559080e-02 3.118764459751126056e-03
5.773613697483800206e+04 5.539422167395402994e+02 8.682478271628266686e-01 1.288119367876333354e-01 2.940236049539970368e-03
5.773313695576389728e+04 5.630488924500767780e+02 8.915798926845882599e-01 1.054192038088632710e-01 3.000903506548431316e-03
5.832827059204859688e+04 5.139515758899358389e+02 8.281518025993596099e-01 1.687407827001600191e-01 3.107414700480381348e-03
5.832431320015050005e+04 5.449422096737707761e+02 8.780644507362993512e-01 1.188283034644311564e-01 3.107245799269606028e-03
5.832431525006939773e+04 5.471343534920947604e+02 8.829542102111893609e-01 1.139289669878008476e-01 3.116822801009747242e-03
5.775210701935189718e+04 5.721855121471054417e+02 9.411199982265271435e-01 5.564227641557329546e-02 3.237725357899576620e-03
5.774910696269680193e+04 5.696966096744899914e+02 9.367928563788920915e-01 5.997103129393199089e-02 3.236112327175892905e-03
5.774910491856480076e+04 5.666186923412919896e+02 9.342966310170529587e-01 6.244941439448165738e-02 3.253954588465407787e-03
5.827123162187499838e+04 5.374163219573520109e+02 8.561672820451529109e-01 1.407951971070391384e-01 3.037520847808017083e-03
5.760342622562500037e+04 6.733345016901646432e+02 9.567884024669597309e-01 4.079505866207655540e-02 2.416538870963709767e-03
5.760342418274310330e+04 6.728793959278984858e+02 9.582260201303510749e-01 3.934689380729779890e-02 2.427086062351085840e-03
5.760642632716440130e+04 6.377002828372717431e+02 9.541306602581212104e-01 4.319013316028414567e-02 2.679206581594639151e-03
5.834821840804399835e+04 4.848429030081109090e+02 9.296891312874328017e-01 6.591041822549285889e-02 4.400450487074348063e-03
5.769427015548609779e+04 6.065734391811901105e+02 9.353500085165706857e-01 6.180418576743964415e-02 2.845805715989700984e-03
5.769003794601849950e+04 6.460552557941962277e+02 9.550427472089879632e-01 4.234190162183756184e-02 2.615351169174421567e-03
5.769003590199069731e+04 6.549615102530274271e+02 9.585762799604715667e-01 3.886014806176631142e-02 2.563571977762180414e-03
5.787636561278929730e+04 7.104771133746679652e+02 9.613240969319511997e-01 3.648479807140659475e-02 2.191104996642225487e-03
5.787323970866900345e+04 3.811017869149299599e+02 8.804680274918760263e-01 1.131439133869545366e-01 6.388059121169535962e-03
5.787323766340279690e+04 nan nan nan nan
5.791635771358799684e+04 6.715412417526802074e+02 9.307317466996518629e-01 6.696931458758884070e-02 2.298938712759381834e-03
5.791335771677079902e+04 6.576081032927500019e+02 9.159118423763603634e-01 8.176650759636568122e-02 2.321650027273900775e-03
5.791335564643520047e+04 6.541158460208359884e+02 9.187341507206652214e-01 7.890485955478780677e-02 2.360989724547037354e-03
5.806523383688659669e+04 5.505834122164441169e+02 9.062359683208317529e-01 9.052168042503973278e-02 3.242351254128437565e-03
5.806523176767359837e+04 5.616225854565429927e+02 9.133824913695788306e-01 8.345202586890378138e-02 3.165482761517461781e-03
5.806823395875000278e+04 5.919200082957024733e+02 9.381502795171970943e-01 5.884334998583729687e-02 3.006370496965668233e-03
5.797028347689809743e+04 6.590598858824026820e+02 9.396267303886218780e-01 5.794059128728112906e-02 2.432678324096929599e-03
5.797328356476849876e+04 6.150241924135572162e+02 8.216738371782223993e-01 1.761899808969626391e-01 2.136181924815009313e-03
5.797028143182869826e+04 6.541423689994975348e+02 9.382465098142063198e-01 5.929134831765375813e-02 2.462141868139901268e-03
5.790337370518520038e+04 6.478499456076636989e+02 9.570398794568841794e-01 4.034835051463744188e-02 2.611770028478435559e-03
5.790337165991900110e+04 6.388838317268216542e+02 9.514948598850475614e-01 4.585057847100875578e-02 2.654561643943678488e-03
5.790637381167819694e+04 6.843126007956252579e+02 9.561909965613760720e-01 4.147229814167489870e-02 2.336705296949031022e-03
5.774910287126160256e+04 5.653939229995346523e+02 9.387990835059774053e-01 5.790127498453139648e-02 3.299641509491304907e-03
5.774603562748840341e+04 5.888210327330983773e+02 9.186994984235837824e-01 7.838707520984801447e-02 2.913426366568261199e-03
5.774603357987270283e+04 5.799690457675561674e+02 9.035070076234948955e-01 9.358845387433602225e-02 2.904538502169100485e-03
5.806823600857640122e+04 5.982470344330639591e+02 9.452814024095478329e-01 5.173056840343470686e-02 2.988029187017422934e-03
5.807123806574069749e+04 5.895093315740233493e+02 9.444908486821201876e-01 5.243703356856430770e-02 3.072117749315554126e-03
5.806823805357640231e+04 5.943142334717510948e+02 9.414895506162835881e-01 5.550698516403963778e-02 3.003464219676684789e-03
5.770724706540509942e+04 5.466585993287391148e+02 8.491476977714488283e-01 1.479645640048520838e-01 2.887738223699119929e-03
5.770322185409720259e+04 5.997532074345009505e+02 8.893440332709741103e-01 1.080243771985635731e-01 2.631589530462290129e-03
5.770322392438659881e+04 5.966862972045732931e+02 8.867342659703266738e-01 1.106226037471687296e-01 2.643130282504655999e-03
5.793628576050930133e+04 6.746087969517972169e+02 9.612027826373904515e-01 3.636753357632375311e-02 2.429683786285889886e-03
5.793628783324069809e+04 6.781266980379980396e+02 9.609416055220439956e-01 3.665516066631022141e-02 2.403233811645759128e-03
5.794228447361110011e+04 nan nan nan nan
5.832827263697919989e+04 5.128590738834093372e+02 8.222596900854957092e-01 1.746638898873728862e-01 3.076420027131336089e-03
5.833127475625000079e+04 5.511455465005610677e+02 9.311353951112005811e-01 6.544861337161765602e-02 3.415991517181849162e-03
5.832827470641199761e+04 5.127534120503547683e+02 8.162699504936623551e-01 1.806970368883957234e-01 3.033012617942010356e-03
5.763231162777780264e+04 6.706378468829318535e+02 9.548391624850773862e-01 4.273474115777191329e-02 2.426096357150746459e-03
5.769003383031250269e+04 6.538884631883780685e+02 9.578844649022800750e-01 3.954725357809020514e-02 2.568281519629692089e-03
5.763231367187500291e+04 6.729182027783009516e+02 9.565904122512366436e-01 4.099105923633417775e-02 2.418528512429200718e-03
5.796226476614580315e+04 6.088448809878453858e+02 9.529442907858411971e-01 4.412383439102859212e-02 2.931874823130270653e-03
5.796526788873840269e+04 2.652941873040785481e+02 8.142064361801830685e-01 1.745206208435302331e-01 1.127294297628669666e-02
5.796226272096070170e+04 6.174386252481303927e+02 9.534305776880084293e-01 4.371568311231697340e-02 2.853739199674683574e-03
5.793328153189810109e+04 6.138975169694637088e+02 9.545912950320162293e-01 4.251491569226378830e-02 2.893789275719895610e-03
5.793628368734950345e+04 6.660534098036139312e+02 9.593421355107240034e-01 3.817500213096904765e-02 2.482862358306944621e-03
5.793328357708329713e+04 6.206387237124408784e+02 9.555808067657234339e-01 4.158205291898601358e-02 2.837140315290575913e-03
5.831336456532409647e+04 5.705459387705044492e+02 9.455499020894361228e-01 5.116300947601027521e-02 3.287088434553715136e-03
5.831828496164349781e+04 5.310596740430361251e+02 9.358437574485919397e-01 6.043966017360421356e-02 3.716582377803811198e-03
5.831336252050929761e+04 5.697499439489261022e+02 9.442801509318285991e-01 5.243241647742473421e-02 3.287432590746760391e-03
5.795434915491900028e+04 5.982895971727006099e+02 9.471785969524473270e-01 4.982179461592176756e-02 2.999608431630918903e-03
5.795825557232640131e+04 6.667832778840087258e+02 9.598744772142978610e-01 3.764534275903155813e-02 2.480180026670580472e-03
5.795435120121530053e+04 5.515363092785611343e+02 9.406849437511104473e-01 5.583357640110603315e-02 3.481479847783487073e-03
5.807822445435189729e+04 5.870749010130865599e+02 9.381003405550732976e-01 5.884378661466440480e-02 3.055872830262320976e-03
5.807521185368060105e+04 6.019406180726467710e+02 9.449352900901791807e-01 5.211539901791776425e-02 2.949310891903012943e-03
5.807520980290509760e+04 6.010040412339814111e+02 9.459610386116524827e-01 5.107402465041400302e-02 2.964936737933501678e-03
5.762619330261569849e+04 6.544925148176015455e+02 9.573909446956635483e-01 4.004815318312424099e-02 2.560902121212174296e-03
5.762928869053239760e+04 6.721634963910191800e+02 9.626031697900222506e-01 3.494229964005304834e-02 2.454530569924641241e-03
5.762619125050929870e+04 6.515657345376870353e+02 9.579807938585388483e-01 3.943206067981119139e-02 2.587145461649986364e-03
5.796226067233800131e+04 5.444805970368748831e+02 9.415178679623562585e-01 5.490350833685322257e-02 3.578623700790577004e-03
5.795825764436340251e+04 6.636336612542359035e+02 9.589484466522608663e-01 3.855260416825002923e-02 2.498949179489117454e-03
5.795825969094909669e+04 6.660290315660163287e+02 9.615698464217627972e-01 3.593556419995576345e-02 2.494589378281430233e-03
5.792526005879630247e+04 6.234003383212120752e+02 9.540488474638310068e-01 4.314810235828900331e-02 2.803050177880100913e-03
5.792224023196759663e+04 1.412248124454906417e+02 6.027317438624074653e-01 3.754685904451345868e-01 2.179966569245803121e-02
5.792224230149309733e+04 2.107289036353433573e+02 7.285254403775726084e-01 2.571703144278720821e-01 1.430424519455523492e-02
5.772813550339119683e+04 5.868047259081604352e+02 9.313599322621487486e-01 6.562517676047510684e-02 3.014890977376179660e-03
5.773313283907409641e+04 5.153547724893378472e+02 8.691683030505660268e-01 1.274274671219672861e-01 3.404229827466804647e-03
5.772813342998839653e+04 5.870396599624324381e+02 9.332078705699901056e-01 6.376768494549688027e-02 3.024444484512966904e-03
5.835129008620369859e+04 5.508953536499524262e+02 9.292522203534087089e-01 6.734250054565105170e-02 3.405279100940275874e-03
5.835129213258100208e+04 5.478350466206723013e+02 9.196752621174125730e-01 7.695191836174311573e-02 3.372819520844350279e-03
5.822336899138890294e+04 5.705967836028818283e+02 9.390327661633792733e-01 5.772587903639971735e-02 3.241354800221056629e-03
5.823538053755790315e+04 3.694189902958147513e+02 8.721094507405546814e-01 1.212205272230138658e-01 6.670022036431571578e-03
5.822336692063660303e+04 5.713634640212418390e+02 9.411111387108678228e-01 5.564187382027260126e-02 3.246987468859564244e-03
5.833824508746530046e+04 5.625833519750182177e+02 9.444362057105629704e-01 5.219095832676422936e-02 3.372835962672788082e-03
5.833824304113430117e+04 5.597528477488718863e+02 9.423499391652588875e-01 5.425806346149229797e-02 3.391997373248861834e-03
5.834136736096059758e+04 5.570127399941490012e+02 9.420095709440112763e-01 5.456745119132602045e-02 3.422977864662665043e-03
5.795132111849539797e+04 6.588913359114659443e+02 9.566929568079963753e-01 4.078390360965167272e-02 2.523139582351968929e-03
5.795434710633099894e+04 5.963515384721932833e+02 9.500020233313881679e-01 4.696081374491781896e-02 3.037162923694064747e-03
5.795132316312500188e+04 6.637915047569345006e+02 9.575157518996288974e-01 3.999394510219177884e-02 2.490302998179279911e-03
5.832129390026620240e+04 4.909613013323536279e+02 9.264994194304857489e-01 6.923852117847786869e-02 4.262059391036426663e-03
5.832129183077550260e+04 5.421584879790979130e+02 9.397700516467842879e-01 5.663399213030406720e-02 3.595956222911701229e-03
5.832431115395829693e+04 5.395568093275084038e+02 8.714382500794179975e-01 1.254398239648215341e-01 3.121925955760425017e-03
5.809417043305560219e+04 5.983937672147453668e+02 9.244977986888176513e-01 7.264552287057508828e-02 2.856678440607203582e-03
5.806222355206019711e+04 6.051799795660784866e+02 8.962202076912720861e-01 1.011550656858433983e-01 2.624726622884549030e-03
5.805629039309029758e+04 6.031806909418231726e+02 9.306929309797136174e-01 6.645774600090299800e-02 2.849323019383455304e-03
5.805629246236110339e+04 6.055470131160595884e+02 9.312803942594887197e-01 6.588893794085069755e-02 2.830667799660562846e-03
5.831035831250000047e+04 5.582806733169734343e+02 9.450070469828919517e-01 5.156378610977669502e-02 3.429166907331400102e-03
5.831036035766200075e+04 5.707738003472907167e+02 9.476565960828375879e-01 4.904428753111182010e-02 3.299116386050558215e-03
5.831336047291669820e+04 5.693317762907923907e+02 9.463701109273551237e-01 5.032303599050008680e-02 3.306853082144856678e-03
5.787323558943290118e+04 2.872342309990800686e+02 8.345922846649408422e-01 1.553035589983695897e-01 1.010415633668956641e-02
5.785732096162039670e+04 5.060815206583677650e+02 9.062908015542980866e-01 8.987108416141430245e-02 3.838114284287737991e-03
5.785732303363429673e+04 4.979268758283631655e+02 8.991558777497388188e-01 9.694144572683398298e-02 3.902676523427333916e-03
5.822336484763889894e+04 5.653464013640505073e+02 9.400091511894707041e-01 5.668213948096093024e-02 3.308709329568353032e-03
5.811810135194440227e+04 5.731575939382773868e+02 8.933052944914599003e-01 1.037875020189484715e-01 2.907203489591743580e-03
5.811810339833330363e+04 5.719886548259327128e+02 8.929035479127486186e-01 1.041799789231170614e-01 2.916473164134288348e-03
5.762318496390050132e+04 6.507083318120575086e+02 9.544063629812464811e-01 4.301899036813654903e-02 2.574646650617007631e-03
5.761939520490739960e+04 6.306180226694351632e+02 8.497894016597691280e-01 1.480373288612484850e-01 2.173269478982278562e-03
5.761939725003470085e+04 6.205926084445088691e+02 8.304916459352960079e-01 1.673650634801941706e-01 2.143290584509973794e-03
5.826535084216429823e+04 5.726385753767773394e+02 9.237537512850553245e-01 7.313184473353387394e-02 3.114403981410833640e-03
5.826535289314809779e+04 5.758491405560896510e+02 9.279747889170640862e-01 6.891722814408304809e-02 3.107982938852912966e-03
5.827023104541670182e+04 nan nan nan nan
5.805628832104169851e+04 6.050978161493276275e+02 9.279057918657704906e-01 6.927984380898852268e-02 2.814364325240987976e-03
5.805327784341439838e+04 4.894647265476800158e+02 9.222271908845585120e-01 7.352410230135654479e-02 4.248706814085097608e-03
5.805327991408570233e+04 6.072303342508666901e+02 9.435454149470822172e-01 5.356495385942926235e-02 2.889631193488473217e-03
5.771422857567130268e+04 5.609542005691422446e+02 9.353728286930224067e-01 6.129951542978761408e-02 3.327655877190122732e-03
5.771423062320600002e+04 5.588632381975520502e+02 9.360215652439515255e-01 6.062117966785366546e-02 3.357255088194812959e-03
5.772020971459490102e+04 5.868526506794188435e+02 9.386988611997819643e-01 5.823904734246945075e-02 3.062091457748669556e-03
5.831035626645830052e+04 5.569228357878029101e+02 9.437453598889281592e-01 5.281792664960983236e-02 3.436713461462137260e-03
5.830734518155090336e+04 5.572754007292642200e+02 9.424117706475072520e-01 5.416555662034600038e-02 3.422672732146890291e-03
5.830734722672450152e+04 5.596300295476885367e+02 9.466985410191094408e-01 4.987658093513933771e-02 3.424878045751342508e-03
5.792526223586809647e+04 6.227746194872308934e+02 9.538468021268906583e-01 4.334570176448299117e-02 2.807496108626452921e-03
5.793327861822919658e+04 6.080183936352884757e+02 9.548025394470067706e-01 4.224613299854603626e-02 2.951327554447171885e-03
5.792526430643520143e+04 6.021720902537297206e+02 9.520518531368848958e-01 4.495654581355217061e-02 2.991601049563023373e-03
5.834137145361110015e+04 5.584459912734448608e+02 9.452598483743590574e-01 5.131118085437096077e-02 3.428970771269928500e-03
5.834136940956019680e+04 5.583746918966943440e+02 9.446351088232000093e-01 5.193957685137750441e-02 3.425314325422428637e-03
5.834437296673609671e+04 5.477017044506117145e+02 9.447724501582148715e-01 5.166640225001366965e-02 3.561147591771553819e-03
5.797328765510419908e+04 6.086132851106365251e+02 8.167585512836271766e-01 1.810860469170574583e-01 2.155401799315448830e-03
5.798009512350690056e+04 6.453869034641855933e+02 9.526372567727992013e-01 4.475515779969232999e-02 2.607585427508541092e-03
5.797328561118060315e+04 5.558039862833701363e+02 7.655408113427348837e-01 2.321887116998157530e-01 2.270476957449506401e-03
5.802408347208330088e+04 4.952562559062334913e+02 8.992818285132615497e-01 9.677218664559039674e-02 3.945984841148029304e-03
5.802408551613429881e+04 4.842028350298839428e+02 8.977872629656165060e-01 9.809824770267482064e-02 4.114489331708721942e-03
5.802708559285879892e+04 6.016798968933239848e+02 9.044437079716124428e-01 9.285198623738294410e-02 2.704305791004666011e-03
5.798336581408559869e+04 6.603365866463930161e+02 9.573828163417592574e-01 4.010145236177093536e-02 2.515731296469776029e-03
5.798009717217589787e+04 6.527927856554267692e+02 9.535717137273124200e-01 4.387452824706388615e-02 2.553758025623685188e-03
5.798009921662040142e+04 6.548305903623165705e+02 9.544356051635752847e-01 4.302190595068711848e-02 2.542488885737654095e-03
5.800315097386569687e+04 6.316020322593356013e+02 9.084941116213969270e-01 8.902971578139766418e-02 2.476172597205393219e-03
5.800314890200230002e+04 6.343790536195089089e+02 9.126440529829071835e-01 8.487893049179294491e-02 2.477016525299922337e-03
5.800711306057869660e+04 6.437393665374822831e+02 9.582078662461385177e-01 3.914044196372486878e-02 2.651691790136702885e-03
5.773914515188660152e+04 5.786503142814702869e+02 9.144314798562638291e-01 8.257974207790884369e-02 2.988778065827228311e-03
5.774214593089120171e+04 5.699367360849709030e+02 9.395967056170211329e-01 5.715052415769106275e-02 3.252770225287752309e-03
5.773914310640050098e+04 5.785154661138321899e+02 9.125043815702565952e-01 8.451803673332336508e-02 2.977581696420054849e-03
5.834437502118059638e+04 5.475468463328950293e+02 9.402768287472174080e-01 5.619383838192198999e-02 3.529332870860582907e-03
5.834737719356479647e+04 5.594429593172233126e+02 9.426665700725469499e-01 5.393539136026383879e-02 3.398038567189160149e-03
5.834437706734950189e+04 5.469268979777664299e+02 9.377814693166808269e-01 5.869994245509489034e-02 3.518588228224222951e-03
5.829430707340280060e+04 nan nan nan nan
5.829430911765049677e+04 5.312043376742158216e+02 9.090811070515074643e-01 8.741374982544795891e-02 3.505143123044675638e-03
5.829732833850690076e+04 5.410476785457027518e+02 8.954345278667052987e-01 1.012873863482760400e-01 3.278085785018685500e-03
5.832128978122679837e+04 5.392677961546371534e+02 9.397930713898169364e-01 5.657213946184298792e-02 3.634789148340205819e-03
5.831828907890050323e+04 5.365582768652604955e+02 9.388144846555916967e-01 5.752156581286171910e-02 3.663949531546621501e-03
5.831828703347220289e+04 5.380132054073918653e+02 9.366061010584901814e-01 5.976686340208136466e-02 3.627035539428388917e-03
5.828824209775459894e+04 5.633888222394622289e+02 9.471738790585415568e-01 4.944339596620763583e-02 3.382724975250864154e-03
5.828824002586810093e+04 5.617020076743182244e+02 9.471768207043544940e-01 4.942008574769039125e-02 3.403093547955051389e-03
5.829127869806710078e+04 5.522950144709122924e+02 9.409864246174576285e-01 5.553942840929503022e-02 3.474146973247499090e-03
5.823927007418980065e+04 nan nan nan nan
5.823926800362270296e+04 nan nan nan nan
5.824428116292820050e+04 nan nan nan nan
5.794529273826390272e+04 5.563895859172671408e+02 8.717980115552488307e-01 1.252636793452237551e-01 2.938309099527457949e-03
5.794831481783559866e+04 6.578937629310444208e+02 9.506727770998398830e-01 4.682817664559713045e-02 2.499046254563046417e-03
5.794529069642360264e+04 5.541641204576659447e+02 8.620782388515570993e-01 1.350254829552433866e-01 2.896278193199558308e-03
5.794228652329860051e+04 nan nan nan nan
5.794528865236110141e+04 5.664649533184234542e+02 8.677747690645496448e-01 1.294166194782580825e-01 2.808611457192243185e-03
5.794228856964119768e+04 nan nan nan nan
5.771122231931710121e+04 5.938839550521914816e+02 9.251659630221096275e-01 7.192961425324455316e-02 2.904422724645948101e-03
5.770724911196759786e+04 5.447709361145704179e+02 8.465446895597241728e-01 1.505653251173175722e-01 2.889985322958262860e-03
5.770725116266200348e+04 5.464361384252641756e+02 8.516355563041007048e-01 1.454573939720053832e-01 2.907049723893897607e-03
5.769427429901620053e+04 6.083968470844387184e+02 9.352748770848322568e-01 6.189680421525450837e-02 2.828318699913284252e-03
5.769427222827549849e+04 6.081412285997048457e+02 9.326425198047805232e-01 6.454269508250931597e-02 2.814785112710083224e-03
5.770016264601849980e+04 6.284961544656632668e+02 9.278453279827654221e-01 6.954629936545202173e-02 2.608372651782493289e-03
5.826232078871529666e+04 5.844865788675490421e+02 9.484396870048996675e-01 4.840898166170364003e-02 3.151331333396658208e-03
5.826232285940970178e+04 5.818310757823608128e+02 9.470124406551264640e-01 4.981696077889492119e-02 3.170598565978703740e-03
5.826534876859949873e+04 5.668877097606923599e+02 9.168083376109215088e-01 8.006135675848685684e-02 3.130305630591649537e-03
5.772813138064809755e+04 5.887382576406853332e+02 9.345218058573706577e-01 6.246270284407847567e-02 3.015491298550893994e-03
5.772421270884259866e+04 5.447198252031781749e+02 9.268452679344717504e-01 6.968982311145198449e-02 3.464908954076310627e-03
5.772021178789350233e+04 5.872769584503909073e+02 9.361959837272957330e-01 6.076263168562193173e-02 3.041384587082323135e-03
5.772021386024310050e+04 5.877582903114538340e+02 9.387155513940479423e-01 5.823167769048456094e-02 3.052770915467502375e-03
5.772421063494210102e+04 5.482703439020489213e+02 9.273919339907267245e-01 6.918385251204339781e-02 3.424213497229942286e-03
5.806522972351850331e+04 5.644663249771336950e+02 9.099654889343553599e-01 8.692424540989568404e-02 3.110265655748890162e-03
5.806222562383100012e+04 6.031465719459852153e+02 8.949153813137749047e-01 1.024498533897507668e-01 2.634765296474298520e-03
5.806222766803239938e+04 6.013129871079059967e+02 8.924304718593599750e-01 1.049333707810391342e-01 2.636157359600841809e-03
5.829128076983799838e+04 5.490299614025046822e+02 9.389843989046076089e-01 5.751495360847028865e-02 3.500647486922161839e-03
5.829128281405090092e+04 5.520699541207894754e+02 9.404149195859655697e-01 5.611232246019655368e-02 3.472757953837853247e-03
5.829430420554400189e+04 5.235870050150048201e+02 9.062500266793475090e-01 9.016453658904742541e-02 3.585436731605084245e-03
5.773914103421299660e+04 5.774637106294932209e+02 9.102074705972446056e-01 8.681911723692940785e-02 2.973412165826014742e-03
5.773614109170140000e+04 5.528467107589447096e+02 8.662644242225228108e-01 1.307971466845627706e-01 2.938429092914479276e-03
5.773613904766199994e+04 5.506364290594783597e+02 8.643297407282081180e-01 1.327214088040737650e-01 2.948850467718165235e-03
5.798637413616899721e+04 6.651211784894315997e+02 9.529937563929921085e-01 4.454925991234183480e-02 2.456983694666152115e-03
