5.750823479354169831e+04 4.552593041639179887e+02 5.420678034563248815e-01 4.544694779255523676e-01 3.462718618122889291e-03
5.750823684359950130e+04 4.871017152846866907e+02 5.445210577230586990e-01 4.524267093150424190e-01 3.052232961898944819e-03
5.750823888879630249e+04 4.938248299980995739e+02 5.063892033689900707e-01 4.910424675671017924e-01 2.568329063908292992e-03
5.751127795192129997e+04 8.260265448237319106e+02 8.356303654480543575e-01 1.618700487127067433e-01 2.499585839238983778e-03
5.751128002734950132e+04 8.438242123932471941e+02 8.656259241397149529e-01 1.318037737052336622e-01 2.570302155051523707e-03
5.751128210050929920e+04 8.271009316790614321e+02 8.260044189679212057e-01 1.715595918328538250e-01 2.435989199225077357e-03
5.751622383775460185e+04 nan nan nan nan
5.751622588629629900e+04 nan nan nan nan
5.751622793262729829e+04 nan nan nan nan
5.752032221108800150e+04 nan nan nan nan
5.752032425738430175e+04 nan nan nan nan
5.752032630150460318e+04 nan nan nan nan
5.752333383954859892e+04 3.337815914030957742e+02 4.123687156868798831e-01 5.839032981187552984e-01 3.727986194364759937e-03
5.752333588821760350e+04 2.895540260025180714e+02 4.091900828578501903e-01 5.859321774415698902e-01 4.877739700579871752e-03
5.752333793572919967e+04 nan nan nan nan
5.752940620478009805e+04 7.480464767090012401e+02 6.406438744768049309e-01 3.575646790784643980e-01 1.791446444730508637e-03
5.752940825335650152e+04 7.279125321090540410e+02 6.048618183519685054e-01 3.934517001326736652e-01 1.686481515357814891e-03
5.752941032322919636e+04 7.657101649904710712e+02 6.630380958834634075e-01 3.351305354629018352e-01 1.831368653634651931e-03
5.753429089564809692e+04 8.727331924343583296e+02 8.772774236453249053e-01 1.202546138578872992e-01 2.467962496787916987e-03
5.753429294650460361e+04 8.959284240014186480e+02 9.209386592177372099e-01 7.648061170467346237e-02 2.580729077589368880e-03
5.753429499166669848e+04 8.783194038384252735e+02 8.826976238454594670e-01 1.148355042577842988e-01 2.466871896756261083e-03
5.754629497972220270e+04 8.566965029744062576e+02 8.612142046151902708e-01 1.363175063299153500e-01 2.468289054894428659e-03
5.754629702839120000e+04 8.437605758805369760e+02 8.361639674821556012e-01 1.614373538347299852e-01 2.398678683114487727e-03
5.754629907357640332e+04 8.455812215628618560e+02 8.352684708426549864e-01 1.623482816136544715e-01 2.383247543690606655e-03
5.755039358618060214e+04 8.303796148900255503e+02 7.956100235590681802e-01 2.021477742592321936e-01 2.242202181699436744e-03
5.755039571016200352e+04 8.429838854946002584e+02 8.168908328990814871e-01 1.808155699710181086e-01 2.293597129900218703e-03
5.755039775870370067e+04 8.624458217910406574e+02 8.519225315028082779e-01 1.456942481340665618e-01 2.383220363125244413e-03
5.755426286537040141e+04 5.801391874074525958e+02 6.144919422519222740e-01 3.827677734813859645e-01 2.740284266691690382e-03
5.755426493841440242e+04 5.485966485702970203e+02 5.850307073332237096e-01 4.121916353773164565e-01 2.777657289459838693e-03
5.755426700672449806e+04 7.820522253982484244e+02 7.773816124650796411e-01 2.202050134074186871e-01 2.413374127501699985e-03
5.755737257791669981e+04 6.350499418792650204e+02 4.582788161508972724e-01 5.404492297453611371e-01 1.271954103741531261e-03
5.794831891516200267e+04 8.478962894828754315e+02 8.773693540473752606e-01 1.200154328170023738e-01 2.615213135622478438e-03
5.795131904060189845e+04 7.651086299619264537e+02 7.553682606400468069e-01 2.422510709952843677e-01 2.380668364668902994e-03
5.795132111849539797e+04 7.881020249130035609e+02 7.825947062331232162e-01 2.149968497158653846e-01 2.408444051011472426e-03
5.795132316312500188e+04 7.803154688356881934e+02 7.621886407837084043e-01 2.354810575363066316e-01 2.330301679985109786e-03
5.795434710633099894e+04 nan nan nan nan
5.795434915491900028e+04 nan nan nan nan
5.795435120121530053e+04 nan nan nan nan
5.795825557232640131e+04 8.423691724352232768e+02 8.671643217190176944e-01 1.302473133360345092e-01 2.588364944947860961e-03
5.795825764436340251e+04 8.436537974194187655e+02 8.664910962552161422e-01 1.309324205477791769e-01 2.576483197004650946e-03
5.795825969094909669e+04 8.554492391422463697e+02 8.895193194435729866e-01 1.078397929517714987e-01 2.640887604655628700e-03
5.796226067233800131e+04 6.187952505964177590e+02 6.875496926838966516e-01 3.094349285092788948e-01 3.015378806824497819e-03
5.796226272096070170e+04 7.372341279446620774e+02 7.772728193794111728e-01 2.200122187388849904e-01 2.714961881703992046e-03
5.796226476614580315e+04 7.281960056184589121e+02 7.791847412028506392e-01 2.180187774262048461e-01 2.796481370944690296e-03
5.796526788873840269e+04 2.386726587690630481e+02 3.708753602419192497e-01 6.232269997846716647e-01 5.897639973409080430e-03
5.796526993535880320e+04 2.892494662567456771e+02 4.007636051792893284e-01 5.945476234775091129e-01 4.688771343201531862e-03
5.796527198114580096e+04 2.024401365146674721e+02 3.210966021847069252e-01 6.727586252394658350e-01 6.144772575827226781e-03
5.797027938540509786e+04 8.427950804870823731e+02 8.366815320621614482e-01 1.609113131420633058e-01 2.407154795775391654e-03
5.797028143182869826e+04 8.371014439188832057e+02 8.329757224996292564e-01 1.646058329043063873e-01 2.418444596064392785e-03
5.797028347689809743e+04 8.663122699025367410e+02 8.839492409473874712e-01 1.135078351712928563e-01 2.542923881319720213e-03
5.797328356476849876e+04 8.816739453300201603e+02 9.753300152793377142e-01 2.168106120266281855e-02 2.988923517999469807e-03
5.797328561118060315e+04 7.231180513820654596e+02 7.553024183045818907e-01 2.420328653784276085e-01 2.664716316990485643e-03
5.797328765510419908e+04 8.373086464588437821e+02 8.924198771624736182e-01 1.048055575095251102e-01 2.774565328001290295e-03
5.798009512350690056e+04 7.811157568752494171e+02 7.750326589391351995e-01 2.225627742586939184e-01 2.404566802170970182e-03
5.798009717217589787e+04 7.764691469139854689e+02 7.572154567164895989e-01 2.404617093035206488e-01 2.322833979989730700e-03
5.798009921662040142e+04 7.963462149817476075e+02 7.924177060333009726e-01 2.051638716678624574e-01 2.418422298836559164e-03
5.798336581408559869e+04 8.199665822495635439e+02 8.484390628830277281e-01 1.489459073183398985e-01 2.615029798632532120e-03
5.798336786162039789e+04 8.233800903217435234e+02 8.538939951355558611e-01 1.434791575315134127e-01 2.626847332930803448e-03
5.798336990800929925e+04 8.408518671970743981e+02 8.835456382852268087e-01 1.137575748404830167e-01 2.696786874290266981e-03
5.798637001756940299e+04 8.068855588919201409e+02 8.517908673335615743e-01 1.454872480558915826e-01 2.721884610546917212e-03
5.798637209084490314e+04 8.270151916054916228e+02 9.008868761170699679e-01 9.621483825652582533e-02 2.898285626404371092e-03
5.773313283907409641e+04 nan nan nan nan
5.773313491203699959e+04 nan nan nan nan
5.773313695576389728e+04 nan nan nan nan
5.773613697483800206e+04 6.428632149927191222e+02 6.932081863111495545e-01 3.039518168881925608e-01 2.839996800657911945e-03
5.773613904766199994e+04 5.921604964581651984e+02 5.944859897141985261e-01 4.030523278817852439e-01 2.461682404016294571e-03
5.773614109170140000e+04 5.769230440388511170e+02 5.645990927185253749e-01 4.330616810994835642e-01 2.339226181991126401e-03
5.773914103421299660e+04 6.504530210908768595e+02 6.969956797781033941e-01 3.001998170270239741e-01 2.804503194872712876e-03
5.773914310640050098e+04 6.494758440557924359e+02 6.941455800916239705e-01 3.030644292037519838e-01 2.789990704624127280e-03
5.773914515188660152e+04 6.430910132228461862e+02 6.853087005523301745e-01 3.119176265248629343e-01 2.773672922806932895e-03
5.774214593089120171e+04 7.368635742509615056e+02 9.166475510861181730e-01 7.957274112749944395e-02 3.779707786382393436e-03
5.774214797937499679e+04 7.031690631611685376e+02 8.389049717506370518e-01 1.576185968550924965e-01 3.476431394270594784e-03
5.774215002598379942e+04 7.147382414184628487e+02 8.726530625336210711e-01 1.237059697110212964e-01 3.640967755357745264e-03
5.774603153121530340e+04 7.207824411108131244e+02 7.696075199419525337e-01 2.276079119450130361e-01 2.784568113034499581e-03
5.774603357987270283e+04 7.145690468512755160e+02 7.521496841835825231e-01 2.451441911974582555e-01 2.706124618959296433e-03
5.774603562748840341e+04 7.329155136613663899e+02 7.875546997729468979e-01 2.096250914297088097e-01 2.820208797344322775e-03
5.774910287126160256e+04 6.034066864028117152e+02 6.424109316813914061e-01 3.548206402393540571e-01 2.768428079254587563e-03
5.774910491856480076e+04 6.105256376663030551e+02 6.539932464747097995e-01 3.432041197446235592e-01 2.802633780666718456e-03
5.774910696269680193e+04 6.087150828707642631e+02 6.495842904357748138e-01 3.476342641721538729e-01 2.781445392071426551e-03
5.775210701935189718e+04 6.476227879872702715e+02 7.190061610796371072e-01 2.779832697025781396e-01 3.010569217784863326e-03
5.775210909396989882e+04 6.606611546562198782e+02 7.501300756925031177e-01 2.467211375542821272e-01 3.148786753214720836e-03
5.775211113959489739e+04 6.559012662811866221e+02 7.448081422635978166e-01 2.520423728419082243e-01 3.149484894494084843e-03
5.785731888864580105e+04 nan nan nan nan
5.785732096162039670e+04 nan nan nan nan
5.785732303363429673e+04 nan nan nan nan
5.787323558943290118e+04 3.921514845233156734e+02 9.251121888080194866e-01 6.129501778418497415e-02 1.359279340779552189e-02
5.787323766340279690e+04 nan nan nan nan
5.787323970866900345e+04 4.871994064294103737e+02 8.746269607542330737e-01 1.175014965209164736e-01 7.871542724850416270e-03
5.787636561278929730e+04 9.134634458697059927e+02 9.174349843670145388e-01 8.010126989919522100e-02 2.463745733790307854e-03
5.787636768714120262e+04 9.277265019022958086e+02 9.379139581605819842e-01 5.958964451080622782e-02 2.496397328611803159e-03
5.787636973238430073e+04 8.887671825059438788e+02 8.596843289081449457e-01 1.380304425629971798e-01 2.285228528857798525e-03
5.790336961260419775e+04 8.005645994137051957e+02 7.986333688694603472e-01 1.989359399933425532e-01 2.430691137197215843e-03
5.759727180795140157e+04 3.937631745472159537e+02 4.235086463257077272e-01 5.736659402505360772e-01 2.825413423756216891e-03
5.759727385310189857e+04 2.114571321262617687e+02 2.580037778236626833e-01 7.383601282628758922e-01 3.636093913461568503e-03
5.760041507263889798e+04 8.282843751421689831e+02 8.359033954751928785e-01 1.616090026353518561e-01 2.487601889455301821e-03
5.760041711899310030e+04 8.353322725580632095e+02 8.386356571430099160e-01 1.589025258718430034e-01 2.461816985147145202e-03
5.760041916413189756e+04 8.433536803352412790e+02 8.541084835042777046e-01 1.433863637037125494e-01 2.505152792009816744e-03
5.760342213885419915e+04 8.160511755648954022e+02 8.311378001114871905e-01 1.663285948361004352e-01 2.533605052412437643e-03
5.760342418274310330e+04 8.099805760345934686e+02 8.152512271645788733e-01 1.822744215837730219e-01 2.474351251648085250e-03
5.760342622562500037e+04 8.066402104067835808e+02 8.081502423141269098e-01 1.893981435486666309e-01 2.451614137206394647e-03
5.760642632716440130e+04 8.012238192900791773e+02 8.291307303677792895e-01 1.682537019830845082e-01 2.615567649136243521e-03
5.760642838563660189e+04 7.981496257625037742e+02 8.260907102097753141e-01 1.712928274690963537e-01 2.616462321128434129e-03
5.760643043196760118e+04 7.822142985747072998e+02 7.979667626377999756e-01 1.994914118133200576e-01 2.541825548880101253e-03
5.760943056070600142e+04 7.876459253849460538e+02 7.929005739653981477e-01 2.046242673902269049e-01 2.475158644374920048e-03
5.760943263361109712e+04 7.934800175888179865e+02 8.108814689288597055e-01 1.865677663624307758e-01 2.550764708709607996e-03
5.760943467989579949e+04 7.744799537739348807e+02 7.687736629978396685e-01 2.288197350318838807e-01 2.406601970276534865e-03
5.761321910018519702e+04 8.392311632799413701e+02 8.486797196201745219e-01 1.488225124735999827e-01 2.497767906225575180e-03
5.761322127516200271e+04 8.619956914785863091e+02 8.742981950545000158e-01 1.231891282578686936e-01 2.512676687631383403e-03
5.761322332181710226e+04 8.510984010577789149e+02 8.486112913359952215e-01 1.489605017025671108e-01 2.428206961437668222e-03
5.761623691380790115e+04 5.361118669811146447e+02 3.462583092182446309e-01 6.527228244672345081e-01 1.018866314520830169e-03
5.761623896099539706e+04 5.467125852064516494e+02 3.546160359352916180e-01 6.443563590007954645e-01 1.027605063912899507e-03
5.761624100755790278e+04 5.296032056284019518e+02 3.338023831679445275e-01 6.652273184826116292e-01 9.702983494438844995e-04
5.761939315737270226e+04 6.532931179210263508e+02 5.412238941988346541e-01 4.570997531167708683e-01 1.676352684394368962e-03
5.761939520490739960e+04 6.619399178681798048e+02 5.517876939439634310e-01 4.465151002271877112e-01 1.697205828848797780e-03
5.761939725003470085e+04 6.506882856255466550e+02 5.361940697970837277e-01 4.621473912590750022e-01 1.658538943841177289e-03
5.762318496390050132e+04 7.511543842989423183e+02 6.662879710642449771e-01 3.317902953974810054e-01 1.921733538273977379e-03
5.762318700912039640e+04 7.643802149386694964e+02 6.798182220639809037e-01 3.182498346859809479e-01 1.931943250038145989e-03
5.762318905652780086e+04 7.628919394398898248e+02 6.758168893603329064e-01 3.222663862613071029e-01 1.916724378360053650e-03
5.762618919959489722e+04 8.013406913244505176e+02 7.938213091425047052e-01 2.037818524798029884e-01 2.396838377692354482e-03
5.762619125050929870e+04 8.209302760106056667e+02 8.234125350380676611e-01 1.741302110247211210e-01 2.457253937211345378e-03
5.762619330261569849e+04 8.173209313416524537e+02 8.136226728294325694e-01 1.839569197301944847e-01 2.420407440373007011e-03
5.762928869053239760e+04 8.366268067343029315e+02 8.305065160147858672e-01 1.670866276193819500e-01 2.406856365832243157e-03
5.762929076252310188e+04 8.442779125802690032e+02 8.419921304441563281e-01 1.555786160034865750e-01 2.429253552357172295e-03
5.755737465321760101e+04 7.165222363777070314e+02 5.761313362702747964e-01 4.222895577193058747e-01 1.579106010419239732e-03
5.759726976038190332e+04 2.431763473368543771e+02 3.035723279206393177e-01 6.926213166670125432e-01 3.806355412348284405e-03
5.762929280788190226e+04 8.552113736415847143e+02 8.657834426641978220e-01 1.317133359925130309e-01 2.503221343289183456e-03
5.772813550339119683e+04 nan nan nan nan
5.790337165991900110e+04 8.000212826097738343e+02 7.972471184208814732e-01 2.003273302338468564e-01 2.425551345271812192e-03
5.792224230149309733e+04 1.845506060649292692e+02 3.160337552408670758e-01 6.768037613537540853e-01 7.162483405378755608e-03
5.794831686872689897e+04 8.427294117735299324e+02 8.768672650975415372e-01 1.204883842179746284e-01 2.644350684483962738e-03
5.798637413616899721e+04 8.290541029859168702e+02 8.968929790467905505e-01 1.002484884172569340e-01 2.858532535952636872e-03
5.802708766583329998e+04 7.124634205520214891e+02 6.886448670254481375e-01 3.090732512863743620e-01 2.281881688177518804e-03
5.790337370518520038e+04 8.075576476685944272e+02 7.980011398377807597e-01 1.996138645095996700e-01 2.384995652619609826e-03
5.790637381167819694e+04 8.090170752201596542e+02 7.829729587766659504e-01 2.147393058490037754e-01 2.287735374330314951e-03
5.790637585583329928e+04 8.009781644966629983e+02 7.789790074927801511e-01 2.187108552123073202e-01 2.310137294912590743e-03
5.790637790084489825e+04 8.084333509939988289e+02 7.776358098850618683e-01 2.201042772370937761e-01 2.259912877844420191e-03
5.790937800020830036e+04 nan nan nan nan
5.790938007233799726e+04 nan nan nan nan
5.790938211894679989e+04 nan nan nan nan
5.791335360002310335e+04 7.947546839597677035e+02 7.738321615734609082e-01 2.238522839861983860e-01 2.315554440340544026e-03
5.791335564643520047e+04 8.292634241033480293e+02 8.441668626332954339e-01 1.533020961582725328e-01 2.531041208432074051e-03
5.791335771677079902e+04 8.233702189305671482e+02 8.242158053723198652e-01 1.733367143291760226e-01 2.447480298504192860e-03
5.791635771358799684e+04 8.670253289310634273e+02 9.219249728052244519e-01 7.531346247736349364e-02 2.761564717412124271e-03
5.791635976077550004e+04 8.741936822718890880e+02 9.369076631797718102e-01 6.028686511983943203e-02 2.805471700388861844e-03
5.791636182935190300e+04 8.771346268960006682e+02 9.338084478414943046e-01 6.342326765365351171e-02 2.768284504852248744e-03
5.792223818324069725e+04 1.961977131538831145e+02 3.177009993728553416e-01 6.758946232183093983e-01 6.404377408835234924e-03
5.792224023196759663e+04 1.142766976852485499e+02 2.232260110486121996e-01 7.674542902829800672e-01 9.319698668407667280e-03
5.763230957098380168e+04 7.206718915948681570e+02 6.415348863637827526e-01 3.565296143031536080e-01 1.935499333063557884e-03
5.763231162777780264e+04 7.288507902514847956e+02 6.531925520283409226e-01 3.448457469097531702e-01 1.961701061905808327e-03
5.763231367187500291e+04 7.343730262560920892e+02 6.619158405469316442e-01 3.360998940853799355e-01 1.984265367688335755e-03
5.769003383031250269e+04 8.030753958125335430e+02 8.040483690130021399e-01 1.935032480354864082e-01 2.448382951511570739e-03
5.769003590199069731e+04 8.350798273591009320e+02 8.687461154638151939e-01 1.286105179079322924e-01 2.643366628252511071e-03
5.769003794601849950e+04 7.924033868119213366e+02 7.939303102736059436e-01 2.036178066507092765e-01 2.451883075684759428e-03
5.769427015548609779e+04 5.933126602267502676e+02 5.642311363683030212e-01 4.335599715268326215e-01 2.208892104864308703e-03
5.769427222827549849e+04 5.968383182572756596e+02 5.728107184129207496e-01 4.249395199194087036e-01 2.249761667670520295e-03
5.769427429901620053e+04 5.968501484524598482e+02 5.746156509169737525e-01 4.231204767804691569e-01 2.263872302557100140e-03
5.770016264601849980e+04 8.170747845724270064e+02 8.742771110525158207e-01 1.229264699888215767e-01 2.796418958662643360e-03
5.770016469395830063e+04 8.068680913437349318e+02 8.542758620342050246e-01 1.429862301246099809e-01 2.737907841185052097e-03
5.770016674040509679e+04 8.261496057786798701e+02 8.948693032073102849e-01 1.022650051413268035e-01 2.865691651362981419e-03
5.770321977893519943e+04 3.477411533760335942e+02 1.718532832996101378e-01 8.275501883010889514e-01 5.965283993008416641e-04
5.770322185409720259e+04 3.389863104408805725e+02 1.637046161935948596e-01 8.357257638860685622e-01 5.696199203365926843e-04
5.770322392438659881e+04 3.379492243887287373e+02 1.629741754411642984e-01 8.364578062771037548e-01 5.680182817320681169e-04
5.770724706540509942e+04 2.168667639684435073e+02 8.480142637707238640e-02 9.148251103032296605e-01 3.734633196981022320e-04
5.770724911196759786e+04 2.150655097889180638e+02 8.433164238100340770e-02 9.152928080930473609e-01 3.755495259493985948e-04
5.770725116266200348e+04 2.073523190542673547e+02 7.856835452492795524e-02 9.210809701901219171e-01 3.506752849502375044e-04
5.771122231931710121e+04 7.585645108719720611e+02 9.144414031916834329e-01 8.200920159987341862e-02 3.549395208443214839e-03
5.771122439228009898e+04 7.508880463123026630e+02 8.988925327949220945e-01 9.760726768385168117e-02 3.500199521226266420e-03
5.771122646682870254e+04 7.370876566650570112e+02 8.736196604915745789e-01 1.229492333276551719e-01 3.431106180770374103e-03
5.771422651776619750e+04 5.523427343141592019e+02 5.425616964137865983e-01 4.550815802262281884e-01 2.356723359985368575e-03
5.771422857567130268e+04 5.395377562200220609e+02 5.201349994754641548e-01 4.775950514703105054e-01 2.269949054225172801e-03
5.771423062320600002e+04 5.394653833041392090e+02 5.242910508460719710e-01 4.734019610089355012e-01 2.306988144992435427e-03
5.772020971459490102e+04 7.056359307305662014e+02 8.404932454413278631e-01 1.560415033903843895e-01 3.465251168287724389e-03
5.772021178789350233e+04 7.230796528079686141e+02 8.860208541395223625e-01 1.103118728418726879e-01 3.667273018605019409e-03
5.772021386024310050e+04 6.749739987721675334e+02 7.780499971710358453e-01 2.187046003671520022e-01 3.245402461812247827e-03
5.772421063494210102e+04 6.972971658348004667e+02 9.260255688132247309e-01 6.966680713129336233e-02 4.307624055482097564e-03
5.772421270884259866e+04 6.963773028746920772e+02 9.399689364894343591e-01 5.558100803775216370e-02 4.450055472813433007e-03
5.772813138064809755e+04 nan nan nan nan
5.772813342998839653e+04 nan nan nan nan
5.799016862412040064e+04 8.308487547442175583e+02 8.618906132897315997e-01 1.354810076885798464e-01 2.628379021688633226e-03
5.799017067341440270e+04 8.136288323794055941e+02 8.271397591957638795e-01 1.703359884447561146e-01 2.524252359479978169e-03
5.799017272325229715e+04 8.274055084792262278e+02 8.522125231965504977e-01 1.451963620635223218e-01 2.591114739927281602e-03
5.799317281408570125e+04 nan nan nan nan
5.799317489197920077e+04 nan nan nan nan
5.799317696175930178e+04 nan nan nan nan
5.799617709755789838e+04 nan nan nan nan
5.799617914864580234e+04 nan nan nan nan
5.799618119494210259e+04 2.474214225217315573e+02 2.482748788388134953e-01 7.492657810376875949e-01 2.459340123498957986e-03
5.800014257973380154e+04 nan nan nan nan
5.800014462671300134e+04 nan nan nan nan
5.800014669960649917e+04 nan nan nan nan
5.800314683020830125e+04 8.429802988584535797e+02 9.237614536706582058e-01 7.330554365070099387e-02 2.933002678640825051e-03
5.800314890200230002e+04 8.628865617419442060e+02 9.394030657673095863e-01 5.770209684960296570e-02 2.894837383087415453e-03
5.800315097386569687e+04 8.267448169430272173e+02 8.575784344907864121e-01 1.397935230483021707e-01 2.628042460911535205e-03
5.800711306057869660e+04 8.224837613501009628e+02 8.604919563950921280e-01 1.368346272375922379e-01 2.673416367315645855e-03
5.800711510732639726e+04 8.225393772747889898e+02 8.575099045844366552e-01 1.398355355071178863e-01 2.654559908445496257e-03
5.800711715050930070e+04 8.270447399091306124e+02 8.551930706302126595e-01 1.421953815903998497e-01 2.611547779387607491e-03
5.801011732460650092e+04 nan nan nan nan
5.801011937150460290e+04 nan nan nan nan
5.801012141791670001e+04 nan nan nan nan
5.801707824304400128e+04 nan nan nan nan
5.801708028812499833e+04 nan nan nan nan
5.801708233447920065e+04 nan nan nan nan
5.802104939627309795e+04 nan nan nan nan
5.802105144168980041e+04 nan nan nan nan
5.802105348754629813e+04 nan nan nan nan
5.802408142475689965e+04 5.914061467164743817e+02 6.870952439095613373e-01 3.096079769495452272e-01 3.296779140893501409e-03
5.802408347208330088e+04 5.900368403553184180e+02 7.191598241603963659e-01 2.772117335943071748e-01 3.628442245296496175e-03
5.802408551613429881e+04 5.609735714741705124e+02 6.790940069169066895e-01 3.173266557520871278e-01 3.579337331006268112e-03
5.802708559285879892e+04 7.335500729192577865e+02 7.344242864485676092e-01 2.631274274466101626e-01 2.448286104822350057e-03
5.802708970991899696e+04 7.399157027867532861e+02 7.391105825985860855e-01 2.584522689161559694e-01 2.437148485258085109e-03
5.804723603105320217e+04 7.728934059101836738e+02 8.288676009345422591e-01 1.683233536475000069e-01 2.809045417957707104e-03
5.804723807749999833e+04 7.626966680115416466e+02 8.079522197905315561e-01 1.893068669250793090e-01 2.740913284389117060e-03
5.804724014932870341e+04 7.638652527098471410e+02 8.103122404595800576e-01 1.869392393868796742e-01 2.748520153540322340e-03
5.805024026468749798e+04 3.964170179820898738e+02 6.066456204170008748e-01 3.876344169754845081e-01 5.719962607514490413e-03
5.805024233653939882e+04 6.980314756358616251e+02 8.154472912197228140e-01 1.812194470719468431e-01 3.333261708330451274e-03
5.805024438494210335e+04 7.437588862484411720e+02 8.556851816580735015e-01 1.410819253925249539e-01 3.232892949401630026e-03
5.805327577043980273e+04 7.235863055813132405e+02 8.081600276490680246e-01 1.887931881757691499e-01 3.046784175162773473e-03
5.805327784341439838e+04 5.828747774339324224e+02 7.954236181378960824e-01 2.000278203103132424e-01 4.548561551790703851e-03
5.805327991408570233e+04 7.178749814933291873e+02 8.015819479575856388e-01 1.953727816716787080e-01 3.045270370735665786e-03
5.805628832104169851e+04 6.305855777739699306e+02 6.575451033244371635e-01 3.397991254232860525e-01 2.655771252276800925e-03
5.805629039309029758e+04 6.266669019086003800e+02 6.596956416126064093e-01 3.375976507301461371e-01 2.706707657247567605e-03
5.805629246236110339e+04 6.163894384535320796e+02 6.395549627515273450e-01 3.578155382713924526e-01 2.629498977080228436e-03
5.806222355206019711e+04 4.978373319725488386e+02 3.677308813177576075e-01 6.309364784476152455e-01 1.332640234627141236e-03
5.806222562383100012e+04 5.020354192043039916e+02 3.735732514560270445e-01 6.250743320296179295e-01 1.352416514355078443e-03
5.806222766803239938e+04 4.788313252075413402e+02 3.407562405375338943e-01 6.580068151022775425e-01 1.236944360188587527e-03
5.806522972351850331e+04 6.077053116412523650e+02 5.909602976181960177e-01 4.067299885143800253e-01 2.309713867424015125e-03
5.806523176767359837e+04 5.767040546332221993e+02 5.392773779930908340e-01 4.585868935590227680e-01 2.135728447886233675e-03
5.806523383688659669e+04 5.794671797483015325e+02 5.614582978174876837e-01 4.362486974024015751e-01 2.293004780110723378e-03
5.806823395875000278e+04 7.747262812213524512e+02 9.403846904812517282e-01 5.601663839081588020e-02 3.598671127932555943e-03
5.806823600857640122e+04 7.962849386894363306e+02 9.921377868177838621e-01 4.070507534054948820e-03 3.791705648161264493e-03
5.806823805357640231e+04 7.842793659818549941e+02 9.731313262128431507e-01 2.310831776181152680e-02 3.760356025345393174e-03
5.807123806574069749e+04 7.424122346513676121e+02 9.128122339406049557e-01 8.349543783050157597e-02 3.692328228893542938e-03
5.807124011413189874e+04 7.618635482438050985e+02 9.658228546389494573e-01 3.025188740012230842e-02 3.925257960928405995e-03
5.807124218600690074e+04 7.579641913652236553e+02 9.584324537456765380e-01 3.766225632243416777e-02 3.905289931889301125e-03
5.755737672369209758e+04 7.596870063141523133e+02 6.459864371657882964e-01 3.522475045181001629e-01 1.766058316111461914e-03
5.756133022916669870e+04 6.218544117970997149e+02 4.318935272318343843e-01 5.669283146284717079e-01 1.178158139693855121e-03
5.756133227755789994e+04 6.114837018473332364e+02 4.191718535932385525e-01 5.796804101766790396e-01 1.147736230082405714e-03
5.756133432156249910e+04 5.938478496068638606e+02 3.919488022180163123e-01 6.069872117077211859e-01 1.063986074262606970e-03
5.756640274435179890e+04 8.060821017637316572e+02 7.558343643881090257e-01 2.420181891386717077e-01 2.147446473219216320e-03
5.756640565740739839e+04 8.144904335093549435e+02 7.613603489641350697e-01 2.365054458430637940e-01 2.134205192801021372e-03
5.756640813357639854e+04 7.917276880188663881e+02 7.245358894995976851e-01 2.734186279622258797e-01 2.045482538176509810e-03
5.756940826380789804e+04 6.467192496722678925e+02 6.811908294856908741e-01 3.160993929270703995e-01 2.709777587238767181e-03
5.756941031233799731e+04 7.172793574086930448e+02 7.071445665668365521e-01 2.904815062708966389e-01 2.373927162266897470e-03
5.756941235986109677e+04 7.405915033870554680e+02 7.631468458020462808e-01 2.342596532341365834e-01 2.593500963817217328e-03
5.757335477071759669e+04 9.115335474008152516e+01 2.082784661912949198e-01 7.789697463617899498e-01 1.275178744691500554e-02
5.757335681866900268e+04 nan nan nan nan
5.757335886174769985e+04 nan nan nan nan
5.757635904164350359e+04 8.364877468400795806e+02 8.204634603976116436e-01 1.771867609256071729e-01 2.349778676781248514e-03
5.757636109031250089e+04 8.329235447832468253e+02 8.068467740850503445e-01 1.908613057090150222e-01 2.291920205934507536e-03
5.757636313547450118e+04 8.327002517342918964e+02 8.046152100273590291e-01 1.931043075924506469e-01 2.280482380190291918e-03
5.758129654758099787e+04 7.906998121378329643e+02 7.301643202815664146e-01 2.677528892565946839e-01 2.082790461838897149e-03
5.758129862053239776e+04 8.513564739216113821e+02 8.404559258090451568e-01 1.571637580667694378e-01 2.380316124185432279e-03
5.758130066709490347e+04 8.497426314523083875e+02 8.255147241093142574e-01 1.721801084850624053e-01 2.305167405623237149e-03
5.758430065474539879e+04 7.917290203707420915e+02 7.227626466599856858e-01 2.752018777057579912e-01 2.035475634256279139e-03
5.758430269878469699e+04 7.921485295363447676e+02 7.219052208665395209e-01 2.760662803031627144e-01 2.028498830297764677e-03
5.758430476832180284e+04 8.049525894912746935e+02 7.441111185194285715e-01 2.538016884256366068e-01 2.087193054934861122e-03
5.758735471921299904e+04 6.524046868753816852e+02 7.591478409193648247e-01 2.375450675530030586e-01 3.307091527632234195e-03
5.758735676368059649e+04 nan nan nan nan
5.758735880907410319e+04 nan nan nan nan
5.759041060892360110e+04 3.392922409105012775e+02 2.455378123569776083e-01 7.531830521639046871e-01 1.279135479117704099e-03
5.759041265638890036e+04 5.316288731763822852e+02 4.247444039703479057e-01 5.736965251893848539e-01 1.559070840267185549e-03
5.759041472459489887e+04 4.016726240611301932e+02 3.000627069176103334e-01 6.985742574299772523e-01 1.363035652412314782e-03
5.759342014512729656e+04 8.009935106091409125e+02 7.564534453480388221e-01 2.413681725888434104e-01 2.178382063117649103e-03
5.759342219388890226e+04 8.100079565439253884e+02 7.689627032457251321e-01 2.288360961723334142e-01 2.201200581941427717e-03
5.759342423879630223e+04 8.197351452412189019e+02 7.879245668464316399e-01 2.098188579607402904e-01 2.256575192828035471e-03
5.792526005879630247e+04 7.480397012096972276e+02 8.163089750492950047e-01 1.807824016174643944e-01 2.908623333240674142e-03
5.792526223586809647e+04 7.426804074786211913e+02 8.065080873950175588e-01 1.906115898436576972e-01 2.880322761324810750e-03
5.792526430643520143e+04 7.174329306852059744e+02 8.016523186591867356e-01 1.952981217191724350e-01 3.049559621640974671e-03
5.793327861822919658e+04 7.808028923694123478e+02 8.375543850892599451e-01 1.596351973941942670e-01 2.810417516545744496e-03
5.793328153189810109e+04 7.908680497846980870e+02 8.499495608606514319e-01 1.472294209724400726e-01 2.821018166908600879e-03
5.793328357708329713e+04 7.851888996075034584e+02 8.258835949055580716e-01 1.714142080569756310e-01 2.702197037466451748e-03
5.793628368734950345e+04 8.192618245918790763e+02 8.378914595129753895e-01 1.595537356616237301e-01 2.554804825400883855e-03
5.793628576050930133e+04 8.167580802409472653e+02 8.248878849766834165e-01 1.726207887498580618e-01 2.491326273458582038e-03
5.793628783324069809e+04 8.155165307404482746e+02 8.146576669495874112e-01 1.829050139170878830e-01 2.437319133324735657e-03
5.794228447361110011e+04 7.627602134374183152e+02 9.800825050542637529e-01 1.588497199706435589e-02 4.032522948671996184e-03
5.794228652329860051e+04 nan nan nan nan
5.794228856964119768e+04 7.214195423272703920e+02 8.775033030781520527e-01 1.188830197555026391e-01 3.613677166345274396e-03
5.794528865236110141e+04 7.510190032223774779e+02 7.959257835276171145e-01 2.013309314532249761e-01 2.743285019157872592e-03
5.794529069642360264e+04 6.619691066092891560e+02 6.308668773837845523e-01 3.669147849902429925e-01 2.218337625972501611e-03
5.794529273826390272e+04 6.481791664338270493e+02 6.042472166163158631e-01 3.936301899411831506e-01 2.122593442500876528e-03
5.794831481783559866e+04 8.503272079248231421e+02 8.923229806067858316e-01 1.049873454121605376e-01 2.689673981053668055e-03
