5.807822493599999871e+04 3.570866417242921784e+02 4.852788267602675676e-01 1.033981778678541574e-02 5.043813554529470444e-01
5.807520824800000264e+04 nan nan nan nan
5.802708614600000146e+04 3.672157985271978191e+02 4.978264403754960599e-01 2.509612991626703426e-04 5.019225983253412515e-01
5.802408196999999927e+04 2.800855735399627520e+02 4.064574215163354043e-01 1.840442103825317213e-02 5.751381574454114132e-01
5.802104992599999969e+04 3.877010214225866775e+02 5.157475895099848939e-01 9.665716776247808848e-04 4.832858388123902338e-01
5.801707873600000312e+04 4.154184268599042298e+02 5.371786938709139925e-01 6.164861995799368957e-03 4.566564441332865987e-01
5.801011779599999863e+04 3.985240920336357249e+02 5.253739953537600593e-01 1.976027694165383522e-19 4.746260046462399962e-01
5.800711355200000253e+04 3.906951109692989803e+02 5.183383774068757166e-01 9.614004442976533055e-04 4.807002221488266280e-01
5.800314731400000164e+04 3.848947436396562125e+02 5.104796936288459319e-01 9.127464004957728735e-03 4.803928423661962266e-01
5.800014307600000029e+04 nan nan nan nan
5.799317332000000170e+04 4.011139276120688351e+02 5.258821540825292518e-01 4.694236098192779497e-03 4.694236098192779982e-01
5.799016912400000001e+04 3.990787039066811985e+02 5.255908776287545603e-01 7.105478617642218978e-04 4.736985745094811628e-01
5.807123857400000270e+04 3.622027190649313297e+02 4.911185716958106906e-01 6.778391003558514524e-03 5.021030373006306613e-01
5.798637056000000302e+04 4.150536076013535194e+02 5.357938927121409511e-01 9.102080535056060462e-03 4.551040267528029815e-01
5.798336635799999931e+04 4.057871588123502420e+02 5.285508269463193853e-01 8.108462435812688329e-03 4.633407106178679680e-01
5.798009566600000107e+04 3.941840516518026334e+02 5.200787462253079196e-01 4.516346617988682872e-03 4.754049071567035267e-01
5.797027992600000289e+04 4.098664476795548808e+02 5.322748858782730963e-01 7.139083475023895280e-03 4.605860306467029486e-01
5.796226116200000251e+04 3.156735781471018640e+02 4.453339080759969870e-01 1.114223898524454789e-02 5.435238529387583784e-01
5.795825610400000005e+04 4.018671975433786088e+02 5.265169185531880514e-01 4.687951301453584414e-03 4.687951301453585073e-01
5.795434759800000029e+04 3.462122329460046330e+02 4.775448045612213366e-01 2.857785753270296672e-03 5.195974096855083824e-01
5.795131956599999830e+04 nan nan nan nan
5.794831530400000338e+04 4.023773560968155607e+02 5.286307198167655708e-01 1.242896941405981795e-18 4.713692801832344292e-01
5.806823449999999866e+04 3.727355698589780673e+02 5.022176383284611134e-01 1.983196660045971008e-03 4.957991650114928484e-01
5.794528921750000154e+04 nan nan nan nan
5.793628421600000001e+04 4.105531164898595193e+02 5.308505491036883406e-01 1.255631133785748733e-02 4.565931395584540975e-01
5.793327915799999755e+04 3.669554190363762132e+02 4.951981244768988710e-01 7.460126239257655438e-03 4.973417492838436149e-01
5.792526056200000312e+04 3.675704193830165423e+02 4.977323876564039851e-01 1.502295949183238798e-03 5.007653163944127961e-01
5.791635822400000325e+04 4.233577640191251703e+02 5.432017162228273133e-01 7.193673760270437138e-03 4.496046100169023285e-01
5.791335411000000022e+04 4.114469778793235832e+02 5.334973817510152427e-01 7.346497925180861185e-03 4.591561203238038180e-01
5.790637431600000127e+04 4.145372745951685260e+02 5.338794874828254322e-01 1.313653533819053934e-02 4.529839771789840874e-01
5.790337015399999655e+04 3.836466169764200345e+02 5.117112213973527002e-01 2.429297405983320279e-03 4.858594811966639448e-01
5.785731943799999863e+04 2.913287317704210864e+02 4.214133101371252965e-01 7.143045553862653434e-03 5.714436443090120665e-01
5.806523021799999697e+04 3.679038607099080309e+02 4.916989005072183727e-01 2.048814412542881991e-02 4.878129553673528074e-01
5.775210756599999877e+04 3.363211675106229563e+02 4.684069928800472793e-01 1.854086223138847042e-03 5.297389208968139584e-01
5.774910341399999743e+04 3.279370399354063466e+02 4.593481433647721990e-01 4.822464528956442280e-03 5.358293921062714515e-01
5.774603203400000348e+04 3.434824075697319472e+02 4.747905763574479243e-01 3.391814459688612636e-03 5.218176091828634622e-01
5.774214645600000222e+04 3.357568625935201680e+02 4.645799491032393536e-01 1.254890744289282982e-02 5.228711434538677594e-01
5.773914154399999825e+04 3.447920803697454062e+02 4.747406190183126040e-01 7.507403671004897645e-03 5.177519773106824541e-01
5.773613751600000251e+04 3.291740624028409457e+02 4.614451727532188907e-01 1.878367608733167533e-03 5.366764596380478869e-01
5.773313338600000134e+04 2.941632916131449065e+02 4.245633627719764269e-01 6.542285050046735100e-03 5.688943521779767920e-01
5.772813188200000150e+04 3.537715629580719110e+02 4.849729215337675869e-01 1.796307697689897634e-03 5.132307707685425102e-01
5.772421111999999994e+04 3.272003322031436596e+02 4.587830701760635677e-01 4.295372458920131489e-03 5.369215573650163442e-01
5.772021019800000067e+04 3.437938869662234538e+02 4.737125291063627452e-01 7.777647353107939969e-03 5.185098235405293243e-01
5.806222411000000284e+04 3.676631131518517464e+02 4.938864013429039024e-01 1.330581028601907946e-02 4.928077883710770823e-01
5.771422705799999676e+04 3.298901074213482048e+02 4.593567041310924193e-01 1.111998943510975404e-02 5.295233064337977469e-01
5.771122275999999692e+04 3.449377965962273151e+02 4.712190649909347440e-01 1.911256391599031740e-02 5.096683710930750566e-01
5.770322030400000222e+04 3.691077435306082180e+02 4.990391275136644711e-01 1.747247686798379619e-03 4.992136247995371257e-01
5.770016318599999795e+04 3.852846462828651397e+02 5.134771205403894090e-01 1.455203029290958513e-03 4.850676764303196165e-01
5.769427068600000348e+04 3.664256697349499063e+02 4.966117307677898052e-01 1.755713943510449782e-03 5.016325552886997663e-01
5.769003435400000308e+04 3.991625359709302074e+02 5.254931447510263753e-01 1.183308865957540370e-03 4.733235463830162137e-01
5.763231013600000006e+04 4.025586518575528885e+02 5.274341866552094693e-01 3.750522328133258469e-03 4.688152910166572540e-01
5.762928918800000247e+04 4.056310249808336721e+02 5.306833924169493955e-01 1.869787281207372417e-03 4.674468203018431467e-01
5.762618971600000077e+04 4.027041736113296793e+02 5.238230024914647398e-01 1.409354529258643671e-02 4.620834522159487645e-01
5.805628883399999904e+04 nan nan nan nan
5.762318547599999874e+04 4.112376444736042913e+02 5.335753916309624589e-01 6.666492677526903061e-03 4.597581156915104827e-01
5.761939369799999986e+04 4.063116565112245553e+02 5.307460275163595753e-01 3.261944197999484558e-03 4.659920282856407914e-01
5.761623741000000155e+04 4.074278764500598982e+02 5.323513370515281506e-01 1.398749739626534193e-03 4.662499132088451792e-01
5.761321960199999739e+04 3.988745416921822198e+02 5.212526374059668344e-01 1.235928408060582746e-02 4.663880785134274509e-01
5.760943109600000025e+04 4.055332344366852340e+02 5.295919413860612490e-01 4.657505530831075428e-03 4.657505530831075879e-01
5.760642687000000296e+04 nan nan nan nan
5.760041556600000331e+04 4.029225916230281541e+02 5.250758112088073082e-01 1.113103567479357611e-02 4.637931531163990706e-01
5.797328410599999916e+04 4.015799399584059302e+02 5.235354212350180614e-01 1.230035200903265187e-02 4.641642267559492052e-01
5.787636616599999979e+04 4.465570418341372374e+02 5.631170891530050682e-01 2.605663484176907151e-03 4.342772473628180308e-01
5.770723677799999859e+04 3.340732709920925458e+02 4.647808771615145607e-01 6.607643491833154782e-03 5.286114793466523132e-01
5.759727025400000275e+04 nan nan nan nan
5.759342069400000037e+04 4.072130623824928648e+02 5.317502221469536661e-01 2.561286701334417049e-03 4.656884911517120695e-01
5.759041114199999720e+04 2.597015721877426699e+02 3.861731365626525081e-01 9.963741511771999695e-03 6.038631219255755633e-01
5.805327627799999755e+04 3.792540159537345517e+02 5.085171160772140597e-01 4.909918920307550097e-04 4.909918920307552170e-01
5.758735525000000052e+04 2.956031859095324421e+02 4.237199469211549441e-01 1.515049798746719890e-02 5.611295550913778518e-01
5.758430115200000000e+04 4.183903788982657943e+02 5.401914847635412853e-01 4.552559556796620388e-03 4.552559556796619278e-01
5.758129703400000290e+04 4.112501733327185320e+02 5.359452182085208127e-01 2.319114351781500626e-04 4.638228703563010424e-01
5.757635955400000239e+04 4.264087239375235754e+02 5.482705857326064525e-01 2.257518312180878774e-04 4.515036624361755124e-01
5.756640323999999964e+04 4.051753379670531672e+02 5.303023620689746309e-01 1.871305330402490714e-03 4.678263326006227296e-01
5.756133076399999845e+04 4.181877279270465806e+02 5.396060410015163233e-01 5.683876037018316396e-03 4.547100829614653117e-01
5.755737308599999960e+04 4.175348184269552689e+02 5.394949907961879010e-01 4.559455536671408286e-03 4.559455536671406795e-01
5.755426339600000210e+04 2.609837113901409680e+02 3.898876637562442293e-01 6.095028334103451233e-04 6.095028334103455014e-01
5.755039413800000330e+04 4.133867195082298736e+02 5.355965283433836710e-01 5.959768145642659228e-03 4.584437035109737435e-01
5.754629552200000035e+04 4.101333711419085262e+02 5.329976948794087344e-01 5.765460557044337769e-03 4.612368445635469105e-01
5.805024065249999694e+04 1.891970039042835197e+02 2.966010578416289345e-01 3.221674544236814014e-02 6.711821967160029878e-01
5.753429142799999681e+04 4.126445719460363080e+02 5.371804599011247294e-01 6.422911370802465498e-19 4.628195400988751596e-01
5.752940672800000175e+04 4.115048234832123057e+02 5.327951975937461615e-01 9.385299803359335377e-03 4.578195026028944459e-01
5.752333441499999753e+04 1.922270996772213039e+02 3.047972618698108205e-01 8.582749853459126915e-03 6.866199882767300977e-01
5.804723657600000297e+04 3.785833866967679455e+02 5.079240753699367783e-01 4.915843402897731272e-04 4.915843402897733805e-01
5.770724756999999954e+04 3.319195697712966648e+02 4.640511856035093308e-01 2.135254240623469992e-03 5.338135601558672283e-01
