5.807822493599999871e+04 7.973259923624054863e+02 4.836796781523881039e-01 1.381879206891418674e-02 5.025015297786976642e-01
5.807520824800000264e+04 8.088884713312252188e+02 4.906189243191647065e-01 7.032874812161432447e-03 5.023482008686738221e-01
5.802708614600000146e+04 8.157053691505827828e+02 4.910471333198194732e-01 1.410321507086548069e-02 4.948496516093150444e-01
5.802408196999999927e+04 6.240809170335382987e+02 4.036427317660694070e-01 2.513383122824994556e-02 5.712234370056806787e-01
5.802104992599999969e+04 8.554122186895342566e+02 5.025461524954759618e-01 2.615697634912467207e-02 4.712968711553994772e-01
5.801707873600000312e+04 9.167030103367591209e+02 5.227947974995618141e-01 3.308681953120767155e-02 4.441183829692305074e-01
5.801011779599999863e+04 8.822220856330661718e+02 5.158564362711071105e-01 1.727416765474352675e-02 4.668693960741494564e-01
5.800711355200000253e+04 8.659089230903630323e+02 5.095051768356801958e-01 1.772872854810794707e-02 4.727660946162117739e-01
5.800314731400000164e+04 8.514741311814017308e+02 4.994344028372535438e-01 3.077151254261838859e-02 4.697940846201280607e-01
5.800014307600000029e+04 nan nan nan nan
5.799317332000000170e+04 8.908138568336742082e+02 5.185531844370434573e-01 1.873964058654467579e-02 4.627071749764118391e-01
5.799016912400000001e+04 8.787879705256420948e+02 5.086589667440269968e-01 3.385403767313035356e-02 4.574869955828426149e-01
5.807123857400000270e+04 8.101533889073000410e+02 4.910548021377844075e-01 7.274229047808898445e-03 5.016709688144067592e-01
5.798637056000000302e+04 9.221959548318930047e+02 5.291202859164592098e-01 2.135254073409851433e-02 4.495271733494423660e-01
5.798336635799999931e+04 9.059403428302927068e+02 5.270224882472063221e-01 1.085976700165183599e-02 4.621177447511419234e-01
5.798009566600000107e+04 8.787882700674185799e+02 5.177393550811544287e-01 8.294409126368354132e-03 4.739662357924772640e-01
5.797027992600000289e+04 8.947952974800610946e+02 5.073824407531669634e-01 5.356447613913869338e-02 4.390530831076943086e-01
5.796226116200000251e+04 6.990687894078712361e+02 4.373130037158278194e-01 2.832137778068482409e-02 5.343656185034872941e-01
5.795825610400000005e+04 8.882996643551950910e+02 5.145553528429546164e-01 2.726187494652590124e-02 4.581827722105194511e-01
5.795434759800000029e+04 7.615451068693071193e+02 4.620789893609937860e-01 3.519109415395367535e-02 5.027299164850526081e-01
5.795131956599999830e+04 8.793749301773755178e+02 5.086488647241241834e-01 3.449280401053335388e-02 4.568583312653424211e-01
5.794831530400000338e+04 8.889191744905638188e+02 5.163052461681010286e-01 2.303308351580471425e-02 4.606616703160942849e-01
5.806823449999999866e+04 8.208889061186195022e+02 4.878405890272369261e-01 2.990007860669614825e-02 4.822593323660669395e-01
5.794528921750000154e+04 nan nan nan nan
5.793628421600000001e+04 9.130996288854171326e+02 5.260069914031069160e-01 2.084481682166069647e-02 4.531481917752324118e-01
5.793327915799999755e+04 8.202944152973036580e+02 4.938774253558033678e-01 1.113717156918769997e-02 4.949854030750088785e-01
5.792526056200000312e+04 8.142209537522567189e+02 4.892416020589624437e-01 1.774836131841443787e-02 4.930100366226232156e-01
5.791635822400000325e+04 9.463940698140212362e+02 5.427722505174245038e-01 8.084577102835320897e-03 4.491431723797400521e-01
5.791335411000000022e+04 9.095145335893464562e+02 5.204516719756214771e-01 3.241701984313980628e-02 4.471313081812386958e-01
5.790637431600000127e+04 9.260642833457870893e+02 5.331492272454417813e-01 1.425671288586387482e-02 4.525940598686943872e-01
5.790337015399999655e+04 8.521598048527520177e+02 5.046306219081457822e-01 1.652029342113965280e-02 4.788490846707144644e-01
5.785731943799999863e+04 6.529720456225007865e+02 4.238342549699817274e-01 8.629541862656278997e-04 5.753027908437525761e-01
5.806523021799999697e+04 8.274521143819204099e+02 4.973344654628841233e-01 9.372566394705789464e-03 4.932929681424100266e-01
5.775210756599999877e+04 7.470943896209988679e+02 4.621225736315454080e-01 1.541270915771676860e-02 5.224647172107378390e-01
5.774910341399999743e+04 7.263769597528232680e+02 4.512173819223515570e-01 2.186699822392933895e-02 5.269156198537190416e-01
5.774603203400000348e+04 7.670830415801598292e+02 4.736498499197009382e-01 5.726856232327685522e-03 5.206232938479714578e-01
5.774214645600000222e+04 7.403852666497665496e+02 4.519668303963278455e-01 3.918157294288091702e-02 5.088515966607911611e-01
5.773914154399999825e+04 7.677435383246825040e+02 4.704982889148426328e-01 1.666712407774102733e-02 5.128345870074162427e-01
5.773613751600000251e+04 7.354662951369373332e+02 4.602242677215732658e-01 5.079613131892080774e-03 5.346961191465348096e-01
5.773313338600000134e+04 6.502364459457785415e+02 4.149622628355932874e-01 2.891821514500869314e-02 5.561195220193979605e-01
5.772813188200000150e+04 7.750906721531489438e+02 4.659077395170624358e-01 4.070449098368808527e-02 4.933877694992495622e-01
5.772421111999999994e+04 7.260751163998104403e+02 4.519312848302109442e-01 1.904485882829383414e-02 5.290238563414954021e-01
5.772021019800000067e+04 7.536891607231403896e+02 4.552387367789831329e-01 4.657995254793331763e-02 4.981813106730836327e-01
5.806222411000000284e+04 8.262298388356449550e+02 4.984012792537702574e-01 4.720344573639602415e-03 4.968783761725901749e-01
5.771422705799999676e+04 7.361279306785869494e+02 4.580583860224657355e-01 1.321808814579351898e-02 5.287235258317407594e-01
5.771122275999999692e+04 7.670452444195525459e+02 4.663895983856349292e-01 2.877558457144636581e-02 5.048348170429186599e-01
5.770322030400000222e+04 8.234518242184016117e+02 4.964585603690480631e-01 7.196994455050569235e-03 4.963444451759012610e-01
5.770016318599999795e+04 8.511736972923843041e+02 5.012840319628941721e-01 2.510156344346306176e-02 4.736144045936427349e-01
5.769427068600000348e+04 8.081135436879044391e+02 4.830555438274061753e-01 2.903085902998520790e-02 4.879135971426086238e-01
5.769003435400000308e+04 8.855427842219268086e+02 5.172837650429944478e-01 1.677392322244421544e-02 4.659423117345614096e-01
5.763231013600000006e+04 8.906086337829674449e+02 5.163843167956198021e-01 2.455950550681950187e-02 4.590561776975608521e-01
5.762928918800000247e+04 8.998727041098649124e+02 5.219663417594051502e-01 1.860678823521776798e-02 4.594268700053770749e-01
5.762618971600000077e+04 9.056274480146767019e+02 5.303319902603457203e-01 1.404789660238249527e-03 4.682632200794161204e-01
5.805628883399999904e+04 8.481033015083314694e+02 5.027941497404743165e-01 1.727742336809163365e-02 4.799284268914341678e-01
5.762318547599999874e+04 9.141605912085624368e+02 5.276991594366792215e-01 1.729039686069960488e-02 4.550104437026212256e-01
5.761939369799999986e+04 9.013264627367453841e+02 5.228363485605295180e-01 1.768974538316765710e-02 4.594739060563027833e-01
5.761623741000000155e+04 9.087127795292352630e+02 5.296363303700413194e-01 6.494172953470826910e-03 4.638694966764877470e-01
5.761321960199999739e+04 8.887283965664124707e+02 5.174399313324656857e-01 1.967271263153017036e-02 4.628873560360040607e-01
5.760943109600000025e+04 8.963273115322253943e+02 5.178221694695962496e-01 2.643318919731892438e-02 4.557446413330849544e-01
5.760642687000000296e+04 8.903925707920968762e+02 5.219153424402631636e-01 8.914237972163884319e-03 4.691704195875728289e-01
5.760041556600000331e+04 8.959111447249296134e+02 5.191052627104347783e-01 2.246314788101877111e-02 4.584315894085463916e-01
5.797328410599999916e+04 9.025327678192051053e+02 5.286661690793705848e-01 2.811136168512699558e-03 4.685226947521167196e-01
5.787636616599999979e+04 9.832833937029494109e+02 5.465998821157737053e-01 3.143630412505803162e-02 4.219638137591682492e-01
5.770723677799999859e+04 7.447521087240124871e+02 4.616580385947339771e-01 1.364219395373968656e-02 5.246997674515263554e-01
5.759727025400000275e+04 nan nan nan nan
5.759342069400000037e+04 9.003634281063550588e+02 5.199751785067125986e-01 2.459330204994071914e-02 4.554315194433466996e-01
5.759041114199999720e+04 5.739984633670546827e+02 3.770860652630109167e-01 3.359138531694264712e-02 5.893225494200463599e-01
5.805327627799999755e+04 8.401664393220469265e+02 4.994164079633613973e-01 1.809338284469777861e-02 4.824902091919407443e-01
5.758735525000000052e+04 6.641171133839164895e+02 4.280101771928635501e-01 4.820935541755735042e-03 5.671688872653807278e-01
5.758430115200000000e+04 9.186928315086903467e+02 5.217295335310464521e-01 3.787408850490792123e-02 4.403963779640456822e-01
5.758129703400000290e+04 9.060873452255870006e+02 5.203617694185198594e-01 2.927369482422179092e-02 4.503645357572583774e-01
5.757635955400000239e+04 9.528298554047246398e+02 5.479530229666058627e-01 4.515953816517427632e-04 4.515953816517424002e-01
5.756640323999999964e+04 8.824549578913237156e+02 5.025151530713161119e-01 5.468569523426120710e-02 4.427991516944227435e-01
5.756133076399999845e+04 9.307217450936880141e+02 5.349346613551972940e-01 1.398353588553723215e-02 4.510818027592655155e-01
5.755737308599999960e+04 9.225328086062166904e+02 5.267571530328398755e-01 2.804731830567364428e-02 4.451955286614865392e-01
5.755426339600000210e+04 5.811912483999722099e+02 3.867058053584168098e-01 8.765663698672210291e-03 6.045285309429110354e-01
5.755039413800000330e+04 9.155937452221545527e+02 5.258015961611519629e-01 2.386753599568749995e-02 4.503308678431604539e-01
5.754629552200000035e+04 9.025596484499468488e+02 5.160677959401005488e-01 3.750028149541655142e-02 4.464319225644828304e-01
5.805024065249999694e+04 4.256049246382124238e+02 3.001500039168371603e-01 2.071365830231583147e-02 6.791363377808470325e-01
5.753429142799999681e+04 9.074117981587814938e+02 5.195923455612814212e-01 3.268383855920453662e-02 4.477238158795142087e-01
5.752940672800000175e+04 9.230586945875934362e+02 5.368030080149944760e-01 1.385434671939198567e-03 4.618115573130663898e-01
5.752333441499999753e+04 4.292396592927455004e+02 3.038373828283889022e-01 1.197331282604736404e-02 6.841893043455637979e-01
5.804723657600000297e+04 8.260140835230243965e+02 4.834960752154188190e-01 4.865616682753301503e-02 4.678477579570482492e-01
5.770724756999999954e+04 7.409610005180037433e+02 4.625486865951357052e-01 5.321300132721428627e-03 5.321300132721428211e-01
