5.792512778999999864e+04 7.965920621345165955e+02 4.439578285906235489e-01 1.319062664441770227e-01 4.241359049651994839e-01
5.807205449599999702e+04 9.909156058678472618e+02 5.103937474664574925e-01 1.273374752242250330e-01 3.622687773093173913e-01
5.804721275800000149e+04 nan nan nan nan
5.791326602399999683e+04 nan nan nan nan
5.790129893399999855e+04 nan nan nan nan
5.788733880199999840e+04 1.108265546550111367e+03 5.735583363176753879e-01 6.071124856130204195e-02 3.657304151210226117e-01
5.787235149999999703e+04 1.314583713642529347e+03 6.495814838788454004e-01 1.700413396682395883e-02 3.334143821543305575e-01
5.784722276799999963e+04 8.867941565044459367e+02 5.117796104665909285e-01 3.342729262292087888e-02 4.547930969104881926e-01
5.783534901800000080e+04 8.803953904926820542e+02 5.048109317432101228e-01 4.624159392372734212e-02 4.489474743330624240e-01
5.779934133599999768e+04 nan nan nan nan
5.778534149199999956e+04 7.310792082301968549e+02 4.144275978935708649e-01 1.467770464627954630e-01 4.387953556436337554e-01
5.772706253399999696e+04 8.746697379652839572e+02 4.721027753842632624e-01 1.300846966460783016e-01 3.978125279696584360e-01
5.771409744499999942e+04 8.250686793295615189e+02 4.855245587173850907e-01 4.161198422138798203e-02 4.728634570612270105e-01
5.801823729399999866e+04 1.079246074999644179e+03 5.660135376121011586e-01 5.840319828445391520e-02 3.755832641034449471e-01
5.770204628000000230e+04 9.710784671533789378e+02 5.299965922997676993e-01 6.325013405225970997e-02 4.067532736479725353e-01
5.769016059600000153e+04 9.820157105925418364e+02 5.202901092237257608e-01 9.640194768696203065e-02 3.833079430893122641e-01
5.800030809600000066e+04 nan nan nan nan
5.798705247200000304e+04 1.132451025598447814e+03 5.696528336013004790e-01 8.482555548043414773e-02 3.455216109182653872e-01
5.797409855999999854e+04 nan nan nan nan
5.796213143799999671e+04 7.199652245600029801e+02 4.319785194728797961e-01 7.644079110987865577e-02 4.915806894172415897e-01
5.794916718599999876e+04 8.881215765600738905e+02 5.152835148926012687e-01 2.505172992461029285e-02 4.596647551827884870e-01
5.793719157399999676e+04 1.196549950001659909e+03 6.085169584046112856e-01 3.831836717465014058e-02 3.531646744207385669e-01
5.792512778999999864e+04 7.965920621345165955e+02 4.439578285906235489e-01 1.319062664441770227e-01 4.241359049651994839e-01
