5.750823479354169831e+04 nan nan nan nan
5.750823684359950130e+04 2.269919536115804135e+02 4.916536053343639190e-01 4.968879632882861053e-01 1.145843137734996534e-02
5.750823888879630249e+04 2.305978172104450437e+02 4.619657526644567191e-01 5.282317481585946384e-01 9.802499176948612988e-03
5.751127795192129997e+04 3.057966950839299329e+02 5.277456363356202163e-01 4.649797260442996016e-01 7.274637620080077159e-03
5.751128002734950132e+04 2.856091288610900847e+02 4.598018607312223116e-01 5.338678301658310588e-01 6.330309102946655650e-03
5.751128210050929920e+04 3.073406834503622918e+02 5.301525981579350288e-01 4.625798302299515274e-01 7.267571612113442846e-03
5.751622383775460185e+04 nan nan nan nan
5.751622588629629900e+04 nan nan nan nan
5.751622793262729829e+04 nan nan nan nan
5.752032221108800150e+04 nan nan nan nan
5.752032425738430175e+04 nan nan nan nan
5.752032630150460318e+04 nan nan nan nan
5.752333383954859892e+04 nan nan nan nan
5.752333588821760350e+04 nan nan nan nan
5.752333793572919967e+04 nan nan nan nan
5.752940620478009805e+04 nan nan nan nan
5.752940825335650152e+04 nan nan nan nan
5.752941032322919636e+04 nan nan nan nan
5.753429089564809692e+04 2.724502031487631371e+02 4.088586917015638589e-01 5.856408378710185048e-01 5.500470427417669325e-03
5.753429294650460361e+04 2.751291159974894640e+02 4.188140383069509642e-01 5.755262150262194787e-01 5.659746666829547530e-03
5.753429499166669848e+04 2.643932988850031620e+02 3.870146055174231159e-01 6.077520242479806933e-01 5.233370234596125721e-03
5.754629497972220270e+04 2.906651098220025347e+02 4.686510357649483760e-01 5.249994428351358877e-01 6.349521399915784847e-03
5.754629702839120000e+04 2.918010594466869065e+02 4.711895264036511932e-01 5.224418561083972179e-01 6.368617487951608834e-03
5.754629907357640332e+04 2.916019094199946267e+02 4.692137889599626299e-01 5.244622608158091559e-01 6.323950224228220250e-03
5.755039358618060214e+04 3.085203218989314564e+02 5.230718070601813041e-01 4.699074558377987487e-01 7.020737102019902059e-03
5.755039571016200352e+04 3.189091460641550384e+02 5.602556685951035620e-01 4.322061565613556366e-01 7.538174843540848200e-03
5.755039775870370067e+04 3.122681747866772639e+02 5.348644920868672603e-01 4.579697897583838717e-01 7.165718154748931291e-03
5.755426286537040141e+04 2.339114324949023569e+02 4.875542627531667672e-01 5.018343868507113559e-01 1.061135039612188039e-02
5.755426493841440242e+04 2.296075569239440313e+02 4.954289051393798715e-01 4.931995893954668753e-01 1.137150546515325149e-02
5.755426700672449806e+04 3.962926168604227541e+02 9.803970221120299477e-01 4.654408167764145093e-03 1.494856972020596093e-02
5.755737257791669981e+04 3.151471207870299622e+02 5.533063084634357587e-01 4.391647800195264129e-01 7.528911517037838869e-03
5.794831891516200267e+04 3.159448232249780517e+02 5.580468432173513182e-01 4.343333061036857567e-01 7.619850678962907659e-03
5.795131904060189845e+04 3.284889432775223668e+02 6.342211187377722048e-01 3.566741417812716586e-01 9.104739480956124467e-03
5.795132111849539797e+04 3.264575722791705630e+02 6.161589358510336512e-01 3.751402549282316645e-01 8.700809220734670446e-03
5.795132316312500188e+04 3.599106203784521654e+02 7.488934728408741526e-01 2.405315751908000954e-01 1.057495196832572253e-02
5.795434710633099894e+04 3.437256638368629638e+02 8.194330489707585263e-01 1.666856341063922553e-01 1.388131692284913163e-02
5.795434915491900028e+04 3.083023904893308895e+02 6.663219797183431714e-01 3.222691634157549001e-01 1.140885686590191982e-02
5.795435120121530053e+04 2.944169115975964246e+02 7.047479339578534008e-01 2.812571674993029625e-01 1.399489854284350840e-02
5.795825557232640131e+04 2.868570051404406627e+02 4.686786484314873769e-01 5.248013596900305000e-01 6.519991878482091913e-03
5.795825764436340251e+04 2.881607564710083693e+02 4.730401791173875492e-01 5.203778792501528860e-01 6.581941632459534404e-03
5.795825969094909669e+04 2.941366958104781588e+02 4.923593247265833917e-01 5.007969344712307480e-01 6.843740802185785746e-03
5.796226067233800131e+04 2.356436436227567981e+02 4.735263619811316826e-01 5.166107409206942558e-01 9.862897098174033816e-03
5.796226272096070170e+04 2.839664134762864478e+02 5.521564227785898948e-01 4.386089803582357560e-01 9.234596863174257195e-03
5.796226476614580315e+04 3.022647497893929653e+02 6.400888558576812715e-01 3.489581422177318037e-01 1.095300192458693346e-02
5.796526788873840269e+04 8.450219437305892711e+01 2.122431933183755448e-01 7.723483477369615935e-01 1.540845894466276282e-02
5.796526993535880320e+04 1.015734220184952648e+02 2.268677944545755554e-01 7.609475525161074616e-01 1.218465302931696741e-02
5.796527198114580096e+04 7.046541073964827717e+01 1.788910781584267529e-01 8.053671713487987605e-01 1.574175049277455954e-02
5.797027938540509786e+04 2.256277816225683921e+02 2.874114446532058387e-01 7.086253132210369454e-01 3.963242125757375500e-03
5.797028143182869826e+04 2.212989560387027268e+02 2.765773978465979610e-01 7.196075341888578114e-01 3.815067964544232790e-03
5.797028347689809743e+04 2.178347766697677343e+02 2.669599066482188920e-01 7.293717895912846805e-01 3.668303760496422709e-03
5.797328356476849876e+04 nan nan nan nan
5.797328561118060315e+04 nan nan nan nan
5.797328765510419908e+04 nan nan nan nan
5.798009512350690056e+04 2.997679521466274082e+02 5.319723652435837113e-01 4.603357037627487380e-01 7.691930993667423985e-03
5.798009717217589787e+04 3.041499776549034095e+02 5.393160426001885055e-01 4.530043549692399640e-01 7.679602430571544347e-03
5.798009921662040142e+04 3.777056761500211337e+02 8.264185572878793851e-01 1.618885830962729366e-01 1.169285961584773034e-02
5.798336581408559869e+04 2.915707678425120548e+02 4.970544712021547351e-01 4.958473383825028336e-01 7.098190415342383632e-03
5.798336786162039789e+04 2.916606713752241262e+02 4.919930759507999407e-01 5.010568428874170310e-01 6.950081161782936320e-03
5.798336990800929925e+04 2.908703592041105708e+02 4.883711576551663103e-01 5.047434496055915876e-01 6.885392739242065727e-03
5.798637001756940299e+04 3.624953719886510157e+02 7.365042752357320310e-01 2.534131082639231591e-01 1.008261650034477513e-02
5.798637209084490314e+04 4.077535161351678425e+02 9.377756277424212916e-01 4.930533679109279366e-02 1.291903546648586962e-02
5.773313283907409641e+04 2.030111033236156288e+02 3.547747451552684672e-01 6.377660343088741302e-01 7.459220535857425186e-03
5.773313491203699959e+04 2.367613928878011507e+02 4.262052012202524609e-01 5.658799366339911652e-01 7.914862145756384332e-03
5.773313695576389728e+04 2.330644377689497730e+02 4.017947359850630451e-01 5.909461419526028658e-01 7.259122062334064790e-03
5.773613697483800206e+04 2.466731737748518754e+02 4.444058912172097475e-01 5.476664781209990007e-01 7.927630661791298591e-03
5.773613904766199994e+04 3.024342677934250787e+02 6.734047993125453768e-01 3.144859281036281318e-01 1.210927258382643590e-02
5.773614109170140000e+04 3.554656416572526041e+02 9.366392722407465010e-01 4.640263115797380739e-02 1.695809660127962568e-02
5.773914103421299660e+04 3.243169694031136601e+02 7.407199814281801853e-01 2.465392269956831195e-01 1.274079157613668481e-02
5.773914310640050098e+04 3.103200501713842527e+02 6.816731439935783676e-01 3.065410216753767791e-01 1.178583433104483415e-02
5.773914515188660152e+04 3.216586822833439214e+02 7.295847328675816312e-01 2.578495130827889725e-01 1.256575404962936848e-02
5.774214593089120171e+04 3.114547675133532607e+02 6.971963977791053590e-01 2.905645457138119614e-01 1.223905650708263793e-02
5.774214797937499679e+04 2.925962470991235023e+02 6.140393832427086807e-01 3.752038292963413846e-01 1.075678746094994517e-02
5.774215002598379942e+04 2.997660668297930329e+02 6.441929231919842902e-01 3.445274534872751482e-01 1.127962332074055815e-02
5.774603153121530340e+04 nan nan nan nan
5.774603357987270283e+04 nan nan nan nan
5.774603562748840341e+04 2.482230986686938081e+02 4.370584384471963291e-01 5.553693581581816696e-01 7.572203394621890293e-03
5.774910287126160256e+04 3.185305249307731401e+02 7.562625431394424114e-01 2.299694617221023085e-01 1.376799513845515521e-02
5.774910491856480076e+04 3.600822045094971600e+02 9.634472842924224345e-01 1.906712802904425574e-02 1.748558767853328200e-02
5.774910696269680193e+04 3.611218360578513398e+02 9.577726304309359673e-01 2.504650628082036659e-02 1.718086328824369041e-02
5.775210701935189718e+04 2.885688413815573767e+02 6.146281740307448782e-01 3.742914704895504707e-01 1.108035547970463372e-02
5.775210909396989882e+04 2.926165103138255859e+02 6.259388020217407922e-01 3.628850091117183929e-01 1.117618886654079928e-02
5.775211113959489739e+04 3.151073040466314978e+02 7.398649445845104644e-01 2.466697689227944634e-01 1.346528649269499757e-02
5.785731888864580105e+04 nan nan nan nan
5.785732096162039670e+04 nan nan nan nan
5.785732303363429673e+04 nan nan nan nan
5.787323558943290118e+04 nan nan nan nan
5.787323766340279690e+04 nan nan nan nan
5.787323970866900345e+04 nan nan nan nan
5.787636561278929730e+04 3.132760351616998946e+02 4.951608672295669811e-01 4.987372210613257861e-01 6.101911709107252745e-03
5.787636768714120262e+04 3.145906659687073557e+02 4.986978530493351158e-01 4.951643718859694565e-01 6.137775064695499654e-03
5.787636973238430073e+04 3.262950418041230023e+02 5.370530322017292857e-01 4.563302740514788569e-01 6.616693746791905105e-03
5.790336961260419775e+04 3.819196458891803445e+02 8.665586364161791399e-01 1.208671871768960404e-01 1.257417640692478841e-02
5.759727180795140157e+04 2.175741192333740628e+02 6.317378314233819125e-01 3.476707181203326780e-01 2.059145045628545112e-02
5.759727385310189857e+04 nan nan nan nan
5.760041507263889798e+04 3.431034934808672574e+02 6.862075739239711369e-01 3.040225653814321860e-01 9.769860694596609399e-03
5.760041711899310030e+04 3.744992651545804279e+02 7.985211504725703291e-01 1.903743613797921341e-01 1.110448814763753678e-02
5.760041916413189756e+04 3.860153871459876882e+02 8.486686238937521942e-01 1.395255958295785192e-01 1.180578027666927612e-02
5.760342213885419915e+04 4.196906840227966313e+02 9.836957744010680349e-01 2.886139004688658988e-03 1.341808659424329787e-02
5.760342418274310330e+04 4.067652210685096179e+02 9.223257048159505533e-01 6.511663763444992814e-02 1.255765754959957924e-02
5.760342622562500037e+04 2.751791544301985368e+02 4.204865188161577283e-01 5.738105159205169059e-01 5.702965263325396154e-03
5.760642632716440130e+04 3.103619035428837378e+02 5.571984456254407414e-01 4.349290915996628093e-01 7.872462774896581139e-03
5.760642838563660189e+04 2.687724836807827273e+02 4.168685338229396464e-01 5.772558115819689251e-01 5.875654595091423307e-03
5.760643043196760118e+04 2.625815772707078963e+02 3.991298605890804541e-01 5.952269117330110104e-01 5.643227677908580625e-03
5.760943056070600142e+04 3.652027203114394638e+02 7.674617136551541430e-01 2.217519721321430382e-01 1.078631421270288479e-02
5.760943263361109712e+04 3.527007410543625952e+02 7.182002459492075053e-01 2.716721668390824074e-01 1.012758721171014287e-02
5.760943467989579949e+04 2.869192019633684936e+02 4.781242958915046803e-01 5.150932004853154833e-01 6.782503623179825074e-03
5.761321910018519702e+04 nan nan nan nan
5.761322127516200271e+04 3.204497684392883912e+02 5.943675765896901941e-01 3.972297413104092234e-01 8.402682099900639703e-03
5.761322332181710226e+04 3.545331534810422340e+02 7.265341899418411575e-01 2.632086757355564521e-01 1.025713432260239553e-02
5.761623691380790115e+04 3.230105576437100012e+02 6.026920650990144068e-01 3.888046809547419658e-01 8.503253946243601383e-03
5.761623896099539706e+04 3.099689397298523659e+02 5.533103840907728221e-01 4.389069404059047774e-01 7.782675503322371811e-03
5.761624100755790278e+04 2.825663320913088228e+02 4.614057773089339509e-01 5.320816457871648808e-01 6.512576903901141391e-03
5.761939315737270226e+04 2.518427207198745066e+02 3.744181869033634813e-01 6.201831937861284061e-01 5.398619310508100469e-03
5.761939520490739960e+04 2.514126539401853790e+02 3.685612177784481913e-01 6.261898297493369014e-01 5.248952472214902035e-03
5.761939725003470085e+04 2.361002171720023739e+02 3.308805419414937998e-01 6.643223740874516503e-01 4.797083971054648746e-03
5.762318496390050132e+04 3.769093318042320107e+02 8.199729663026040782e-01 1.684671643560810839e-01 1.155986934131480147e-02
5.762318700912039640e+04 3.327262764490612881e+02 6.308491726788773013e-01 3.603706252102368834e-01 8.780202110885749339e-03
5.762318905652780086e+04 3.108796139407990040e+02 5.496054190701672448e-01 4.427607038709821530e-01 7.633877058850675051e-03
5.762618919959489722e+04 nan nan nan nan
5.762619125050929870e+04 3.580915104535709474e+02 7.579921372519945466e-01 2.310640415626717403e-01 1.094382118533365582e-02
5.762619330261569849e+04 3.204264695134826297e+02 6.075868367381195290e-01 3.836312816051951069e-01 8.781881656685258317e-03
5.762928869053239760e+04 3.737503585719201169e+02 7.999929589094001425e-01 1.888168699088771663e-01 1.119017118172268427e-02
5.762929076252310188e+04 3.661542499919663669e+02 7.659300653344015553e-01 2.233823956552594692e-01 1.068753901033902588e-02
5.755737465321760101e+04 3.390205211370799248e+02 6.299664051577822388e-01 3.616000444791349078e-01 8.433550363082851706e-03
5.759726976038190332e+04 nan nan nan nan
5.762929280788190226e+04 3.411022596050895572e+02 6.638929122696883844e-01 3.268546854165271243e-01 9.252402313784519050e-03
5.772813550339119683e+04 3.136124358551063551e+02 6.790315281541504655e-01 3.095180637683803138e-01 1.145040807746918257e-02
5.790337165991900110e+04 3.521887397524637322e+02 7.330916529751037025e-01 2.563257257708878578e-01 1.058262125400835814e-02
5.792224230149309733e+04 nan nan nan nan
5.794831686872689897e+04 3.525487885900149649e+02 7.046941852758695779e-01 2.855471463556231160e-01 9.758668368507373778e-03
5.798637413616899721e+04 3.552665753962532449e+02 7.129496924484592935e-01 2.772138955780534819e-01 9.836411973487290544e-03
5.802708766583329998e+04 nan nan nan nan
5.790337370518520038e+04 3.808416471125790395e+02 8.472359764535236648e-01 1.406762157568987870e-01 1.208780778957761065e-02
5.790637381167819694e+04 3.401034460772843886e+02 6.355681580263891073e-01 3.559022190177060230e-01 8.529622955904854129e-03
5.790637585583329928e+04 3.774792368101761326e+02 7.950537922824634229e-01 1.941110677160234887e-01 1.083514000151312995e-02
5.790637790084489825e+04 3.820941975231017977e+02 8.016920329428901537e-01 1.875556543279585930e-01 1.075231272915116998e-02
5.790937800020830036e+04 nan nan nan nan
5.790938007233799726e+04 nan nan nan nan
5.790938211894679989e+04 nan nan nan nan
5.791335360002310335e+04 2.055266778410353652e+02 2.354308517255946087e-01 7.613642224691529181e-01 3.204925805252562074e-03
5.791335564643520047e+04 2.195437887838741347e+02 2.661998464285109667e-01 7.302092732697427202e-01 3.590880301746347380e-03
5.791335771677079902e+04 2.287876384894324815e+02 2.875921449481133041e-01 7.085484837278829273e-01 3.859371324003882647e-03
5.791635771358799684e+04 2.196092120273291926e+02 2.610269788819772896e-01 7.355223996221963434e-01 3.450621495826522705e-03
5.791635976077550004e+04 2.131015465064334933e+02 2.474087347832088501e-01 7.492990782536419481e-01 3.292186963149281147e-03
5.791636182935190300e+04 2.232932971916677616e+02 2.688423018832828415e-01 7.276171420648379629e-01 3.540556051879199546e-03
5.792223818324069725e+04 nan nan nan nan
5.792224023196759663e+04 nan nan nan nan
5.763230957098380168e+04 4.139333053898635058e+02 9.656793755687612668e-01 2.102732442150553188e-02 1.329330000973315273e-02
5.763231162777780264e+04 3.806922968010659361e+02 8.097486376410353293e-01 1.792009137078098835e-01 1.105044865115472653e-02
5.763231367187500291e+04 4.112256394066802159e+02 9.447307817020530463e-01 4.237831353501844006e-02 1.289090476292851888e-02
5.769003383031250269e+04 3.215107260443498944e+02 6.107739052070427777e-01 3.804115953937648453e-01 8.814499399192347526e-03
5.769003590199069731e+04 3.157685903984822176e+02 5.897092119387783438e-01 4.017722394863589841e-01 8.518548574862764081e-03
5.769003794601849950e+04 3.208072293779956681e+02 6.137781598524432169e-01 3.772813319532425935e-01 8.940508194314205140e-03
5.769427015548609779e+04 3.604428212401987253e+02 8.418375898563633664e-01 1.448391194260425507e-01 1.332329071759411759e-02
5.769427222827549849e+04 3.706522037242706915e+02 8.805432104287266304e-01 1.056721374859127122e-01 1.378465208536073204e-02
5.769427429901620053e+04 3.779729560129115953e+02 9.152012481503181140e-01 7.047887146871252562e-02 1.431988038096924931e-02
5.770016264601849980e+04 nan nan nan nan
5.770016469395830063e+04 3.397729010335622775e+02 7.233802234121086139e-01 2.655488639638861059e-01 1.107091262400530102e-02
5.770016674040509679e+04 nan nan nan nan
5.770321977893519943e+04 2.794823723815981111e+02 4.998489548215007128e-01 4.923384311074549546e-01 7.812614071044344730e-03
5.770322185409720259e+04 2.345899540528600369e+02 3.519177902266931168e-01 6.425856461354624294e-01 5.496563637844454654e-03
5.770322392438659881e+04 2.550996452625850566e+02 4.218408622822790166e-01 5.714802334313329180e-01 6.678904286388192939e-03
5.770724706540509942e+04 3.258411463961916184e+02 7.628991992135096822e-01 2.237117402556058066e-01 1.338906053088446957e-02
5.770724911196759786e+04 2.558924201247243673e+02 4.678218492652589378e-01 5.240146996221225484e-01 8.163451112618451411e-03
5.770725116266200348e+04 3.354062119065274601e+02 8.072037795648917546e-01 1.786496291275508908e-01 1.414659130755738931e-02
5.771122231931710121e+04 2.077135757188530931e+02 2.905255294408777833e-01 7.046962468869224505e-01 4.778223672199807814e-03
5.771122439228009898e+04 2.186584371251139203e+02 3.211766484620645623e-01 6.735536856394572780e-01 5.269665898478164030e-03
5.771122646682870254e+04 1.907387278230789036e+02 2.465605207245739339e-01 7.493581940143176912e-01 4.081285261108406198e-03
5.771422651776619750e+04 3.360723392648826575e+02 8.330582196337497081e-01 1.519341264260220536e-01 1.500765394022824349e-02
5.771422857567130268e+04 3.332631500260051212e+02 8.187794952254878744e-01 1.664774675145244409e-01 1.474303725998770201e-02
5.771423062320600002e+04 3.412931194311989884e+02 8.590892711453687047e-01 1.254350694886896544e-01 1.547565936594168245e-02
5.772020971459490102e+04 1.920943688539577749e+02 2.546727411258557505e-01 7.410342350886550689e-01 4.293023785489350624e-03
5.772021178789350233e+04 2.259284490758377899e+02 3.498878170583664127e-01 6.442542629393550602e-01 5.857920002278506344e-03
5.772021386024310050e+04 2.013197046010836857e+02 2.793083416364022797e-01 7.159903051556083531e-01 4.701353207989342892e-03
5.772421063494210102e+04 3.505998245854680704e+02 9.178302823626468543e-01 6.543073676969998753e-02 1.673898086765321716e-02
5.772421270884259866e+04 3.234795145906683160e+02 7.871730808884848107e-01 1.983633811576672734e-01 1.446353795384785861e-02
5.772813138064809755e+04 3.602542547387707828e+02 8.935505769065441584e-01 9.142327451927925730e-02 1.502614857417658607e-02
5.772813342998839653e+04 3.698298749371202234e+02 9.407564644254315933e-01 4.343913319608182916e-02 1.580440237848666080e-02
5.799016862412040064e+04 3.965857666965576982e+02 9.047972369807421034e-01 8.248953251145496601e-02 1.271323050780290807e-02
5.799017067341440270e+04 3.161017655876500498e+02 5.740676814373113501e-01 4.178766796787610760e-01 8.055638883927558266e-03
5.799017272325229715e+04 3.248685511992058537e+02 6.106578893640779437e-01 3.807121614537157805e-01 8.629949182206381533e-03
5.799317281408570125e+04 3.732133487190212691e+02 8.005147387190897357e-01 1.882482203131443099e-01 1.123704096776601165e-02
5.799317489197920077e+04 4.026108284256214347e+02 9.201318031371928940e-01 6.711095415849886725e-02 1.275724270430819533e-02
5.799317696175930178e+04 3.541845880422293931e+02 7.151918378011067334e-01 2.748492152947640266e-01 9.958946904129196628e-03
5.799617709755789838e+04 nan nan nan nan
5.799617914864580234e+04 nan nan nan nan
5.799618119494210259e+04 1.142732115171925216e+02 2.401234909578892907e-01 7.490918090519453898e-01 1.078469999016524149e-02
5.800014257973380154e+04 3.117264354103459141e+02 5.666987837343235856e-01 4.252291460451060323e-01 8.072070220570305710e-03
5.800014462671300134e+04 3.844153348978096574e+02 8.478197368941352563e-01 1.402998026224962225e-01 1.188046048336854031e-02
5.800014669960649917e+04 3.827179889232014602e+02 8.266921043743710174e-01 1.619117637888985994e-01 1.139613183673032076e-02
5.800314683020830125e+04 nan nan nan nan
5.800314890200230002e+04 nan nan nan nan
5.800315097386569687e+04 3.418963806115240232e+02 6.847653037060346115e-01 3.054370417078581257e-01 9.797654586107290564e-03
5.800711306057869660e+04 2.748151131249842933e+02 4.477075944602073032e-01 5.458100128720212441e-01 6.482392667771392884e-03
5.800711510732639726e+04 2.767509162797976501e+02 4.515905663270356474e-01 5.419060522799341584e-01 6.503381393030193379e-03
5.800711715050930070e+04 2.785495352583386079e+02 4.529193691725634241e-01 5.406231288460372486e-01 6.457501981399284795e-03
5.801011732460650092e+04 3.439492736168047031e+02 6.935332747569583622e-01 2.965361718843762540e-01 9.930553358665309208e-03
5.801011937150460290e+04 3.336361662312102681e+02 6.525071759578490171e-01 3.381505634534661131e-01 9.342260588684819442e-03
5.801012141791670001e+04 3.331957809457180701e+02 6.380115249543957257e-01 3.530330604296335051e-01 8.955414615970866410e-03
5.801707824304400128e+04 3.568396979690716648e+02 7.506053615494836517e-01 2.385876512958288731e-01 1.080698715468740925e-02
5.801708028812499833e+04 3.974812798149013133e+02 9.105117863159423175e-01 7.667183231457007364e-02 1.281638136948755682e-02
5.801708233447920065e+04 4.147639898711219075e+02 9.842932701994064892e-01 1.951286807421818634e-03 1.375544299317163835e-02
5.802104939627309795e+04 3.219883531455618595e+02 6.304182168400015440e-01 3.602190031376031887e-01 9.362780022395295054e-03
5.802105144168980041e+04 3.887536117005513461e+02 9.168385264895614339e-01 6.957632243821605667e-02 1.358515107222258399e-02
5.802105348754629813e+04 3.421392975977739184e+02 7.073920003716344107e-01 2.821670017727943569e-01 1.044099785557130351e-02
5.802408142475689965e+04 nan nan nan nan
5.802408347208330088e+04 nan nan nan nan
5.802408551613429881e+04 nan nan nan nan
5.802708559285879892e+04 nan nan nan nan
5.802708970991899696e+04 nan nan nan nan
5.804723603105320217e+04 3.284749816167699805e+02 6.726197814501684302e-01 3.171387481496369953e-01 1.024147040019454322e-02
5.804723807749999833e+04 3.493612389124277229e+02 7.633506174776419906e-01 2.249886368988089635e-01 1.166074562354913260e-02
5.804724014932870341e+04 2.918610056066906964e+02 5.359123958708111868e-01 4.558526138066808508e-01 8.234990322507967572e-03
5.805024026468749798e+04 nan nan nan nan
5.805024233653939882e+04 2.572919821120523238e+02 4.844708593622515935e-01 5.068692890156730746e-01 8.659851622075335348e-03
5.805024438494210335e+04 3.080983087965634581e+02 6.429914318219556169e-01 3.463705830281353371e-01 1.063798514990909119e-02
5.805327577043980273e+04 2.756982326859967998e+02 4.876756407395705373e-01 5.046820994309774155e-01 7.642259829452035039e-03
5.805327784341439838e+04 2.095944405414898597e+02 4.264398541372023121e-01 5.634493884263952479e-01 1.011075743640255618e-02
5.805327991408570233e+04 2.787857654908678455e+02 5.022095827665652434e-01 4.898643740002160962e-01 7.926043233218651660e-03
5.805628832104169851e+04 3.152878656902052512e+02 6.334614082036535976e-01 3.566791245735202454e-01 9.859467222826157062e-03
5.805629039309029758e+04 3.893485692199002983e+02 9.699486742738356870e-01 1.489311366849522048e-02 1.515821205766913760e-02
5.805629246236110339e+04 3.490386373406737448e+02 7.760494669333231066e-01 2.118763032473096053e-01 1.207422981936724302e-02
5.806222355206019711e+04 2.069729326464519090e+02 2.669580351293026066e-01 7.289785934224416453e-01 4.063371448255859164e-03
5.806222562383100012e+04 1.986685600838594041e+02 2.449649691462859602e-01 7.513215831245084741e-01 3.713447729205755169e-03
5.806222766803239938e+04 1.979923334995187361e+02 2.443098952708167571e-01 7.519712175461896742e-01 3.718887182993716248e-03
5.806522972351850331e+04 nan nan nan nan
5.806523176767359837e+04 nan nan nan nan
5.806523383688659669e+04 nan nan nan nan
5.806823395875000278e+04 nan nan nan nan
5.806823600857640122e+04 nan nan nan nan
5.806823805357640231e+04 2.010872472830223501e+02 2.800975103946293232e-01 7.151635947123975434e-01 4.738894892973176745e-03
5.807123806574069749e+04 2.563667814610794835e+02 4.583830662036118553e-01 5.338085479513451359e-01 7.808385845043053913e-03
5.807124011413189874e+04 2.472509078089055095e+02 4.275795240016611043e-01 5.651160575231020111e-01 7.304418475236934896e-03
5.807124218600690074e+04 2.488793561339194298e+02 4.327273140127363416e-01 5.598889101103420307e-01 7.383775876921570488e-03
5.755737672369209758e+04 3.779486358534662145e+02 7.803487041648922151e-01 2.092391678033644065e-01 1.041212803174335240e-02
5.756133022916669870e+04 4.024047503499664344e+02 9.045314562151509641e-01 8.312758822471853770e-02 1.234095556013050689e-02
5.756133227755789994e+04 3.332743063251245417e+02 6.171013490036525440e-01 3.745245737582849066e-01 8.374077238062490464e-03
5.756133432156249910e+04 3.890674002069389417e+02 8.402064467673371340e-01 1.484028648742657108e-01 1.139068835839716042e-02
5.756640274435179890e+04 3.876532022990959376e+02 8.640655974126836281e-01 1.237995553505804452e-01 1.213484723673587291e-02
5.756640565740739839e+04 3.776049003017101313e+02 8.108988913658013997e-01 1.778372859011812246e-01 1.126382273301738436e-02
5.756640813357639854e+04 3.545028857936773079e+02 7.227580132600697205e-01 2.670894652343079323e-01 1.015252150562233856e-02
5.756940826380789804e+04 2.186424959056508328e+02 3.880934893016730336e-01 6.042111107108379953e-01 7.695399987488914760e-03
5.756941031233799731e+04 2.561627255486090462e+02 4.459492893112589340e-01 5.466484100716660910e-01 7.402300617074988008e-03
5.756941235986109677e+04 2.400004397617746008e+02 3.984869387795219597e-01 5.947797026238500484e-01 6.733358596627999661e-03
5.757335477071759669e+04 nan nan nan nan
5.757335681866900268e+04 nan nan nan nan
5.757335886174769985e+04 nan nan nan nan
5.757635904164350359e+04 3.924277253667290779e+02 8.829852772439361619e-01 1.046491227139583202e-01 1.236560004210548319e-02
5.757636109031250089e+04 4.035731019240154183e+02 9.286709996896569397e-01 5.839577097457845922e-02 1.293322933576460457e-02
5.757636313547450118e+04 4.122266975203021957e+02 9.759438210452862084e-01 1.036612863622018293e-02 1.369005031849362258e-02
5.758129654758099787e+04 3.152791711461392765e+02 5.802670005714848367e-01 4.114594317623261333e-01 8.273567666188946790e-03
5.758129862053239776e+04 3.342432177010288115e+02 6.411853279525782101e-01 3.498265371497519816e-01 8.988134897669822210e-03
5.758130066709490347e+04 3.574080207272031657e+02 7.167649822332123888e-01 2.734118263409697769e-01 9.823191425817869027e-03
5.758430065474539879e+04 3.328156283646065958e+02 6.241927116462515635e-01 3.672160137576938599e-01 8.591274596054500334e-03
5.758430269878469699e+04 3.609320685400915067e+02 7.369736510599561585e-01 2.528432346595329006e-01 1.018311428051097041e-02
5.758430476832180284e+04 3.514914277882281795e+02 6.963897320585087369e-01 2.940228230792856223e-01 9.587444862205593901e-03
5.758735471921299904e+04 3.236675152362291783e+02 8.715492898881009864e-01 1.107409239964914083e-01 1.770978611540755671e-02
5.758735676368059649e+04 3.235086637660531892e+02 8.773838530875663899e-01 1.046508218143157726e-01 1.796532509811791731e-02
5.758735880907410319e+04 3.285305380024586270e+02 9.551422364183853597e-01 2.421288907715373612e-02 2.064487450446089722e-02
5.759041060892360110e+04 nan nan nan nan
5.759041265638890036e+04 2.318341014005842737e+02 3.872938354009333728e-01 6.058897787088892706e-01 6.816385890177452042e-03
5.759041472459489887e+04 1.557243600681692612e+02 2.140232566968401917e-01 7.813631802150178274e-01 4.613563088142002590e-03
5.759342014512729656e+04 3.331196953093141246e+02 6.213157431068845327e-01 3.701875285761133116e-01 8.496728317002232023e-03
5.759342219388890226e+04 3.706275392637888899e+02 7.627312607379255205e-01 2.269245762123391352e-01 1.034416304973528704e-02
5.759342423879630223e+04 4.097522577182730856e+02 9.385556860818523583e-01 4.862971502756061049e-02 1.281459889058704678e-02
5.792526005879630247e+04 2.751295761332282268e+02 4.948886260462135311e-01 4.972088099119441607e-01 7.902564041842316880e-03
5.792526223586809647e+04 2.776072336481826142e+02 5.074029197104390487e-01 4.844374213930007222e-01 8.159658896560147492e-03
5.792526430643520143e+04 2.544185784745277488e+02 4.569804501759999193e-01 5.351395676352413977e-01 7.879982188758571926e-03
5.793327861822919658e+04 3.222220984494349523e+02 6.381865522153518100e-01 3.522324157812333767e-01 9.581032003414773415e-03
5.793328153189810109e+04 3.038239450907963146e+02 5.637179877565733355e-01 4.278737272057784313e-01 8.408285037648278309e-03
5.793328357708329713e+04 3.007519133950607397e+02 5.502467906576624657e-01 4.415774918667976778e-01 8.175717475539759360e-03
5.793628368734950345e+04 3.209893615956059421e+02 5.776808270630223729e-01 4.144083390268709644e-01 7.910833910106621070e-03
5.793628576050930133e+04 2.867949601530949622e+02 4.570733181879150786e-01 5.367229024104958057e-01 6.203779401589082712e-03
5.793628783324069809e+04 3.091906007244617740e+02 5.290846699509070827e-01 4.637633642788284161e-01 7.151965770264589670e-03
5.794228447361110011e+04 nan nan nan nan
5.794228652329860051e+04 nan nan nan nan
5.794228856964119768e+04 nan nan nan nan
5.794528865236110141e+04 1.863012696206897090e+02 2.222569920030693646e-01 7.742667910490320660e-01 3.476216947898734186e-03
5.794529069642360264e+04 nan nan nan nan
5.794529273826390272e+04 nan nan nan nan
5.794831481783559866e+04 3.487789537305770864e+02 6.926493994054161440e-01 2.977177678454774878e-01 9.632832749106284842e-03
