5.750823479354169831e+04 nan nan nan nan
5.750823684359950130e+04 2.271426985971003774e+02 4.918736297956115000e-01 4.966728983098183670e-01 1.145347189457011396e-02
5.750823888879630249e+04 2.303315226111633081e+02 4.615923614214504367e-01 5.285983365496070840e-01 9.809302028942468860e-03
5.751127795192129997e+04 3.057789090062125865e+02 5.277259436090053768e-01 4.649991154228442780e-01 7.274940968150306157e-03
5.751128002734950132e+04 2.856212785909599461e+02 4.598155810881244809e-01 5.338542705908602137e-01 6.330148321015210792e-03
5.751128210050929920e+04 3.072865490182586541e+02 5.300928944134407628e-01 4.626386104804839361e-01 7.268495106075360986e-03
5.751622383775460185e+04 nan nan nan nan
5.751622588629629900e+04 nan nan nan nan
5.751622793262729829e+04 nan nan nan nan
5.752032221108800150e+04 nan nan nan nan
5.752032425738430175e+04 nan nan nan nan
5.752032630150460318e+04 nan nan nan nan
5.752333383954859892e+04 nan nan nan nan
5.752333588821760350e+04 nan nan nan nan
5.752333793572919967e+04 nan nan nan nan
5.752940620478009805e+04 nan nan nan nan
5.752940825335650152e+04 nan nan nan nan
5.752941032322919636e+04 nan nan nan nan
5.753429089564809692e+04 2.724112810412398744e+02 4.088152893769446683e-01 5.856838363443085393e-01 5.500874278746780213e-03
5.753429294650460361e+04 2.751048052775828410e+02 4.187868328409484198e-01 5.755531555580087888e-01 5.660011601042821798e-03
5.753429499166669848e+04 2.645086261292915424e+02 3.871428998904129504e-01 6.076248251897552466e-01 5.232274919831835132e-03
5.754629497972220270e+04 2.904586587780465265e+02 4.684199792188227796e-01 5.252277382984645859e-01 6.352282482712524360e-03
5.754629702839120000e+04 2.915310456370825705e+02 4.708877994646268883e-01 5.227399492626224609e-01 6.372251272750513798e-03
5.754629907357640332e+04 2.916484614639580286e+02 4.692657322836433220e-01 5.244109363608681074e-01 6.323331355488593167e-03
5.755039358618060214e+04 3.085820422688241251e+02 5.231393832108116593e-01 4.698408744582785457e-01 7.019742330909774231e-03
5.755039571016200352e+04 3.189809738277862152e+02 5.603327431506351930e-01 4.321304032314409183e-01 7.536853617923840176e-03
5.755039775870370067e+04 3.122553759845580998e+02 5.348505725512122666e-01 4.579834948544450057e-01 7.165932594342664351e-03
5.755426286537040141e+04 2.339015020924229304e+02 4.875402364461791094e-01 5.018481227112236986e-01 1.061164084259726657e-02
5.755426493841440242e+04 2.296080438902172602e+02 4.954296098865541009e-01 4.931989005311611662e-01 1.137148958228476232e-02
5.755426700672449806e+04 3.963237675031375034e+02 9.803999850691048623e-01 4.653704661812712966e-03 1.494631026908252794e-02
5.755737257791669981e+04 3.151588045225383325e+02 5.533189759334999902e-01 4.391523260565320941e-01 7.528698009967858470e-03
5.794831891516200267e+04 3.160640037476035786e+02 5.581758593780794531e-01 4.342065143503747726e-01 7.617626271545893148e-03
5.795131904060189845e+04 3.284528157755137272e+02 6.341837547314187473e-01 3.567105757461129789e-01 9.105669522468192237e-03
5.795132111849539797e+04 3.263479914347521458e+02 6.160441798977284167e-01 3.752524096234906015e-01 8.703410478781061638e-03
5.795132316312500188e+04 3.598568594278800674e+02 7.488485635203129265e-01 2.405745932267609744e-01 1.057684325292608009e-02
5.795434710633099894e+04 3.437303076359596616e+02 8.194364354396637129e-01 1.666825079766457718e-01 1.388105658369041817e-02
5.795434915491900028e+04 3.083699778371138791e+02 6.663950632971451515e-01 3.221985786532941543e-01 1.140635804956065778e-02
5.795435120121530053e+04 2.945024742907295945e+02 7.048412887895776358e-01 2.811682376709867537e-01 1.399047353943547699e-02
5.795825557232640131e+04 2.869154222420751239e+02 4.687448760944764592e-01 5.247359447250885545e-01 6.519179180434960322e-03
5.795825764436340251e+04 2.881612577974395322e+02 4.730407471371105288e-01 5.203773183252262680e-01 6.581934537663090487e-03
5.795825969094909669e+04 2.941589035582494489e+02 4.923843577658225668e-01 5.007722389140737418e-01 6.843403320103698395e-03
5.796226067233800131e+04 2.355293665203081446e+02 4.733679308803778740e-01 5.167662039912731542e-01 9.865865128348850349e-03
5.796226272096070170e+04 2.839603606513523459e+02 5.521491417594880380e-01 4.386161112417109043e-01 9.234746998801021331e-03
5.796226476614580315e+04 3.023659627870471240e+02 6.402022835913016019e-01 3.488481663755153561e-01 1.094955003318299862e-02
5.796526788873840269e+04 8.460556913755442565e+01 2.124719781454857959e-01 7.721240379224261208e-01 1.540398393208808336e-02
5.796526993535880320e+04 1.014940689246727743e+02 2.267132172463749984e-01 7.610996935696184851e-01 1.218708918400649571e-02
5.796527198114580096e+04 7.069714995788632450e+01 1.794214248773944864e-01 8.048469920820442436e-01 1.573158304056136714e-02
5.797027938540509786e+04 2.255113868731518210e+02 2.872880485544606066e-01 7.087480230210574383e-01 3.963928424481977589e-03
5.797028143182869826e+04 2.213760623268124732e+02 2.766582946144682809e-01 7.195270640411493002e-01 3.814641344382492701e-03
5.797028347689809743e+04 2.178293607882760057e+02 2.669542917888210187e-01 7.293773763526154585e-01 3.668331858563678421e-03
5.797328356476849876e+04 nan nan nan nan
5.797328561118060315e+04 nan nan nan nan
5.797328765510419908e+04 nan nan nan nan
5.798009512350690056e+04 2.997245740005170092e+02 5.319232779577289794e-01 4.603839843098825324e-01 7.692737732388436195e-03
5.798009717217589787e+04 3.041327533835270742e+02 5.392967769357375207e-01 4.530232994750285069e-01 7.679923589233936775e-03
5.798009921662040142e+04 3.777091426542381214e+02 8.264208009349506279e-01 1.618864905866148618e-01 1.169270847843452421e-02
5.798336581408559869e+04 2.913807508113487756e+02 4.968376162593801659e-01 4.960611327996574671e-01 7.101250940962328811e-03
5.798336786162039789e+04 2.915441522257532370e+02 4.918606294288505598e-01 5.011874773984792419e-01 6.951893172670125381e-03
5.798336990800929925e+04 2.908543694153422621e+02 4.883529840088875473e-01 5.047613786747828790e-01 6.885637316329549368e-03
5.798637001756940299e+04 3.625531284427238461e+02 7.365532137781903854e-01 2.533660423459870303e-01 1.008074387582255649e-02
5.798637209084490314e+04 4.076629943210926967e+02 9.377512298991781403e-01 4.932466914969180216e-02 1.292410095113004885e-02
5.773313283907409641e+04 2.029294431644645158e+02 3.546628011488944243e-01 6.378766841702577794e-01 7.460514680847785823e-03
5.773313491203699959e+04 2.366258127288699882e+02 4.260272016446930987e-01 5.660554809030443613e-01 7.917317452262387367e-03
5.773313695576389728e+04 2.329751601981450051e+02 4.016795060421394226e-01 5.910599735992038140e-01 7.260520358656809455e-03
5.773613697483800206e+04 2.466508929681861559e+02 4.443772169094923341e-01 5.476947432823313644e-01 7.928039808176173125e-03
5.773613904766199994e+04 3.024555347115875747e+02 6.734281141131038817e-01 3.144634777532348546e-01 1.210840813366119602e-02
5.773614109170140000e+04 3.554206680760225936e+02 9.366251477935353398e-01 4.641297528654415167e-02 1.696187691992049815e-02
5.773914103421299660e+04 3.242744005368080025e+02 7.406799411951180412e-01 2.465772996869852185e-01 1.274275911789680797e-02
5.773914310640050098e+04 3.102278039935230822e+02 6.815752673832915498e-01 3.066352744710467704e-01 1.178945814566166074e-02
5.773914515188660152e+04 3.216248226114292947e+02 7.295520355220066477e-01 2.578806910363305449e-01 1.256727344166269286e-02
5.774214593089120171e+04 3.115138191387222264e+02 6.972578373586675315e-01 2.905055894682673223e-01 1.223657317306508195e-02
5.774214797937499679e+04 2.926112259302997813e+02 6.140568903932854816e-01 3.751868100730028632e-01 1.075629953371171413e-02
5.774215002598379942e+04 2.996205064207643431e+02 6.440286951032720975e-01 3.446864752967982448e-01 1.128482959992977049e-02
5.774603153121530340e+04 nan nan nan nan
5.774603357987270283e+04 nan nan nan nan
5.774603562748840341e+04 2.481024116812051830e+02 4.369053382897233884e-01 5.555203989446447777e-01 7.574262765631799288e-03
5.774910287126160256e+04 3.185529663795801412e+02 7.562834251216296044e-01 2.299497593002213514e-01 1.376681557814900952e-02
5.774910491856480076e+04 3.599830406902069058e+02 9.634285645165204803e-01 1.907689289485212797e-02 1.749454258862737435e-02
5.774910696269680193e+04 3.611193482596931972e+02 9.577720957565514226e-01 2.504682341460040540e-02 1.718108082884826915e-02
5.775210701935189718e+04 2.886091168967614635e+02 6.146758956181244127e-01 3.742451210111747417e-01 1.107898337070084040e-02
5.775210909396989882e+04 2.926229766522187674e+02 6.259463330224489530e-01 3.628777031220156712e-01 1.117596385553531677e-02
5.775211113959489739e+04 3.151129256663147657e+02 7.398703941432811515e-01 2.466646014477666959e-01 1.346500440895203807e-02
5.785731888864580105e+04 nan nan nan nan
5.785732096162039670e+04 nan nan nan nan
5.785732303363429673e+04 nan nan nan nan
5.787323558943290118e+04 nan nan nan nan
5.787323766340279690e+04 nan nan nan nan
5.787323970866900345e+04 nan nan nan nan
5.787636561278929730e+04 3.133334738432441213e+02 4.952217768683072063e-01 4.986770476278709618e-01 6.101175503821844835e-03
5.787636768714120262e+04 3.146298140699877308e+02 4.987392952576857330e-01 4.951234370820944419e-01 6.137267660219799040e-03
5.787636973238430073e+04 3.263180365958295397e+02 5.370769849603013180e-01 4.563066636389613295e-01 6.616351400737419293e-03
5.790336961260419775e+04 3.820743057420746709e+02 8.666412286333725623e-01 1.207923776222963735e-01 1.256639374433098783e-02
5.759727180795140157e+04 2.175680804863167452e+02 6.317283929637466100e-01 3.476796288266700841e-01 2.059197820958336839e-02
5.759727385310189857e+04 nan nan nan nan
5.760041507263889798e+04 3.429459417160491057e+02 6.860570066067580575e-01 3.041684448171285693e-01 9.774548576113468654e-03
5.760041711899310030e+04 3.743997260262215150e+02 7.984499513184434294e-01 1.904416363991278116e-01 1.110841228242874686e-02
5.760041916413189756e+04 3.860277900520641197e+02 8.486757919523093552e-01 1.395189869711456754e-01 1.180522107654492781e-02
5.760342213885419915e+04 4.195023388724171696e+02 9.836816010557106749e-01 2.888647939848713441e-03 1.342975100444054014e-02
5.760342418274310330e+04 4.068026062860128036e+02 9.223379231339887685e-01 6.510639466042207613e-02 1.255568220558913803e-02
5.760342622562500037e+04 2.750389095244821647e+02 4.203292434848162062e-01 5.739662435126243745e-01 5.704513002559323011e-03
5.760642632716440130e+04 3.103995908104175783e+02 5.572399739463665957e-01 4.348883016008077140e-01 7.871724452825749202e-03
5.760642838563660189e+04 2.688053858046873188e+02 4.169061263821998709e-01 5.772185978067504442e-01 5.875275811049796883e-03
5.760643043196760118e+04 2.625894856333886764e+02 3.991388843460833002e-01 5.952179727249612418e-01 5.643142928955458860e-03
5.760943056070600142e+04 3.649835381144588382e+02 7.672878275461084696e-01 2.219177925147275965e-01 1.079437993916398421e-02
5.760943263361109712e+04 3.527248839359181147e+02 7.182218610556999616e-01 2.716513285568168401e-01 1.012681038748320002e-02
5.760943467989579949e+04 2.869298533317077613e+02 4.781364689198139284e-01 5.150811856625099328e-01 6.782345417676172682e-03
5.761321910018519702e+04 nan nan nan nan
5.761322127516200271e+04 3.204209585086939569e+02 5.943367341835009698e-01 3.972599448156639568e-01 8.403321000835198284e-03
5.761322332181710226e+04 3.544975299521782972e+02 7.265028344308505082e-01 2.632388551664808785e-01 1.025831040266855267e-02
5.761623691380790115e+04 3.228542316573837638e+02 6.025261502498296950e-01 3.889670448652916557e-01 8.506804884878699582e-03
5.761623896099539706e+04 3.098394148848207124e+02 5.531675779453615327e-01 4.390472584391010846e-01 7.785163615537279459e-03
5.761624100755790278e+04 2.825488707196077485e+02 4.613858146762804813e-01 5.321013670355351222e-01 6.512818288184303757e-03
5.761939315737270226e+04 2.517611491517853608e+02 3.743248383151487890e-01 6.202757367986687642e-01 5.399424886182447626e-03
5.761939520490739960e+04 2.514458966621003810e+02 3.685989398127865746e-01 6.261524212864340022e-01 5.248638900779360739e-03
5.761939725003470085e+04 2.361557701860332088e+02 3.309429594513466633e-01 6.642604040642655638e-01 4.796636484387772903e-03
5.762318496390050132e+04 3.768350055913288656e+02 8.199236193196407507e-01 1.685133426778510080e-01 1.156303800250822744e-02
5.762318700912039640e+04 3.325786757137115046e+02 6.306982276785835229e-01 3.605179800042731530e-01 8.783792317143240824e-03
5.762318905652780086e+04 3.109815289941101923e+02 5.497173035665278151e-01 4.426507157395561110e-01 7.631980693916076523e-03
5.762618919959489722e+04 nan nan nan nan
5.762619125050929870e+04 3.580391895775450166e+02 7.579489722908459015e-01 2.311052545640331912e-01 1.094577314512091074e-02
5.762619330261569849e+04 3.203921447687904447e+02 6.075501492937970260e-01 3.836671480148927116e-01 8.782702691310213805e-03
5.762928869053239760e+04 3.738037810570920101e+02 8.000310711905906924e-01 1.887808899673697471e-01 1.118803884203942167e-02
5.762929076252310188e+04 3.661492161221838160e+02 7.659260707856274664e-01 2.233862078145442132e-01 1.068772139982835691e-02
5.755737465321760101e+04 3.390394868987706332e+02 6.299854416920965816e-01 3.615814418123750040e-01 8.433116495528344969e-03
5.759726976038190332e+04 nan nan nan nan
5.762929280788190226e+04 3.411935275825656504e+02 6.639822687757056530e-01 3.267677887287440130e-01 9.249942495550370417e-03
5.772813550339119683e+04 3.135306273572924738e+02 6.789454350819481565e-01 3.096010855083621283e-01 1.145347940968973084e-02
5.790337165991900110e+04 3.521304556871961040e+02 7.330405279869585122e-01 2.563748237097024929e-01 1.058464830333891334e-02
5.792224230149309733e+04 nan nan nan nan
5.794831686872689897e+04 3.526356454102955809e+02 7.047733334727690480e-01 2.854706136880053591e-01 9.756052839225535719e-03
5.798637413616899721e+04 3.552289932608239269e+02 7.129160481886853695e-01 2.772463869430525918e-01 9.837564868262085524e-03
5.802708766583329998e+04 nan nan nan nan
5.790337370518520038e+04 3.807953555206991609e+02 8.472086787698477339e-01 1.407013534480207329e-01 1.208996778213158353e-02
5.790637381167819694e+04 3.401835024788502437e+02 6.356480646759710140e-01 3.558241826042399802e-01 8.527752719789064711e-03
5.790637585583329928e+04 3.776335120431290306e+02 7.951642881766052273e-01 1.940064135424771907e-01 1.082929828091749695e-02
5.790637790084489825e+04 3.819751320583167740e+02 8.016093253305277555e-01 1.876338775107422308e-01 1.075679715873007446e-02
5.790937800020830036e+04 nan nan nan nan
5.790938007233799726e+04 nan nan nan nan
5.790938211894679989e+04 nan nan nan nan
5.791335360002310335e+04 2.055567948748939671e+02 2.354607472650662447e-01 7.613344522459932762e-01 3.204800488940583603e-03
5.791335564643520047e+04 2.193790594756205792e+02 2.660307555618391384e-01 7.303775366835182359e-01 3.591707754642591011e-03
5.791335771677079902e+04 2.289134439384833684e+02 2.877237134487959369e-01 7.084176279814112798e-01 3.858658569792827123e-03
5.791635771358799684e+04 2.195646682346590524e+02 2.609819799729314327e-01 7.355671884096295354e-01 3.450831617439091732e-03
5.791635976077550004e+04 2.130663447295901278e+02 2.473736343577354335e-01 7.493340251334014157e-01 3.292340508863250085e-03
5.791636182935190300e+04 2.234359539200468703e+02 2.689873700644042076e-01 7.274727763614828868e-01 3.539853574112874351e-03
5.792223818324069725e+04 nan nan nan nan
5.792224023196759663e+04 nan nan nan nan
5.763230957098380168e+04 4.139558663509808980e+02 9.656828682404025033e-01 2.102518455543624099e-02 1.329194720416124534e-02
5.763231162777780264e+04 3.806206432109246975e+02 8.096999063735946800e-01 1.792468144968672739e-01 1.105327912953807390e-02
5.763231367187500291e+04 4.112240635913134952e+02 9.447304024871321371e-01 4.237860430245303511e-02 1.289099321041485904e-02
5.769003383031250269e+04 3.215727410902621841e+02 6.108399131448762898e-01 3.803470822861499956e-01 8.813004568973719852e-03
5.769003590199069731e+04 3.157473880886171855e+02 5.896861720702505361e-01 4.017948009960131128e-01 8.519026933736330298e-03
5.769003794601849950e+04 3.207162513325922646e+02 6.136811525158176739e-01 3.773760937024935869e-01 8.942753781688751388e-03
5.769427015548609779e+04 3.605028668000863945e+02 8.418758868727149736e-01 1.448040484751131618e-01 1.332006465217183168e-02
5.769427222827549849e+04 3.705847808773457359e+02 8.805090194717470897e-01 1.057023829957717959e-01 1.378859753248114738e-02
5.769427429901620053e+04 3.779485272376808211e+02 9.151919998586126592e-01 7.048655801065094317e-02 1.432144213073634730e-02
5.770016264601849980e+04 nan nan nan nan
5.770016469395830063e+04 3.396814324381888923e+02 7.232958148352035543e-01 2.656298943297639159e-01 1.107429083503258180e-02
5.770016674040509679e+04 nan nan nan nan
5.770321977893519943e+04 2.795420654101828859e+02 4.999201364816694970e-01 4.922683613410734349e-01 7.811502177257066346e-03
5.770322185409720259e+04 2.346140590335166110e+02 3.519462288963837726e-01 6.425574486619585191e-01 5.496322441657653692e-03
5.770322392438659881e+04 2.551878458573463320e+02 4.219477164337370745e-01 5.713746136608671700e-01 6.677669905395773771e-03
5.770724706540509942e+04 3.258042148489446959e+02 7.628660512859126719e-01 2.237430163227637214e-01 1.339093239132356332e-02
5.770724911196759786e+04 2.557866663843724666e+02 4.676875233660718334e-01 5.241469650028354188e-01 8.165511631092685352e-03
5.770725116266200348e+04 3.353909972192656141e+02 8.071919421950918272e-01 1.786605979199879790e-01 1.414745988492025798e-02
5.771122231931710121e+04 2.076193631396882040e+02 2.904161416671531826e-01 7.048048979473873210e-01 4.778960385459480806e-03
5.771122439228009898e+04 2.186800137425936157e+02 3.212022775923937257e-01 6.735282554665650290e-01 5.269466941041303469e-03
5.771122646682870254e+04 1.907882514151665418e+02 2.466155339884660846e-01 7.493034787502375060e-01 4.080987261296523810e-03
5.771422651776619750e+04 3.361481181327258696e+02 8.331119527081479736e-01 1.518852238223660223e-01 1.500282346948602144e-02
5.771422857567130268e+04 3.330040473984142295e+02 8.185840283973617737e-01 1.666570323080891203e-01 1.475893929454907827e-02
5.771423062320600002e+04 3.413255699379847670e+02 8.591094460662705989e-01 1.254171102983155095e-01 1.547344363541391758e-02
5.772020971459490102e+04 1.921412237953095996e+02 2.547257937379418524e-01 7.409814880552565430e-01 4.292718206801792759e-03
5.772021178789350233e+04 2.260118794431906792e+02 3.499896174091414736e-01 6.441533798738219296e-01 5.857002717036525682e-03
5.772021386024310050e+04 2.012949959535147570e+02 2.792796250780605338e-01 7.160188343846226600e-01 4.701540537316824427e-03
5.772421063494210102e+04 3.504310799616526424e+02 9.177631580948358847e-01 6.548418699959343559e-02 1.675265490557070747e-02
5.772421270884259866e+04 3.230198489675851192e+02 7.867800253587086123e-01 1.987297249650889497e-01 1.449024967620244492e-02
5.772813138064809755e+04 3.602038922840878286e+02 8.935265372928602456e-01 9.144392075800275577e-02 1.502954194913704716e-02
5.772813342998839653e+04 3.697548268273950498e+02 9.407351043313804118e-01 4.345479505625898797e-02 1.581010061236066966e-02
5.799016862412040064e+04 3.966008833626742671e+02 9.048032326249878521e-01 8.248433751631768784e-02 1.271242985869439415e-02
5.799017067341440270e+04 3.162523285995677043e+02 5.742309964497880337e-01 4.177164534358083769e-01 8.052550114403624060e-03
5.799017272325229715e+04 3.248199737490614893e+02 6.106067079822572463e-01 3.807622083763753662e-01 8.631083641367415238e-03
5.799317281408570125e+04 3.732947701372935398e+02 8.005728168180392679e-01 1.881934137640478011e-01 1.123376941791297788e-02
5.799317489197920077e+04 4.025602324592782679e+02 9.201146958978911883e-01 6.712532888082457794e-02 1.275997522128423205e-02
5.799317696175930178e+04 3.542607260973894086e+02 7.152599888240478432e-01 2.747834473229744945e-01 9.956563852977525289e-03
5.799617709755789838e+04 nan nan nan nan
5.799617914864580234e+04 nan nan nan nan
5.799618119494210259e+04 1.143916258668253363e+02 2.403383332501757841e-01 7.488800159520474509e-01 1.078165079777682403e-02
5.800014257973380154e+04 3.117913118177340834e+02 5.667700862861928535e-01 4.251591718052377677e-01 8.070741908569351031e-03
5.800014462671300134e+04 3.844469704907305641e+02 8.478381662738221358e-01 1.402828119938841489e-01 1.187902173229376905e-02
5.800014669960649917e+04 3.825986012070155766e+02 8.266158982274942613e-01 1.619829588813543053e-01 1.140114289115136230e-02
5.800314683020830125e+04 nan nan nan nan
5.800314890200230002e+04 nan nan nan nan
5.800315097386569687e+04 3.419540660764808422e+02 6.848206803091213546e-01 3.053833862377417496e-01 9.795933453136920072e-03
5.800711306057869660e+04 2.749206836504100124e+02 4.478299622202006058e-01 5.456890813727156564e-01 6.480956407083764657e-03
5.800711510732639726e+04 2.765855237417220565e+02 4.513993576725517931e-01 5.420949934628368494e-01 6.505648864611469386e-03
5.800711715050930070e+04 2.784643776887727995e+02 4.528214303993832734e-01 5.407199115925072075e-01 6.458658008109479168e-03
5.801011732460650092e+04 3.440631939592002482e+02 6.936410186185024696e-01 2.964319192865746966e-01 9.927062094922780092e-03
5.801011937150460290e+04 3.336634413060710358e+02 6.525346869429512475e-01 3.381237920945492359e-01 9.341520962499488823e-03
5.801012141791670001e+04 3.331822193077197198e+02 6.379977210257894438e-01 3.530465228559197532e-01 8.955756118290744000e-03
5.801707824304400128e+04 3.566762000750117068e+02 7.504680131499220641e-01 2.387190479941070087e-01 1.081293885597097403e-02
5.801708028812499833e+04 3.975809706475233156e+02 9.105492895187697888e-01 7.663970026991222262e-02 1.281101021131793131e-02
5.801708233447920065e+04 4.146263323587141372e+02 9.842831618969581919e-01 1.952542587425880544e-03 1.376429551561587222e-02
5.802104939627309795e+04 3.218911386473186553e+02 6.303154752078807821e-01 3.603191419701690101e-01 9.365382821950140116e-03
5.802105144168980041e+04 3.885771820637684186e+02 9.167745991826260488e-01 6.962980666272754193e-02 1.359559415464641104e-02
5.802105348754629813e+04 3.419059216820075449e+02 7.071734411814675214e-01 2.823777622150159261e-01 1.044879660351648830e-02
5.802408142475689965e+04 nan nan nan nan
5.802408347208330088e+04 nan nan nan nan
5.802408551613429881e+04 nan nan nan nan
5.802708559285879892e+04 nan nan nan nan
5.802708970991899696e+04 nan nan nan nan
5.804723603105320217e+04 3.283440861966931266e+02 6.724875335454664205e-01 3.172668589289883156e-01 1.024560752554528470e-02
5.804723807749999833e+04 3.494724138233470399e+02 7.634435640305895499e-01 2.249002702272832610e-01 1.165616574212728108e-02
5.804724014932870341e+04 2.918739094858404428e+02 5.359274166548099183e-01 4.558378595585898529e-01 8.234723786600164561e-03
5.805024026468749798e+04 nan nan nan nan
5.805024233653939882e+04 2.572346196529799727e+02 4.843973700825264239e-01 5.069415438234585736e-01 8.661086094015070166e-03
5.805024438494210335e+04 3.078337146669572917e+02 6.427007346961510770e-01 3.466526180881434605e-01 1.064664721570547125e-02
5.805327577043980273e+04 2.754928764425780514e+02 4.874294588025455677e-01 5.049246091117568502e-01 7.645932085697626328e-03
5.805327784341439838e+04 2.093954194400819802e+02 4.261445771008918193e-01 5.637394602989365122e-01 1.011596260017170838e-02
5.805327991408570233e+04 2.786691919797127639e+02 5.020699745890903065e-01 4.900017592734082217e-01 7.928266137501395472e-03
5.805628832104169851e+04 3.152215548594028860e+02 6.333899293906363193e-01 3.567486806885464823e-01 9.861389920817155083e-03
5.805629039309029758e+04 3.893374066421343400e+02 9.699470516170156653e-01 1.489391783975494918e-02 1.515903054322944449e-02
5.805629246236110339e+04 3.490929240374309757e+02 7.760936312121821112e-01 2.118345200730876454e-01 1.207184871473021559e-02
5.806222355206019711e+04 2.070719503179794856e+02 2.670660683783859790e-01 7.288711590193192036e-01 4.062772602295021233e-03
5.806222562383100012e+04 1.985996330438393898e+02 2.448918386914266943e-01 7.513943539058287602e-01 3.713807402744644451e-03
5.806222766803239938e+04 1.978912638182310673e+02 2.442025278685723833e-01 7.520780565740995405e-01 3.719415557328087981e-03
5.806522972351850331e+04 nan nan nan nan
5.806523176767359837e+04 nan nan nan nan
5.806523383688659669e+04 nan nan nan nan
5.806823395875000278e+04 nan nan nan nan
5.806823600857640122e+04 nan nan nan nan
5.806823805357640231e+04 2.010876066347091466e+02 2.800979294236642936e-01 7.151631784417008530e-01 4.738892134634953984e-03
5.807123806574069749e+04 2.561902028312166522e+02 4.581611684609152024e-01 5.340272466375037830e-01 7.811584901580991176e-03
5.807124011413189874e+04 2.470798397447119612e+02 4.273640885206774209e-01 5.653287439219448762e-01 7.307167557377600500e-03
5.807124218600690074e+04 2.488643682985833721e+02 4.327084493142094868e-01 5.599075292608117760e-01 7.384021424978702564e-03
5.755737672369209758e+04 3.779229493714408932e+02 7.803296006373110494e-01 2.092573657666315645e-01 1.041303359605735661e-02
5.756133022916669870e+04 4.025640377527395799e+02 9.045938342760592166e-01 8.307327360384057779e-02 1.233289212010012757e-02
5.756133227755789994e+04 3.331704619953614497e+02 6.169948526372454056e-01 3.746287410258679063e-01 8.376406336886806081e-03
5.756133432156249910e+04 3.890075355313242653e+02 8.401708175479279950e-01 1.484359543082671984e-01 1.139322814380484827e-02
5.756640274435179890e+04 3.875734378687798767e+02 8.640230363399982183e-01 1.238383170015930623e-01 1.213864665840867253e-02
5.756640565740739839e+04 3.775024896383490045e+02 8.108289253297711330e-01 1.779030844046524951e-01 1.126799026557638757e-02
5.756640813357639854e+04 3.545002817538533577e+02 7.227557084301150514e-01 2.670916856620551560e-01 1.015260590782979949e-02
5.756940826380789804e+04 2.185390547302686173e+02 3.879540690464067798e-01 6.043487776024583091e-01 7.697153351134951825e-03
5.756941031233799731e+04 2.560573387760353512e+02 4.458184529070708391e-01 5.467774984582508546e-01 7.404048634678382645e-03
5.756941235986109677e+04 2.399937920042850976e+02 3.984786474312091431e-01 5.947879011585149867e-01 6.733451410275846823e-03
5.757335477071759669e+04 nan nan nan nan
5.757335681866900268e+04 nan nan nan nan
5.757335886174769985e+04 nan nan nan nan
5.757635904164350359e+04 3.923668978307030102e+02 8.829565971968780236e-01 1.046747719800792953e-01 1.236863082304277307e-02
5.757636109031250089e+04 4.034874252447993968e+02 9.286447399667312474e-01 5.841726933792514703e-02 1.293799069534366450e-02
5.757636313547450118e+04 4.123344500859824961e+02 9.759558019458853817e-01 1.036096590621958351e-02 1.368323214789500183e-02
5.758129654758099787e+04 3.151543843755426337e+02 5.801311747977430100e-01 4.115925802061192185e-01 8.276244996137738577e-03
5.758129862053239776e+04 3.342174112380708380e+02 6.411591817288240236e-01 3.498520284231809163e-01 8.988789847995086110e-03
5.758130066709490347e+04 3.574548553650089957e+02 7.168064403648687355e-01 2.733718060652911563e-01 9.821753569840071738e-03
5.758430065474539879e+04 3.328300779039051918e+02 6.242075162257172405e-01 3.672015476235203635e-01 8.590936150762434192e-03
5.758430269878469699e+04 3.609076970081528088e+02 7.369529234959796282e-01 2.528631597519943597e-01 1.018391675202601036e-02
5.758430476832180284e+04 3.513457360317967186e+02 6.962552410857103524e-01 2.941530670785053037e-01 9.591691835784290146e-03
5.758735471921299904e+04 3.237007864303913607e+02 8.715696836500839151e-01 1.107233419679936048e-01 1.770697438192246620e-02
5.758735676368059649e+04 3.235283010838725772e+02 8.773954864059074765e-01 1.046408929725156922e-01 1.796362062157684514e-02
5.758735880907410319e+04 3.285126148974146076e+02 9.551377618870514619e-01 2.421530429633116099e-02 2.064693381661731816e-02
5.759041060892360110e+04 nan nan nan nan
5.759041265638890036e+04 2.316361818657491369e+02 3.870425434024801215e-01 6.061382750716339807e-01 6.819181525885951653e-03
5.759041472459489887e+04 1.556837352926427798e+02 2.139741123383628041e-01 7.814120361036389628e-01 4.613851557998387490e-03
5.759342014512729656e+04 3.330962946061872572e+02 6.212917658094365692e-01 3.702109678829305084e-01 8.497266307632901639e-03
5.759342219388890226e+04 3.705550929364050035e+02 7.626740700687502095e-01 2.269792735500764103e-01 1.034665638117335598e-02
5.759342423879630223e+04 4.096782184846978225e+02 9.385360472722948932e-01 4.864525803962074790e-02 1.281869468808430335e-02
5.792526005879630247e+04 2.750678455399863651e+02 4.948140916980889314e-01 4.972821781559386700e-01 7.903730145972504353e-03
5.792526223586809647e+04 2.777134827661187160e+02 5.075310821158846020e-01 4.843113819427118938e-01 8.157535941403401894e-03
5.792526430643520143e+04 2.544342373990845942e+02 4.570002460953179746e-01 5.351200589827295184e-01 7.879694921952642289e-03
5.793327861822919658e+04 3.222533846484780611e+02 6.382194766117234019e-01 3.522003632421607522e-01 9.580160146115767814e-03
5.793328153189810109e+04 3.037894335025168289e+02 5.636790845333993216e-01 4.279118806630207716e-01 8.409034803579830408e-03
5.793328357708329713e+04 3.007751215676323113e+02 5.502731348639608999e-01 4.415516265515517791e-01 8.175238584487201296e-03
5.793628368734950345e+04 3.210008802526710951e+02 5.776931372678160148e-01 4.143962594154099732e-01 7.910603316773991145e-03
5.793628576050930133e+04 2.867033547840884466e+02 4.569705619120708606e-01 5.368244845365168771e-01 6.204953551412293461e-03
5.793628783324069809e+04 3.090333892800552462e+02 5.289123792171354088e-01 4.639330383693271997e-01 7.154582413537469501e-03
5.794228447361110011e+04 nan nan nan nan
5.794228652329860051e+04 nan nan nan nan
5.794228856964119768e+04 nan nan nan nan
5.794528865236110141e+04 1.863180241067514942e+02 2.222744809102174812e-01 7.742493803106810235e-01 3.476138779101582005e-03
5.794529069642360264e+04 nan nan nan nan
5.794529273826390272e+04 nan nan nan nan
5.794831481783559866e+04 3.487510426106953787e+02 6.926233357253491763e-01 2.977430146503848851e-01 9.633649624265877912e-03
