5.750823479354169831e+04 3.003587983862140618e+02 5.339450424568308318e-01 4.583363308390364099e-01 7.718626704132631675e-03
5.750823684359950130e+04 3.130304037750227621e+02 5.075779962287206848e-01 4.860001536109503362e-01 6.421850160329010265e-03
5.750823888879630249e+04 3.465443675694719445e+02 5.600989427183837854e-01 4.335207814643549096e-01 6.380275817261320606e-03
5.751127795192129997e+04 5.048074391737514475e+02 6.540952817487218907e-01 3.418040165619487536e-01 4.100701689329524016e-03
5.751128002734950132e+04 5.100312240061531384e+02 6.604139800245163450e-01 3.354909000507399486e-01 4.095119924743724667e-03
5.751128210050929920e+04 5.104776333161354955e+02 6.574896612352846281e-01 3.384585009158327384e-01 4.051837848882741851e-03
5.751622383775460185e+04 nan nan nan nan
5.751622588629629900e+04 nan nan nan nan
5.751622793262729829e+04 nan nan nan nan
5.752032221108800150e+04 nan nan nan nan
5.752032425738430175e+04 nan nan nan nan
5.752032630150460318e+04 nan nan nan nan
5.752333383954859892e+04 1.790645951090301082e+02 2.350863257026452047e-01 7.607038601497172481e-01 4.209814147637683419e-03
5.752333588821760350e+04 1.463255279579300066e+02 2.072228907640018825e-01 7.878786117091994834e-01 4.898497526798697467e-03
5.794831891516200267e+04 5.103842057702164539e+02 6.619429789200791392e-01 3.339486057180206524e-01 4.108415361900236151e-03
5.795131904060189845e+04 4.900095942377411120e+02 6.452248711281256544e-01 3.505402531571027436e-01 4.234875714771617686e-03
5.795132111849539797e+04 5.002371828260618827e+02 6.596154004438820051e-01 3.361378439290498288e-01 4.246755627068219893e-03
5.795132316312500188e+04 4.956840498632573713e+02 6.442249085754400140e-01 3.516494377050581877e-01 4.125653719502018688e-03
5.795434710633099894e+04 nan nan nan nan
5.795434915491900028e+04 nan nan nan nan
5.795435120121530053e+04 nan nan nan nan
5.795825557232640131e+04 4.609488719032182189e+02 5.403548839183814900e-01 4.562886652752251027e-01 3.356450806393384331e-03
5.795825764436340251e+04 4.678499401107448534e+02 5.551302078727571310e-01 4.414310136372784354e-01 3.438778489964536798e-03
5.795825969094909669e+04 4.570721014084247713e+02 5.290223809016373346e-01 4.677056717918372519e-01 3.271947306525404761e-03
5.796226067233800131e+04 3.258944891453952550e+02 4.020809038381659151e-01 5.942011722402585905e-01 3.717923921575681367e-03
5.796226272096070170e+04 4.149582269282571474e+02 5.213506285790154848e-01 4.747938894075660055e-01 3.855482013418641985e-03
5.796226476614580315e+04 4.030892546736174609e+02 5.013618499222795011e-01 4.948595775469088465e-01 3.778572530811827226e-03
5.796526788873840269e+04 9.469968564480963380e+01 1.213864272788506976e-01 8.746005573739947803e-01 4.013015347154589782e-03
5.796526993535880320e+04 1.279275309062266501e+02 1.644392521930261031e-01 8.315251248148438634e-01 4.035622992130007483e-03
5.796527198114580096e+04 7.734901848615645292e+01 9.636842270123441301e-02 8.998402827685798577e-01 3.791294530185703674e-03
5.797027938540509786e+04 2.982274254301875658e+02 2.230513819987091362e-01 7.755823298086167439e-01 1.366288192674208627e-03
5.797028143182869826e+04 2.983131952032907748e+02 2.241802274491502545e-01 7.744404135273780243e-01 1.379359023471655966e-03
5.797028347689809743e+04 2.934596103992035978e+02 2.167931514550645866e-01 7.818738733095156324e-01 1.332975235419728765e-03
5.797328356476849876e+04 nan nan nan nan
5.797328561118060315e+04 nan nan nan nan
5.797328765510419908e+04 nan nan nan nan
5.798009512350690056e+04 5.093732446312785669e+02 6.993932086048677554e-01 2.960021246989748556e-01 4.604666696157437566e-03
5.798009717217589787e+04 5.174524630485034322e+02 7.123570175892685041e-01 2.830140362027538936e-01 4.628946207977766188e-03
5.798009921662040142e+04 5.015898959424772556e+02 6.662779673344084719e-01 3.294123927758695336e-01 4.309639889721943347e-03
5.798336581408559869e+04 4.936457831683546829e+02 6.552299007228593597e-01 3.404669720224418050e-01 4.303127254698894261e-03
5.798336786162039789e+04 4.922727141370328923e+02 6.549686089140054346e-01 3.407076758801147465e-01 4.323715205879972469e-03
5.798336990800929925e+04 4.908835479952597325e+02 6.434432278841579755e-01 3.523602341945775707e-01 4.196537921264611656e-03
5.798637001756940299e+04 4.717735232920861677e+02 6.186483680883450020e-01 3.771516419491806604e-01 4.199989962474419067e-03
5.798637209084490314e+04 4.790917872999013980e+02 6.432346015410852491e-01 3.523625982189129702e-01 4.402800240001940313e-03
5.773313283907409641e+04 nan nan nan nan
5.773313491203699959e+04 nan nan nan nan
5.773313695576389728e+04 nan nan nan nan
5.773613697483800206e+04 nan nan nan nan
5.773613904766199994e+04 nan nan nan nan
5.773614109170140000e+04 3.163175783796659175e+02 3.858973301115423138e-01 6.104675015227202239e-01 3.635168365737574160e-03
5.773914103421299660e+04 2.673814010980727289e+02 2.709271059051313602e-01 7.265652253718987152e-01 2.507668722969996593e-03
5.773914310640050098e+04 2.727648749957058953e+02 2.823828379270975630e-01 7.149994170260117743e-01 2.617745046890716017e-03
5.773914515188660152e+04 2.618658087931079308e+02 2.657259942675280762e-01 7.317590049539178798e-01 2.515000778554121220e-03
5.774214593089120171e+04 3.778912924602292378e+02 5.802480443992253933e-01 4.139932982483015000e-01 5.758657352473024217e-03
5.774214797937499679e+04 3.731678311049316790e+02 5.725280804531029943e-01 4.217226479606704936e-01 5.749271586226604829e-03
5.774215002598379942e+04 3.817547270971564330e+02 6.083105604483269868e-01 3.854877574269676144e-01 6.201682124705355445e-03
5.774603153121530340e+04 nan nan nan nan
5.774603357987270283e+04 4.586317983601649075e+02 6.441569107481375234e-01 3.510249133295564872e-01 4.818175922305956496e-03
5.774603562748840341e+04 4.086756947491238634e+02 5.069650196276409559e-01 4.892763812651327870e-01 3.758599107226379740e-03
5.774910287126160256e+04 nan nan nan nan
5.774910491856480076e+04 nan nan nan nan
5.774910696269680193e+04 nan nan nan nan
5.775210701935189718e+04 4.193489680673301905e+02 6.836188147806970816e-01 3.098902915658406920e-01 6.490893653462180383e-03
5.775210909396989882e+04 4.318052259007247926e+02 7.301055913327295643e-01 2.629117116585019120e-01 6.982697008768534892e-03
5.775211113959489739e+04 3.916379377401669331e+02 6.095492740398398279e-01 3.845340775352641405e-01 5.916648424895955272e-03
5.785731888864580105e+04 nan nan nan nan
5.785732096162039670e+04 nan nan nan nan
5.785732303363429673e+04 nan nan nan nan
5.787323558943290118e+04 nan nan nan nan
5.787323766340279690e+04 nan nan nan nan
5.787323970866900345e+04 2.950858216081063006e+02 7.537261201861309434e-01 2.303386591022029972e-01 1.593522071166604201e-02
5.787636561278929730e+04 5.606836617278847825e+02 7.110037144637180173e-01 2.850686102664594102e-01 3.927675269822678353e-03
5.787636768714120262e+04 5.616608290011157578e+02 7.048922300436070154e-01 2.912607467107222181e-01 3.847023245671005436e-03
5.787636973238430073e+04 5.667135119027141172e+02 7.177111949125046797e-01 2.783713868308656525e-01 3.917418256629808318e-03
5.790336961260419775e+04 5.168738996108786523e+02 6.859398757079516740e-01 3.097585192433344181e-01 4.301605048714001595e-03
5.759727180795140157e+04 2.107617131370388392e+02 2.465570090032783990e-01 7.501004333734717644e-01 3.342557623249844869e-03
5.759727385310189857e+04 1.055269142409720189e+02 1.296477894507230000e-01 8.666655649398357086e-01 3.686645609441418451e-03
5.760041507263889798e+04 5.040833477942558147e+02 6.276975963296237415e-01 3.685151546114788235e-01 3.787249058897490528e-03
5.760041711899310030e+04 5.131389888842078335e+02 6.392607284801200551e-01 3.569486217578992648e-01 3.790649761980794535e-03
5.760041916413189756e+04 5.135362560687406130e+02 6.430520067911689175e-01 3.531181798325659371e-01 3.829813376265183561e-03
5.760342213885419915e+04 5.196103699342876325e+02 6.842998063477530035e-01 3.114641068407452695e-01 4.236086811501769446e-03
5.760342418274310330e+04 5.155051958217077299e+02 6.677109182758005357e-01 3.281913973965762121e-01 4.097684327623341526e-03
5.760342622562500037e+04 5.008499180495875294e+02 6.337111770104232322e-01 3.623786573331130301e-01 3.910165656463814032e-03
5.760642632716440130e+04 5.549761698774201477e+02 8.219359434863300340e-01 1.727066461723959778e-01 5.357410341273913593e-03
5.760642838563660189e+04 5.239298915594911250e+02 7.431319304725684249e-01 2.519543187234400405e-01 4.913750803991526715e-03
5.760643043196760118e+04 5.591000569808005594e+02 8.491803259392866066e-01 1.451852645111654239e-01 5.634409549548035495e-03
5.760943056070600142e+04 6.012357233927901916e+02 9.754962969578089282e-01 1.807402342275938809e-02 6.429679619431713164e-03
5.760943263361109712e+04 5.539703913441439909e+02 8.317199264500986233e-01 1.627744217203067612e-01 5.505651829594609449e-03
5.760943467989579949e+04 4.517870790759820920e+02 5.551219399175270075e-01 4.411905194954846565e-01 3.687540586988429653e-03
5.761321910018519702e+04 5.710631282795304742e+02 7.801741253845771995e-01 2.152671591913868643e-01 4.558715424035965705e-03
5.761322127516200271e+04 5.796164671699174278e+02 7.861623754217959004e-01 2.093442697335733127e-01 4.493354844630921378e-03
5.761322332181710226e+04 6.090249130398876787e+02 8.598480062944853231e-01 1.352834295493613170e-01 4.868564156153288788e-03
5.761623691380790115e+04 3.019591986728225379e+02 2.173963555052309538e-01 7.813376388940554973e-01 1.266005600713479345e-03
5.761623896099539706e+04 2.728673328227848174e+02 1.746303858200474179e-01 8.243692360876999636e-01 1.000378092252561827e-03
5.761624100755790278e+04 2.874419335969876101e+02 1.952152081832904951e-01 8.036582308954405285e-01 1.126560921269033040e-03
5.761939315737270226e+04 2.831910085283063268e+02 2.064666717245401684e-01 7.922350474870161197e-01 1.298280788443626757e-03
5.761939520490739960e+04 2.886170276949530944e+02 2.135526787481969724e-01 7.851101292067819148e-01 1.337192045021088705e-03
5.761939725003470085e+04 2.793440492378740032e+02 2.013618618913528835e-01 7.973690165394884399e-01 1.269121569158698044e-03
5.762318496390050132e+04 4.536358185648038557e+02 4.925565705418377127e-01 5.045638756830317373e-01 2.879553775130625024e-03
5.762318700912039640e+04 4.753213762590614238e+02 5.322538226978368314e-01 4.646835755709167737e-01 3.062601731246416582e-03
5.762318905652780086e+04 5.119858814182052811e+02 6.155885400514315986e-01 3.808805005836798374e-01 3.530959364888557484e-03
5.762618919959489722e+04 5.006226035575134006e+02 6.133865355961692911e-01 3.829467658676784514e-01 3.666698536152328183e-03
5.762619125050929870e+04 5.066116718709274096e+02 6.249787199415194339e-01 3.713041503605219451e-01 3.717129697958575923e-03
5.762619330261569849e+04 5.142146339447725722e+02 6.408804272661329238e-01 3.553256123689987334e-01 3.793960364868411827e-03
5.762928869053239760e+04 4.709620243075414123e+02 5.339804544164228339e-01 4.628797123699981975e-01 3.139833213578932178e-03
5.762929076252310188e+04 4.762684713964356433e+02 5.470387864531233157e-01 4.497389562782566075e-01 3.222257268620261524e-03
5.752333793572919967e+04 nan nan nan nan
5.755737465321760101e+04 4.139858475943980807e+02 3.917904867299140670e-01 6.060219308707803787e-01 2.187582399305468880e-03
5.759726976038190332e+04 1.242855888226493875e+02 1.613445816222614793e-01 8.345392336301125091e-01 4.116184747626115692e-03
5.762929280788190226e+04 4.772119432113152584e+02 5.464690243362994027e-01 4.503281291425092481e-01 3.202846521191278148e-03
5.772813550339119683e+04 nan nan nan nan
5.790337165991900110e+04 5.126052389593753560e+02 6.750145554047283225e-01 3.207501089691537355e-01 4.235335626118081655e-03
5.792224230149309733e+04 7.076347616043435096e+01 9.979659026027906665e-02 8.953455974942337026e-01 4.857812245487255071e-03
5.794831686872689897e+04 5.096016747738846107e+02 6.686073995819059590e-01 3.271881590438982523e-01 4.204441374195882347e-03
5.798637413616899721e+04 4.665568093220727519e+02 6.079074834594984100e-01 3.879459030928154584e-01 4.146613447686191452e-03
5.802708766583329998e+04 nan nan nan nan
5.752940620478009805e+04 5.088851395133291931e+02 6.040685934947964686e-01 3.924898047641960930e-01 3.441601741007586750e-03
5.752940825335650152e+04 5.160752072591437809e+02 6.191322817260431766e-01 3.773523685002413974e-01 3.515349773715393481e-03
5.752941032322919636e+04 5.250112897775546799e+02 6.379124223403614957e-01 3.584816876872857216e-01 3.605889972352793477e-03
5.753429089564809692e+04 5.610468838781515615e+02 7.244700278543511063e-01 2.714573869925881455e-01 4.072585153060782892e-03
5.753429294650460361e+04 6.072242909446522390e+02 8.427621605764086254e-01 1.525330583440341059e-01 4.704781079557282530e-03
5.753429499166669848e+04 5.803905517132920977e+02 7.642416621493069995e-01 2.315233868691828067e-01 4.234950981510332557e-03
5.754629497972220270e+04 5.059601112578917537e+02 6.007548382923398878e-01 3.958017446022826791e-01 3.443417105377458327e-03
5.754629702839120000e+04 5.049989068407485320e+02 5.970089515102116051e-01 3.995774813681295945e-01 3.413567121658847223e-03
5.754629907357640332e+04 5.102480662505111582e+02 6.092616241863021420e-01 3.872560247611033790e-01 3.482351052594549225e-03
5.755039358618060214e+04 5.392188793681804100e+02 6.639271432389785010e-01 3.323699881144337454e-01 3.702868646587861596e-03
5.755039571016200352e+04 5.331125876529179095e+02 6.463544473185331984e-01 3.500552484936604314e-01 3.590304187806478160e-03
5.755039775870370067e+04 5.425745951169875525e+02 6.679737601646659195e-01 3.283243155492021614e-01 3.701924286131921208e-03
5.755426286537040141e+04 4.518931105284134446e+02 7.543113070687530453e-01 2.388832337700008412e-01 6.805459161246097018e-03
5.755426493841440242e+04 3.949376626111171618e+02 6.107527889455852677e-01 3.834060194599824833e-01 5.841191594432340074e-03
5.755426700672449806e+04 5.735204442646409007e+02 8.444183787702517208e-01 1.502868745860558852e-01 5.294746643692443445e-03
5.755737257791669981e+04 4.809474223403301494e+02 5.338761169078493074e-01 4.631142509242336391e-01 3.009632167917033509e-03
5.790337370518520038e+04 5.191512618760770010e+02 6.843906466627793783e-01 3.113646441610105065e-01 4.244709176210149926e-03
5.790637381167819694e+04 5.135381708771462854e+02 6.476749524360987387e-01 3.484399996346781436e-01 3.885047929223215714e-03
5.790637585583329928e+04 5.095794115905393937e+02 6.442011656868867897e-01 3.518953997461932715e-01 3.903434566920040323e-03
5.790637790084489825e+04 5.393009112325340766e+02 7.082968898895750653e-01 2.874900660750491221e-01 4.213044035375895779e-03
5.790937800020830036e+04 nan nan nan nan
5.790938007233799726e+04 nan nan nan nan
5.790938211894679989e+04 nan nan nan nan
5.791335360002310335e+04 2.712881732887068438e+02 1.891708840990413976e-01 8.096415041077640318e-01 1.187611793194516888e-03
5.791335564643520047e+04 2.736781462279402035e+02 1.915000947858906399e-01 8.073040313221206965e-01 1.195873891988537361e-03
5.791335771677079902e+04 2.719831001668785007e+02 1.880565459391406180e-01 8.107757824869928909e-01 1.167671573866464231e-03
5.791635771358799684e+04 2.499483451283264230e+02 1.604556029277889595e-01 8.385378435355380633e-01 1.006553536672943373e-03
5.791635976077550004e+04 2.498985864654058844e+02 1.601363559415941995e-01 8.388606925847391649e-01 1.002951473666615452e-03
5.791636182935190300e+04 2.563278283397573887e+02 1.665744830388863618e-01 8.323940553501089079e-01 1.031461611004649013e-03
5.792223818324069725e+04 7.131389354267903968e+01 9.176220275662660963e-02 9.041938358504265638e-01 4.043961392946873387e-03
5.792224023196759663e+04 nan nan nan nan
5.763230957098380168e+04 5.598148974916200586e+02 7.700910700621077520e-01 2.252870047800117070e-01 4.621925157880708325e-03
5.763231162777780264e+04 5.560558089745338748e+02 7.626507525903608586e-01 2.327547048458918910e-01 4.594542563747462845e-03
5.763231367187500291e+04 5.527539513473094530e+02 7.532074147328390312e-01 2.422574202008229149e-01 4.535165066338082453e-03
5.769003383031250269e+04 4.821413749521471459e+02 5.864064312418726388e-01 4.099804995360861182e-01 3.613069222041438624e-03
5.769003590199069731e+04 5.019999361253345000e+02 6.314995471062232468e-01 3.646353024731665560e-01 3.865150420610359398e-03
5.769003794601849950e+04 4.850038623937435318e+02 5.985042441966540450e-01 3.977763658674074443e-01 3.719389935938614399e-03
5.769427015548609779e+04 4.735470401799760793e+02 8.208413561452367890e-01 1.718199318907343287e-01 7.338711964028893538e-03
5.769427222827549849e+04 4.476823796895802730e+02 7.393739657409731381e-01 2.539638606883168892e-01 6.662173570710039523e-03
5.769427429901620053e+04 4.520877236074958887e+02 7.587323896290466552e-01 2.343880694657367314e-01 6.879540905216654199e-03
5.770016264601849980e+04 4.749823666857904527e+02 6.160567818174722543e-01 3.798344262583897568e-01 4.108791924137988015e-03
5.770016469395830063e+04 4.741717284865658257e+02 6.163331552341374531e-01 3.795402921603818758e-01 4.126552605480678093e-03
5.770016674040509679e+04 4.922191766348506690e+02 6.607528954938234333e-01 3.348457259050076074e-01 4.401378601169129295e-03
5.770321977893519943e+04 nan nan nan nan
5.770322185409720259e+04 nan nan nan nan
5.770322392438659881e+04 nan nan nan nan
5.770724706540509942e+04 nan nan nan nan
5.770724911196759786e+04 nan nan nan nan
5.770725116266200348e+04 nan nan nan nan
5.771122231931710121e+04 2.533550809189044060e+02 2.335231811387464551e-01 7.644017696694446196e-01 2.075049191808856809e-03
5.771122439228009898e+04 2.419784989610234902e+02 2.146058402170850921e-01 7.834730280161371629e-01 1.921131766777746733e-03
5.771122646682870254e+04 2.233761055480037783e+02 1.865916533718092185e-01 8.117040757108781035e-01 1.704270917312718323e-03
5.771422651776619750e+04 nan nan nan nan
5.771422857567130268e+04 nan nan nan nan
5.771423062320600002e+04 nan nan nan nan
5.772020971459490102e+04 3.374020651195559140e+02 4.576264140892026266e-01 5.378804005844249891e-01 4.493185326372539472e-03
5.772021178789350233e+04 3.270990647821180914e+02 4.325386484822927313e-01 5.631904567582612930e-01 4.270894759446074510e-03
5.772021386024310050e+04 3.312089327921645463e+02 4.529396540516846814e-01 5.424925757944035754e-01 4.567770153911813492e-03
5.772421063494210102e+04 nan nan nan nan
5.772421270884259866e+04 nan nan nan nan
5.772813138064809755e+04 nan nan nan nan
5.772813342998839653e+04 nan nan nan nan
5.799016862412040064e+04 4.479790919917173255e+02 5.197934009150371182e-01 4.769182821443888054e-01 3.288316940574281984e-03
5.799017067341440270e+04 4.613012689392654693e+02 5.496024290206527052e-01 4.469305567395522871e-01 3.467014239795215835e-03
5.799017272325229715e+04 4.499023586834102844e+02 5.195774023788133356e-01 4.771650437566148373e-01 3.257553864571886143e-03
5.799317281408570125e+04 nan nan nan nan
5.799317489197920077e+04 nan nan nan nan
5.799317696175930178e+04 nan nan nan nan
5.799617709755789838e+04 nan nan nan nan
5.799617914864580234e+04 nan nan nan nan
5.799618119494210259e+04 2.148903194746930865e+02 3.940361868348893348e-01 5.977514877650599301e-01 8.212325400050627527e-03
5.800014257973380154e+04 nan nan nan nan
5.800014462671300134e+04 nan nan nan nan
5.800014669960649917e+04 nan nan nan nan
5.800314683020830125e+04 nan nan nan nan
5.800314890200230002e+04 nan nan nan nan
5.800315097386569687e+04 nan nan nan nan
5.800711306057869660e+04 4.446461767657306154e+02 5.247448669822795120e-01 4.718534416323088565e-01 3.401691385411760755e-03
5.800711510732639726e+04 4.459209506194652590e+02 5.237052630117897678e-01 4.729258552990343589e-01 3.368881689176008148e-03
5.800711715050930070e+04 4.307926923101683201e+02 4.835218112215959319e-01 5.134012197787283238e-01 3.076968999675892651e-03
5.801011732460650092e+04 nan nan nan nan
5.801011937150460290e+04 nan nan nan nan
5.801012141791670001e+04 nan nan nan nan
5.801707824304400128e+04 nan nan nan nan
5.801708028812499833e+04 nan nan nan nan
5.801708233447920065e+04 nan nan nan nan
5.802104939627309795e+04 nan nan nan nan
5.802105144168980041e+04 nan nan nan nan
5.802105348754629813e+04 nan nan nan nan
5.802408142475689965e+04 nan nan nan nan
5.802408347208330088e+04 3.104437926173482083e+02 4.254384963817136600e-01 5.699744349008781796e-01 4.587068717408313012e-03
5.802408551613429881e+04 2.904234781911779919e+02 3.880581480613913836e-01 6.075811359137093248e-01 4.360716024899530079e-03
5.802708559285879892e+04 nan nan nan nan
5.802708970991899696e+04 nan nan nan nan
5.804723603105320217e+04 3.914146871409083701e+02 4.696973451383462672e-01 5.267855152133449348e-01 3.517139648308850904e-03
5.804723807749999833e+04 3.731546385090950935e+02 4.284772189887020577e-01 5.683024136146641592e-01 3.220367396633785732e-03
5.804724014932870341e+04 3.978301647939682653e+02 4.850227482147339564e-01 5.113468354407045835e-01 3.630416344561522568e-03
5.805024026468749798e+04 1.834390049130646787e+02 2.949246341780454861e-01 6.987619213647628946e-01 6.313444457191664388e-03
5.805024233653939882e+04 3.872466149560716531e+02 5.667874402444037507e-01 4.279802576385005608e-01 5.232302117095659864e-03
5.805024438494210335e+04 4.249124036476482047e+02 6.370691267244018574e-01 3.574404991709609902e-01 5.490374104637235630e-03
5.805327577043980273e+04 3.677776118081368395e+02 4.933371645237960568e-01 5.022679786940665858e-01 4.394856782137310583e-03
5.805327784341439838e+04 2.601953538284290630e+02 3.738322695873553259e-01 6.211259707748368886e-01 5.041759637807727464e-03
5.805327991408570233e+04 3.636060874656162127e+02 4.913891717039897689e-01 5.041499896956289639e-01 4.460838600381413811e-03
5.805628832104169851e+04 4.657096513077692066e+02 8.954602177703736565e-01 9.550974058452371684e-02 9.030041645102597145e-03
5.805629039309029758e+04 4.185505219803685009e+02 7.381524480426234769e-01 2.542508692052419805e-01 7.596682752134513092e-03
5.805629246236110339e+04 4.608180002430241302e+02 9.008828787255716009e-01 8.978231233187332350e-02 9.334808942554987179e-03
5.806222355206019711e+04 3.300191955640291326e+02 3.693241897201088864e-01 6.276169140679797032e-01 3.058896211911490710e-03
5.806222562383100012e+04 2.997637149775316630e+02 3.044198459277252522e-01 6.930612279168397727e-01 2.518926155435060113e-03
5.806222766803239938e+04 2.942196024755937742e+02 2.954435756668718494e-01 7.020935994666509528e-01 2.462824866477211772e-03
5.806522972351850331e+04 nan nan nan nan
5.806523176767359837e+04 nan nan nan nan
5.806523383688659669e+04 4.643115079830104150e+02 8.445421489021457395e-01 1.473771061513943215e-01 8.080744946459912995e-03
5.806823395875000278e+04 4.236838331035098690e+02 6.722460874146259924e-01 3.216049702764977036e-01 6.148942308876276241e-03
5.806823600857640122e+04 4.291972962415077859e+02 6.940335638021888354e-01 2.995797639514508615e-01 6.386672246360231182e-03
5.806823805357640231e+04 4.166492825720019937e+02 6.578325839141797582e-01 3.360788205796452766e-01 6.088595506175003419e-03
5.807123806574069749e+04 4.073859933846466674e+02 6.905135668283712835e-01 3.024692973569324539e-01 7.017135814696207063e-03
5.807124011413189874e+04 4.038133256582902959e+02 6.867380812427784642e-01 3.061979526686481323e-01 7.063966088573274231e-03
5.807124218600690074e+04 3.969839893118991654e+02 6.680240298057218418e-01 3.250597975845382348e-01 6.916172609739896539e-03
5.755737672369209758e+04 4.351824458432472511e+02 4.328707371664439751e-01 5.647126818421833727e-01 2.416580991372694210e-03
5.756133022916669870e+04 2.962435045591860785e+02 1.958543825179155651e-01 8.030780470144178729e-01 1.067570467666546872e-03
5.756133227755789994e+04 2.915459645856122961e+02 1.901820430929474781e-01 8.087786290084082452e-01 1.039327898644228521e-03
5.756133432156249910e+04 2.839250251000422054e+02 1.788584559409385766e-01 8.201722863904474803e-01 9.692576686139472552e-04
5.756640274435179890e+04 6.272394369459282188e+02 9.115629922345555025e-01 8.327837876799018546e-02 5.158628997454304220e-03
5.756640565740739839e+04 6.471444941045849646e+02 9.603954542908372805e-01 3.422525137932508343e-02 5.379294329837542438e-03
5.756640813357639854e+04 6.420907852733635082e+02 9.493318363124783055e-01 4.532902929025812294e-02 5.339134397263607147e-03
5.756940826380789804e+04 3.112502628973805372e+02 3.238802423490018123e-01 6.734750535157674189e-01 2.644704135230784795e-03
5.756941031233799731e+04 3.641535731121438744e+02 3.731740940448517452e-01 6.242609408568784435e-01 2.564965098269924963e-03
5.756941235986109677e+04 3.863134260636800832e+02 4.216747212473482831e-01 5.754152105607207579e-01 2.910068191930952064e-03
5.757335477071759669e+04 nan nan nan nan
5.757335681866900268e+04 nan nan nan nan
5.757335886174769985e+04 nan nan nan nan
5.757635904164350359e+04 5.526978363252831059e+02 7.059725756889043691e-01 2.900424294143529869e-01 3.984994896742741211e-03
5.757636109031250089e+04 5.533049429513908990e+02 7.026853155601647805e-01 2.933753732215462762e-01 3.939311218289056130e-03
5.757636313547450118e+04 5.452259919559018044e+02 6.830900940891441175e-01 3.130760965873176649e-01 3.833809323538301273e-03
5.758129654758099787e+04 5.103019195775970047e+02 6.152489345100990992e-01 3.812006843854623406e-01 3.550381104438729389e-03
5.758129862053239776e+04 4.991097920796655103e+02 5.837283886144454259e-01 4.129307605444462181e-01 3.340850841108489091e-03
5.758130066709490347e+04 5.153025526414741080e+02 6.141893526988307928e-01 3.823408219458792057e-01 3.469825355290032370e-03
5.758430065474539879e+04 4.747116951555083801e+02 5.257380322440445841e-01 4.712662108780955594e-01 2.995756877860052039e-03
5.758430269878469699e+04 4.858411589276930727e+02 5.522165048712905921e-01 4.446280706191458876e-01 3.155424509563594434e-03
5.758430476832180284e+04 4.786802826845768664e+02 5.348512296814522671e-01 4.620994534475160731e-01 3.049316871031797736e-03
5.758735471921299904e+04 nan nan nan nan
5.758735676368059649e+04 nan nan nan nan
5.758735880907410319e+04 nan nan nan nan
5.759041060892360110e+04 1.605785907590388319e+02 1.066609796086683826e-01 8.922614057369367968e-01 1.077614654394849682e-03
5.759041265638890036e+04 2.650532927170988273e+02 2.106666714051014799e-01 7.877903748881455170e-01 1.542953706752934941e-03
5.759041472459489887e+04 2.032628568033381669e+02 1.513649474413139573e-01 8.472806049352361590e-01 1.354447623449834453e-03
5.759342014512729656e+04 5.436002534399146953e+02 6.958224116513843649e-01 3.001756982154309417e-01 4.001890133184691709e-03
5.759342219388890226e+04 5.214981259038323742e+02 6.378323464357659178e-01 3.585139339834632621e-01 3.653719580770936268e-03
5.759342423879630223e+04 5.293799038084546282e+02 6.564102888235541222e-01 3.398344210527685649e-01 3.755290123677272086e-03
5.792526005879630247e+04 4.287960618094871279e+02 5.624456267159454459e-01 4.333520723522633622e-01 4.202300931791242214e-03
5.792526223586809647e+04 4.292735606579514069e+02 5.661443297941515240e-01 4.296073848586907107e-01 4.248285347157719320e-03
5.792526430643520143e+04 4.161470980169920608e+02 5.702510707962250569e-01 4.251625905999997790e-01 4.586338603775295085e-03
5.793327861822919658e+04 5.076586901738676829e+02 7.341052713843176925e-01 2.607873192040920940e-01 5.107409411590266464e-03
5.793328153189810109e+04 4.916342330413332888e+02 6.833097484806447408e-01 3.119720266114142104e-01 4.718224907941021874e-03
5.793328357708329713e+04 4.775444441147588464e+02 6.381087141577672650e-01 3.575302526261364688e-01 4.361033216096263550e-03
5.793628368734950345e+04 4.630522939646407394e+02 5.502667240821855765e-01 4.462841102187688480e-01 3.449165699045706000e-03
5.793628576050930133e+04 4.742689440965670542e+02 5.700519244251230910e-01 4.264194376724911861e-01 3.528637902385689876e-03
5.793628783324069809e+04 4.683184694986170484e+02 5.497179725141928541e-01 4.469167185589236202e-01 3.365308926883602437e-03
5.794228447361110011e+04 nan nan nan nan
5.794228652329860051e+04 1.947776096023333139e+02 1.272101555439429932e-01 8.717480233752786800e-01 1.041821080778322682e-03
5.794228856964119768e+04 nan nan nan nan
5.794528865236110141e+04 2.163813195079088416e+02 1.356161394438733792e-01 8.634244359293847815e-01 9.594246267417666204e-04
5.794529069642360264e+04 2.172975723150626095e+02 1.380166682373246412e-01 8.609980034394969506e-01 9.853283231784570276e-04
5.794529273826390272e+04 2.555871176579182134e+02 1.895083375620963684e-01 8.091488778124721337e-01 1.342784625431508744e-03
5.794831481783559866e+04 5.093188765794391202e+02 6.725659251496308721e-01 3.231749750864794102e-01 4.259099763889754101e-03
