5.759899691599999642e+04 3.394787922055537024e+02 4.669723214519876930e-01 1.627762663525195858e-02 5.167500519127603553e-01
5.756209504600000218e+04 3.390352734334060756e+02 4.691681912024091017e-01 7.844805056122033937e-03 5.229870037414688921e-01
5.756912056199999643e+04 3.058365676622203182e+02 4.347155504094877831e-01 1.351827136648858091e-02 5.517661782240237400e-01
5.752321562999999878e+04 1.504211938567966911e+02 2.477900061853388625e-01 1.111640384947774896e-02 7.410935899651833747e-01
5.788727594600000157e+04 2.809035524948365037e+02 3.972596273241679743e-01 5.653251343176132759e-02 5.462078592440707814e-01
5.773335736400000314e+04 3.184211588914670870e+02 4.490320116765684766e-01 7.874850498462057299e-03 5.430931378249694852e-01
5.779425246399999742e+04 nan nan nan nan
5.759101800399999775e+04 2.293685532246958019e+02 3.192176954491252050e-01 1.518139249464654783e-01 5.289683796044093445e-01
5.755421884200000204e+04 1.560059473020734799e+02 2.439648033586440667e-01 8.815958123379769029e-02 6.678756154075581319e-01
5.769338857200000348e+04 3.172478835674884294e+02 4.491171922095240077e-01 3.557613761190355373e-03 5.473251940292855888e-01
5.754707057399999758e+04 nan nan nan nan
5.791805034999999771e+04 2.731112825098194321e+02 4.022472452082112016e-01 5.331788694872247915e-03 5.924209660969165236e-01
5.758399498599999788e+04 nan nan nan nan
5.795602811600000132e+04 4.156678949815626538e+02 5.378866829101807134e-01 4.801771231512224139e-03 4.573115458583070225e-01
5.786411311399999977e+04 2.973537889198948960e+02 4.244224722308327369e-01 1.919519063125788016e-02 5.563823371379094107e-01
5.778635394800000358e+04 3.201847035634617100e+02 4.490737777774840289e-01 1.369928685194944824e-02 5.372269353705665385e-01
5.796499549400000251e+04 1.619243320543475875e+02 2.644253206925074040e-01 7.282917616905865664e-03 7.282917616905867364e-01
5.753021978400000080e+04 3.489331723737732887e+02 4.777642875163988223e-01 1.023991593105100240e-02 5.119957965525502308e-01
5.771136154666999937e+04 1.114890014287290825e+02 1.808786134777158883e-01 1.002785725492396918e-01 7.188428139730443922e-01
5.780125667999999860e+04 3.058339375186328652e+02 4.378919410376518329e-01 2.239474338495409632e-03 5.598685846238526942e-01
5.774928413600000204e+04 3.290691413991818308e+02 4.611009842143485860e-01 2.681089630774385196e-03 5.362179261548769560e-01
5.775723464399999648e+04 3.409209109953077927e+02 4.704934985366104883e-01 9.362590399156201643e-03 5.201439110642332997e-01
5.791098640000000159e+04 nan nan nan nan
5.777234083999999712e+04 2.910432712676586675e+02 4.042795412749287109e-01 6.876737714606086238e-02 5.269530815790104405e-01
5.780936923199999728e+04 2.795475904355704415e+02 4.086919986671003202e-01 7.588355397164557072e-03 5.837196459357351097e-01
5.789498855200000253e+04 4.297297943197486347e+02 5.421175142546319492e-01 2.325269386556923223e-02 4.346297918797987769e-01
5.787822426000000269e+04 nan nan nan nan
5.772634468200000265e+04 3.288732343445854553e+02 4.614720510884625093e-01 8.065820502918688920e-04 5.377213668612457198e-01
5.770135188400000334e+04 3.245959337270041942e+02 4.572515015882803735e-01 8.129033925287852116e-04 5.419355950191907523e-01
5.774123006200000236e+04 3.204878955205526836e+02 4.509407630517323073e-01 8.380520110977991363e-03 5.406787168372897412e-01
5.793309171000000060e+04 nan nan nan nan
5.792505889800000296e+04 nan nan nan nan
5.781719103599999653e+04 3.119873704819206637e+02 4.394555993553878603e-01 1.869384419742785644e-02 5.418505564471842728e-01
5.751604265999999916e+04 3.509111729877124048e+02 4.801023818727675474e-01 8.690520656994054835e-03 5.112070974702384030e-01
5.790323814000000129e+04 3.477044737852039020e+02 4.370719303388709842e-01 1.314002278358097076e-01 4.315278418253192250e-01
5.776435963400000037e+04 3.301959545510149496e+02 4.560697975380366143e-01 2.292426140644290497e-02 5.210059410555204495e-01
5.771925050200000260e+04 3.102330691598404542e+02 4.402913232787266096e-01 9.626439157368342839e-03 5.500822375639050632e-01
5.794902391799999896e+04 3.316165127610109380e+02 4.531262804552779744e-01 3.696815353565719581e-02 5.099055660090647812e-01
