5.755422095200000331e+04 2.820761121784103693e+02 2.024789371588418818e-01 9.392947674397407465e-02 7.035915860971840852e-01
5.756209713000000193e+04 7.190232985102933299e+02 4.378757243823545586e-01 5.570600929544233110e-02 5.064182663222031033e-01
5.770135396400000172e+04 6.882276284509636071e+02 4.262328920609663174e-01 5.001803633790754405e-02 5.237490716011261593e-01
5.772634675399999833e+04 7.126264306120207266e+02 4.339369645448424850e-01 5.974547243623307829e-02 5.063175630189242771e-01
5.756912264600000344e+04 5.554463107281334260e+02 3.543831937114613750e-01 8.976936221747651434e-02 5.558474440710621245e-01
5.788727804399999877e+04 4.360908381294351557e+02 3.037472134516428501e-01 3.378581552232751140e-02 6.624669710260295830e-01
5.754707267400000273e+04 7.437891850514839689e+02 4.570537801761350716e-01 2.732777744602548492e-02 5.156184423778393811e-01
5.774123215599999821e+04 6.482167143401692329e+02 3.741192334197566138e-01 1.710255583097176346e-01 4.548552082705257238e-01
5.792506100400000287e+04 1.012949910524223924e+03 5.403400475457594831e-01 7.110547024440067032e-02 3.885544822098397910e-01
5.751604474399999890e+04 7.467691606335230290e+02 4.411824236990355974e-01 8.221409971165576092e-02 4.766034765893086278e-01
5.781719312199999695e+04 7.063308187574796193e+02 4.283221586186390373e-01 6.954535004946725552e-02 5.021324913318936378e-01
5.794902591750000283e+04 7.757270476728566564e+02 4.661740148584345711e-01 4.068419748192068919e-02 4.931417876596447258e-01
5.791805243000000337e+04 7.963329537599603327e+02 4.747138745214425914e-01 4.003335367388544119e-02 4.852527718046720229e-01
5.771136364332999801e+04 4.778409374335890334e+02 3.042298572363875686e-01 1.422537205173018127e-01 5.535164222463105910e-01
5.780125876599999901e+04 6.662668432406487682e+02 3.923781320508312742e-01 1.340272709505960502e-01 4.735945969985727033e-01
5.776436173199999757e+04 7.440052499073127592e+02 4.441136527178891069e-01 6.933374572227639365e-02 4.865526015598344300e-01
5.752321772999999666e+04 2.277034515927361724e+02 1.744517958826976856e-01 2.404509332380492387e-02 8.015031107934974530e-01
5.786411510249999992e+04 6.935526357841434901e+02 4.258170236450488644e-01 5.945148701837459776e-02 5.147314893365766419e-01
5.773335945999999967e+04 7.080391128813221258e+02 4.347427690341826301e-01 5.045100968547367587e-02 5.148062212803437010e-01
5.790324025799999799e+04 9.123570931615983000e+02 5.294126219183880044e-01 1.080488850504922153e-02 4.597824895765627029e-01
5.771925258400000166e+04 6.665045643545172425e+02 4.231591351752455599e-01 2.642019228204981612e-02 5.504206725427045477e-01
5.753022185000000172e+04 7.516275810176692858e+02 4.614311668802308364e-01 2.393067438133708938e-02 5.146381587384321055e-01
5.774928621600000042e+04 7.258022197082641469e+02 4.474793076864931329e-01 3.347823828484845776e-02 5.190424540286582289e-01
5.780937131200000294e+04 6.133864784923059688e+02 3.654105586901033598e-01 1.499850569571691272e-01 4.846043843527274020e-01
5.759899903600000107e+04 7.251388075295305953e+02 4.298814739057901790e-01 9.022077685665945423e-02 4.798977492375502973e-01
5.787822632400000293e+04 1.034764169184705906e+03 5.567178052589560888e-01 4.802388467323838450e-02 3.952583100678056516e-01
5.793309379199999967e+04 1.001865644955964285e+03 5.646846729275822874e-01 1.518289631044804659e-03 4.337970374413728236e-01
5.779425455399999919e+04 7.383591137812525176e+02 4.577812268931805706e-01 1.732160649808812958e-02 5.248971666087313137e-01
5.769339066399999865e+04 6.866993138916726593e+02 4.335038470159297552e-01 2.231156798496337565e-02 5.441845849991068240e-01
5.778635604199999943e+04 7.362003652300913927e+02 4.527744826129366240e-01 3.073139998539902579e-02 5.164941174016642877e-01
5.758399705600000016e+04 7.303121692198393475e+02 4.483345896067434944e-01 3.705215442939782666e-02 5.146132559638587622e-01
5.789499064199999702e+04 1.036716407704162521e+03 5.738622716780074073e-01 7.740351471729860384e-03 4.183973768502627366e-01
5.775723675499999808e+04 6.714388145157939789e+02 3.752815051033795424e-01 1.981438995421510307e-01 4.265745953544694546e-01
5.777234281500000361e+04 5.911952256939150629e+02 3.242188351180498307e-01 2.650967741910050246e-01 4.106843906909450892e-01
